lhs	op	rhs	block	group	label	est	se	z	pvalue	ci.lower	ci.upper	std.lv	std.all
Belong	=~	sbvalued	1	1		1	0	NA	NA	1	1	0.658211415043295	0.872139414402377
Belong	=~	sbmyself	1	1	.p2.	0.998605950262383	0.0151755467896389	65.8036223738692	0	0.968862425108988	1.02834947541578	0.657293835592857	0.846428075843745
Belong	=~	sbcommunity	1	1	.p3.	1.026287246758	0.0142996914772652	71.7698873706247	0	0.998260366472528	1.05431412704348	0.675513980929472	0.897979861612803
Gains	=~	pganalyze	1	1		1	0	NA	NA	1	1	0.48361712029548	0.707316069344845
Gains	=~	pgthink	1	1	.p5.	1.032461286001	0.023019282483744	44.8520185948507	0	0.987344321382912	1.0775782506191	0.499315953952373	0.777065273910826
Gains	=~	pgwork	1	1	.p6.	1.04451026573977	0.0243106424624378	42.9651444775118	0	0.996862282072366	1.09215824940718	0.505143046836136	0.744595423383017
Gains	=~	pgvalues	1	1	.p7.	1.04372002194673	0.0248078030141588	42.0722472421698	0	0.995097621503418	1.09234242239005	0.504760871408614	0.70558545901501
Gains	=~	pgprobsolve	1	1	.p8.	1.02768214191042	0.02377207801806	43.2306397921828	0	0.981089725157345	1.07427455866349	0.497004678049807	0.755320032717826
SupportEnv	=~	SEacademic	1	1		1	0	NA	NA	1	1	0.584238168118164	0.830942263939652
SupportEnv	=~	SEwellness	1	1	.p10.	0.975326578083873	0.016321457021446	59.757322940122	0	0.94333711014662	1.00731604602113	0.569823013296679	0.808444373430169
SupportEnv	=~	SEnonacad	1	1	.p11.	0.949025381957326	0.017828124654739	53.2319242958097	0	0.914082899722147	0.983967864192505	0.554456850652389	0.745775567570752
SupportEnv	=~	SEactivities	1	1	.p12.	0.945121517135085	0.0185026099979694	51.0804430963419	0	0.908857067919074	0.981385966351096	0.552176063820062	0.713837758463732
SupportEnv	=~	SEdiverse	1	1	.p13.	0.951651021163858	0.0165171652152806	57.6158807374193	0	0.919277972215211	0.984024070112506	0.555990849292553	0.769155375406828
Satisf	=~	sameinst	1	1		1	0	NA	NA	1	1	0.548343627819355	0.864031697628908
Satisf	=~	evalexp	1	1	.p15.	0.975466916495432	0.0306224560015282	31.8546270895696	0	0.915448005614275	1.03548582737659	0.534891067808865	0.84307711118489
DevAdj	=~	Belong	1	1		1	0	NA	NA	1	1	0.516432612751897	0.516432612751897
DevAdj	=~	Gains	1	1	.p17.	0.278519892011501	0.033145594241068	8.40292347712415	0	0.21355572105283	0.343484062970173	0.195764356600947	0.195764356600947
DevAdj	=~	SupportEnv	1	1	.p18.	0.781474589548395	0.0439605023363784	17.7767438499379	0	0.695313588226805	0.867635590869986	0.454678067138668	0.454678067138668
DevAdj	=~	Satisf	1	1		0.827255402909427	0.0502603198256414	16.4594138234549	0	0.728746986199706	0.925763819619149	0.512821094499675	0.512821094499675
EmoDiss	=~	MHWdacad	1	1		1	0	NA	NA	1	1	1.09121681688594	0.923090066662007
EmoDiss	=~	MHWdlonely	1	1	.p21.	1.0005705085713	0.0097669373697433	102.44465288279	0	0.981427663087349	1.01971335405526	1.09183936543312	0.939684698913603
EmoDiss	=~	MHWdmental	1	1	.p22.	1.01171247520151	0.00936484017838183	108.033074343008	0	0.99335772573091	1.03006722467211	1.10399766679319	0.951206199924534
EmoDiss	=~	MHWdexhaust	1	1	.p23.	1.01175873263333	0.00985464267306148	102.668231228623	0	0.99244398791362	1.03107347735304	1.1040481436807	0.943736699543593
EmoDiss	=~	MHWdsleep	1	1	.p24.	1.00608507160375	0.0102885261304063	97.7870939774745	0	0.985919930934149	1.02625021227334	1.0978569493519	0.928455411100859
EmoDiss	=~	MHWdfinancial	1	1	.p25.	0.995974373892171	0.0114882595879705	86.6949746622256	0	0.973457798854702	1.01849094892964	1.08682398597858	0.879522851191068
QualEngag	=~	QIadmin	1	1		1	0	NA	NA	1	1	0.883808150457863	0.873394453384956
QualEngag	=~	QIstudent	1	1	.p27.	1.02459025654593	0.0118245776416815	86.6492053749349	0	1.00141451023583	1.04776600285602	0.905541219615001	0.892467118474403
QualEngag	=~	QIadvisor	1	1	.p28.	1.01597249746511	0.0111061688987869	91.4782142000448	0	0.994204806417267	1.03774018851295	0.897924773900693	0.912628767699231
QualEngag	=~	QIfaculty	1	1	.p29.	1.00754146077267	0.0111580753031435	90.2970658827525	0	0.985672035041719	1.02941088650361	0.890473354955103	0.918513527687554
QualEngag	=~	QIstaff	1	1	.p30.	1.00219039516263	0.0111773774249965	89.6623919061175	0	0.980283137968027	1.02409765235724	0.88574403955532	0.903239755387051
sbvalued	~~	sbvalued	1	1		0.136343320800788	0.00694289873794283	19.6378092129838	0	0.122735489326111	0.149951152275464	0.136343320800788	0.239372841845878
sbmyself	~~	sbmyself	1	1		0.17099492407775	0.00765197883098812	22.3464972727413	0	0.155997321158551	0.18599252699695	0.17099492407775	0.283559512423455
sbcommunity	~~	sbcommunity	1	1		0.10957538315136	0.00640558944778597	17.1062138846931	0	0.0970206585339495	0.12213010776877	0.10957538315136	0.193632168137851
pganalyze	~~	pganalyze	1	1		0.233608741914189	0.00824261775670981	28.3415716716965	0	0.217453507972708	0.249763975855671	0.233608741914189	0.499703978046558
pgthink	~~	pgthink	1	1		0.163575021470211	0.00654899033285845	24.9771358875736	0	0.150739236282708	0.176410806657715	0.163575021470211	0.396169560081892
pgwork	~~	pgwork	1	1		0.205074394434927	0.00786658831770055	26.0690385911629	0	0.18965616465103	0.220492624218824	0.205074394434927	0.445577655477066
pgvalues	~~	pgvalues	1	1		0.256983274856438	0.00898105033966517	28.6139443759112	0	0.239380739647353	0.274585810065523	0.256983274856438	0.502149160026579
pgprobsolve	~~	pgprobsolve	1	1		0.18595748742743	0.00706936199190057	26.3047058052033	0	0.172101792529629	0.199813182325232	0.18595748742743	0.429491648175142
SEacademic	~~	SEacademic	1	1		0.153019878394381	0.00718507785853392	21.2968991299983	0	0.138937384565538	0.167102372223224	0.153019878394381	0.309534953998846
SEwellness	~~	SEwellness	1	1		0.172099556887018	0.00722106192732913	23.8329983344531	0	0.157946535579319	0.186252578194716	0.172099556887018	0.346417695069102
SEnonacad	~~	SEnonacad	1	1		0.245315450931197	0.00889456475114019	27.5803772072996	0	0.227882424360803	0.262748477501591	0.245315450931197	0.443818802814523
SEactivities	~~	SEactivities	1	1		0.29345273155589	0.0100606201237465	29.1684536287422	0	0.273734278451208	0.313171184660572	0.29345273155589	0.490435654591475
SEdiverse	~~	SEdiverse	1	1		0.213399241306732	0.00795685903389064	26.8195327324263	0	0.197804084170244	0.22899439844322	0.213399241306732	0.408400008482781
sameinst	~~	sameinst	1	1		0.102079191125617	0.0100474940731424	10.1596667171451	0	0.0823864646073783	0.121771917643856	0.102079191125617	0.253449225492506
evalexp	~~	evalexp	1	1		0.116419544043671	0.00985984492500007	11.8074416919564	0	0.0970946030975204	0.135744484989821	0.116419544043671	0.289220984596141
MHWdacad	~~	MHWdacad	1	1		0.206688353232066	0.0079093531053522	26.1321438654953	0	0.191186306004565	0.222190400459566	0.206688353232066	0.147904728829931
MHWdlonely	~~	MHWdlonely	1	1		0.157947161827945	0.0067005918146655	23.5721211195477	0	0.144814243196097	0.171080080459793	0.157947161827945	0.116992666627652
MHWdmental	~~	MHWdmental	1	1		0.128249232892819	0.00546379605653814	23.4725512383195	0	0.117540389403132	0.138958076382506	0.128249232892819	0.0952067652251275
MHWdexhaust	~~	MHWdexhaust	1	1		0.149670763835299	0.00627794313303159	23.8407326514	0	0.137366221397566	0.161975306273031	0.149670763835299	0.109361041934567
MHWdsleep	~~	MHWdsleep	1	1		0.192910471053426	0.00760917469891484	25.3523514292473	0	0.177996762691479	0.207824179415372	0.192910471053426	0.137970549597534
MHWdfinancial	~~	MHWdfinancial	1	1		0.345761366191337	0.0118797540980006	29.1050945448045	0	0.322477476014064	0.36904525636861	0.345761366191337	0.226439554232734
QIadmin	~~	QIadmin	1	1		0.242871809327386	0.00911447696469408	26.6468180531013	0	0.225007762738666	0.260735855916107	0.242871809327386	0.237182128796393
QIstudent	~~	QIstudent	1	1		0.209508489344105	0.00841398857633647	24.9000206552843	0	0.193017374768154	0.225999603920055	0.209508489344105	0.203502442441995
QIadvisor	~~	QIadvisor	1	1		0.161767302639853	0.00669546227899589	24.1607369139137	0	0.148644437713174	0.174890167566531	0.161767302639853	0.167108732367783
QIfaculty	~~	QIfaculty	1	1		0.146933602486743	0.00615603888919998	23.8682056970953	0	0.134867987976483	0.158999216997003	0.146933602486743	0.156332899454964
QIstaff	~~	QIstaff	1	1		0.177092776303627	0.00717813865330571	24.6711278308996	0	0.163023883067113	0.191161669540141	0.177092776303627	0.18415794428834
Belong	~~	Belong	1	1		0.317695409030964	0.0131392656353307	24.1790841169007	0	0.291942921602411	0.343447896459517	0.733297356486249	0.733297356486249
Gains	~~	Gains	1	1		0.224922164479039	0.0102095138497188	22.0306439454249	0	0.204911885033927	0.24493244392415	0.961676316684618	0.961676316684618
SupportEnv	~~	SupportEnv	1	1		0.270769478181113	0.0114021350785389	23.7472610450613	0	0.248421704080316	0.29311725228191	0.793267855263045	0.793267855263045
Satisf	~~	Satisf	1	1		0.221606068481892	0.0115605115224115	19.1692269024844	0	0.198947882255106	0.244264254708679	0.737014525036156	0.737014525036156
DevAdj	~~	DevAdj	1	1		0.115546857862332	0.0116460981508331	9.92150816229096	0	0.092720924926281	0.138372790798384	1	1
EmoDiss	~~	EmoDiss	1	1		1.19075414145468	0.0375615541248751	31.701407707891	0	1.11713484816657	1.26437343474279	1	1
QualEngag	~~	QualEngag	1	1		0.781116846815748	0.0259107819630836	30.1464019082344	0	0.730332647356835	0.831901046274662	1	1
DevAdj	~~	EmoDiss	1	1		-0.315168873546536	0.0177051828684853	-17.8009386227537	0	-0.349870394308463	-0.28046735278461	-0.849675702376634	-0.849675702376634
DevAdj	~~	QualEngag	1	1		0.151263976866408	0.0110026074508655	13.7480117819262	0	0.129699262526679	0.172828691206136	0.50349880244732	0.50349880244732
EmoDiss	~~	QualEngag	1	1		-0.160570309101673	0.0206578054972957	-7.77286382731665	7.7715611723761e-15	-0.201058863876006	-0.12008175432734	-0.166493081248913	-0.166493081248913
sbvalued	~1		1	1		3.1078353323133	0.016569136578527	187.567729771807	0	3.07536042136447	3.14031024326214	3.1078353323133	4.1179256768199
sbmyself	~1		1	1		3.08466139447189	0.016810537862844	183.495698926437	0	3.05171334569997	3.11760944324381	3.08466139447189	3.97226303879351
sbcommunity	~1		1	1		3.0986209991706	0.0163136105081364	189.940847099737	0	3.06664691011684	3.13059508822436	3.0986209991706	4.11908462974692
pganalyze	~1		1	1		3.07905481443111	0.0144303716924363	213.373215885007	0	3.0507718056304	3.10733782323181	3.07905481443111	4.50328339763924
pgthink	~1		1	1		3.07766957452392	0.0135910711569404	226.447903846952	0	3.051031564545	3.10430758450285	3.07766957452392	4.78965298826114
pgwork	~1		1	1		3.07558772471386	0.014414640453067	213.365552524723	0	3.04733554857576	3.10383990085197	3.07558772471386	4.53350503066077
pgvalues	~1		1	1		3.08642537595503	0.0152346594954592	202.592343916512	0	3.0565659920272	3.11628475988286	3.08642537595503	4.31439318886087
pgprobsolve	~1		1	1		3.0993599790487	0.0140435540159946	220.696269300403	0	3.0718351189624	3.12688483913499	3.0993599790487	4.71023470033571
SEacademic	~1		1	1		3.11465598364042	0.0151771876141884	205.219574457174	0	3.08490924253	3.14440272475084	3.11465598364042	4.4298702749525
SEwellness	~1		1	1		3.09352817727349	0.0150847035765657	205.077160553512	0	3.06396270154596	3.12309365300102	3.09352817727349	4.38898638806348
SEnonacad	~1		1	1		3.08415569473353	0.0158337529906151	194.783618044411	0	3.05312210913182	3.11518928033524	3.08415569473353	4.14836242172879
SEactivities	~1		1	1		3.07334296400112	0.0166237671883651	184.876444019989	0	3.04076097902455	3.1059249489777	3.07334296400112	3.97313175300507
SEdiverse	~1		1	1		3.0876903343025	0.01537513090876	200.823677705618	0	3.05755563146374	3.11782503714126	3.0876903343025	4.27149767166552
sameinst	~1		1	1		3.31018749331884	0.0136567226257624	242.385203538835	0	3.28342080882549	3.33695417781219	3.31018749331884	5.21590253669272
evalexp	~1		1	1		3.30818164269288	0.0136627074390837	242.132217017944	0	3.28140322818097	3.33496005720479	3.30818164269288	5.21424340477681
MHWdacad	~1		1	1		3.01733268413596	0.0254675903351917	118.477352761817	0	2.96741712430596	3.06724824396595	3.01733268413596	2.55244401061283
MHWdlonely	~1		1	1		3.00287525994354	0.0248746384094861	120.720358242409	0	2.95412186453249	3.05162865535459	3.00287525994354	2.58440575037866
MHWdmental	~1		1	1		2.99996231908176	0.0247690217655591	121.117513137041	0	2.95141592848897	3.04850870967454	2.99996231908176	2.58477245313338
MHWdexhaust	~1		1	1		3.00530361541107	0.0248412111028406	120.980559400641	0	2.95661573631714	3.05399149450499	3.00530361541107	2.56892358487107
MHWdsleep	~1		1	1		3.01705491044136	0.0253983479386685	118.789415663054	0	2.96727506321475	3.06683475766797	3.01705491044136	2.55151726173554
MHWdfinancial	~1		1	1		3.03138423794822	0.0266601053580978	113.704885904641	0	2.9791313916223	3.08363708427413	3.03138423794822	2.45317709437122
QIadmin	~1		1	1		5.4488275070089	0.0220703619310435	246.884374802424	0	5.40557039249829	5.49208462151951	5.4488275070089	5.38462529408394
QIstudent	~1		1	1		5.4683910388163	0.0218191724386426	250.623210123752	0	5.42562624666409	5.51115583096851	5.4683910388163	5.38943903092403
QIadvisor	~1		1	1		5.46480587408469	0.0212582662944043	257.067335520356	0	5.4231404377739	5.50647131039549	5.46480587408469	5.55429496495105
QIfaculty	~1		1	1		5.47430366981577	0.0209102404321785	261.80013030321	0	5.43332035166062	5.51528698797091	5.47430366981577	5.64668437007744
QIstaff	~1		1	1		5.46712558455861	0.0211747324229166	258.191011596527	0	5.42562387162742	5.5086272974898	5.46712558455861	5.5751153325809
Belong	~1		1	1		0	0	NA	NA	0	0	0	0
Gains	~1		1	1		0	0	NA	NA	0	0	0	0
SupportEnv	~1		1	1		0	0	NA	NA	0	0	0	0
Satisf	~1		1	1		0	0	NA	NA	0	0	0	0
DevAdj	~1		1	1		0	0	NA	NA	0	0	0	0
EmoDiss	~1		1	1		0	0	NA	NA	0	0	0	0
QualEngag	~1		1	1		0	0	NA	NA	0	0	0	0
Belong	=~	sbvalued	2	2		1	0	NA	NA	1	1	0.653091512491981	0.859497366389775
Belong	=~	sbmyself	2	2	.p2.	0.998605950262383	0.0151755467896389	65.8036223738692	0	0.968862425108988	1.02834947541578	0.652181070440352	0.842244825664032
Belong	=~	sbcommunity	2	2	.p3.	1.026287246758	0.0142996914772652	71.7698873706247	0	0.998260366472529	1.05431412704348	0.670259490236415	0.8866601109808
Gains	=~	pganalyze	2	2		1	0	NA	NA	1	1	0.49619186423565	0.699365962690592
Gains	=~	pgthink	2	2	.p5.	1.032461286001	0.023019282483744	44.8520185948507	0	0.987344321382913	1.0775782506191	0.512298890251975	0.783321665782849
Gains	=~	pgwork	2	2	.p6.	1.04451026573977	0.0243106424624378	42.9651444775118	0	0.996862282072366	1.09215824940718	0.518277495970693	0.740944631388708
Gains	=~	pgvalues	2	2	.p7.	1.04372002194673	0.0248078030141588	42.0722472421698	0	0.995097621503418	1.09234242239005	0.517885383429823	0.699429623027736
Gains	=~	pgprobsolve	2	2	.p8.	1.02768214191042	0.02377207801806	43.2306397921829	0	0.981089725157345	1.07427455866349	0.509927517836217	0.760197851537619
SupportEnv	=~	SEacademic	2	2		1	0	NA	NA	1	1	0.613058929420647	0.83578872704872
SupportEnv	=~	SEwellness	2	2	.p10.	0.975326578083873	0.0163214570214461	59.757322940122	0	0.94333711014662	1.00731604602113	0.597932667795602	0.806947986119235
SupportEnv	=~	SEnonacad	2	2	.p11.	0.949025381957326	0.017828124654739	53.2319242958097	0	0.914082899722147	0.983967864192505	0.581808484655779	0.748079501319279
SupportEnv	=~	SEactivities	2	2	.p12.	0.945121517135085	0.0185026099979694	51.080443096342	0	0.908857067919074	0.981385966351096	0.579415185467253	0.723396755270733
SupportEnv	=~	SEdiverse	2	2	.p13.	0.951651021163859	0.0165171652152806	57.6158807374194	0	0.919277972215211	0.984024070112506	0.58341815621678	0.773055657245948
Satisf	=~	sameinst	2	2		1	0	NA	NA	1	1	0.580030196069743	0.885868390061705
Satisf	=~	evalexp	2	2	.p15.	0.975466916495432	0.0306224560015281	31.8546270895696	0	0.915448005614275	1.03548582737659	0.565800266834394	0.846059046456205
DevAdj	=~	Belong	2	2		1	0	NA	NA	1	1	0.456037446410536	0.456037446410536
DevAdj	=~	Gains	2	2	.p17.	0.278519892011502	0.033145594241068	8.40292347712415	0	0.21355572105283	0.343484062970173	0.167178769338695	0.167178769338695
DevAdj	=~	SupportEnv	2	2	.p18.	0.781474589548395	0.0439605023363784	17.7767438499379	0	0.695313588226805	0.867635590869986	0.379653303782791	0.379653303782791
DevAdj	=~	Satisf	2	2		0.841380921591564	0.071149080880928	11.8256049294532	0	0.701931285531818	0.98083055765131	0.432032682581356	0.432032682581356
EmoDiss	=~	MHWdacad	2	2		1	0	NA	NA	1	1	0.945455596012145	0.896178010824437
EmoDiss	=~	MHWdlonely	2	2	.p21.	1.0005705085713	0.00976693736974329	102.44465288279	0	0.98142766308735	1.01971335405526	0.945994986533458	0.909430013070346
EmoDiss	=~	MHWdmental	2	2	.p22.	1.01171247520151	0.00936484017838183	108.033074343008	0	0.993357725730911	1.03006722467211	0.956529221234569	0.938365176275809
EmoDiss	=~	MHWdexhaust	2	2	.p23.	1.01175873263333	0.00985464267306148	102.668231228623	0	0.99244398791362	1.03107347735304	0.95657295558234	0.923909795166187
EmoDiss	=~	MHWdsleep	2	2	.p24.	1.00608507160374	0.0102885261304063	97.7870939774744	0	0.985919930934149	1.02625021227334	0.95120876101204	0.913909006964555
EmoDiss	=~	MHWdfinancial	2	2	.p25.	0.995974373892171	0.0114882595879705	86.6949746622257	0	0.973457798854702	1.01849094892964	0.941649545281045	0.847306450387654
QualEngag	=~	QIadmin	2	2		1	0	NA	NA	1	1	0.989628348486155	0.890957925030786
QualEngag	=~	QIstudent	2	2	.p27.	1.02459025654593	0.0118245776416815	86.649205374935	0	1.00141451023583	1.04776600285602	1.01396356346055	0.899351885982863
QualEngag	=~	QIadvisor	2	2	.p28.	1.01597249746511	0.0111061688987869	91.4782142000449	0	0.994204806417267	1.03774018851295	1.00543518477375	0.921602349712348
QualEngag	=~	QIfaculty	2	2	.p29.	1.00754146077267	0.0111580753031436	90.2970658827524	0	0.985672035041719	1.02941088650361	0.997091591855781	0.926548021336916
QualEngag	=~	QIstaff	2	2	.p30.	1.00219039516263	0.0111773774249965	89.6623919061176	0	0.980283137968027	1.02409765235724	0.991796025633481	0.917442384784521
sbvalued	~~	sbvalued	2	2		0.150847810644052	0.00757347754851543	19.9179055694991	0	0.136004067411239	0.165691553876865	0.150847810644052	0.261264277169041
sbmyself	~~	sbmyself	2	2		0.174257160776985	0.00808653808803602	21.5490434695161	0	0.158407837364824	0.190106484189147	0.174257160776985	0.290623653642164
sbcommunity	~~	sbcommunity	2	2		0.122193485354907	0.00717742335988878	17.0247008192087	0	0.108125994067728	0.136260976642085	0.122193485354907	0.213833847595515
pganalyze	~~	pganalyze	2	2		0.257167071277982	0.00977348980946532	26.3127169814945	0	0.23801138324816	0.276322759307803	0.257167071277982	0.510887250229861
pgthink	~~	pgthink	2	2		0.165276735676752	0.00725992384538063	22.7656293918172	0	0.151047546409302	0.179505924944201	0.165276735676752	0.386407167915183
pgwork	~~	pgwork	2	2		0.220663625043264	0.008441234050837	26.1411570529055	0	0.20411911031855	0.237208139767978	0.220663625043264	0.451001053216251
pgvalues	~~	pgvalues	2	2		0.280045516325963	0.0108288639279618	25.8610245902934	0	0.258821333033672	0.301269699618253	0.280045516325963	0.510798202431279
pgprobsolve	~~	pgprobsolve	2	2		0.189923269724708	0.00740362626668109	25.6527359544645	0	0.175412428887018	0.204434110562398	0.189923269724708	0.422099226517588
SEacademic	~~	SEacademic	2	2		0.162194862168674	0.00710771302015173	22.819556967033	0	0.148264000636731	0.176125723700618	0.162194862168674	0.30145720373828
SEwellness	~~	SEwellness	2	2		0.191528526196775	0.00785702412279658	24.3767262520003	0	0.176129041890431	0.206928010503118	0.191528526196775	0.34883494769811
SEnonacad	~~	SEnonacad	2	2		0.266372434073887	0.0097288971985231	27.379509582476	0	0.247304145955489	0.285440722192285	0.266372434073887	0.440377059705899
SEactivities	~~	SEactivities	2	2		0.305822317227348	0.0111425256168389	27.4464091664443	0	0.283983368321529	0.327661266133167	0.305822317227348	0.476697134463775
SEdiverse	~~	SEdiverse	2	2		0.229181778429138	0.00926527830931132	24.7355525412353	0	0.211022166636148	0.247341390222128	0.229181778429138	0.402384950800036
sameinst	~~	sameinst	2	2		0.092274164309084	0.0118941089550553	7.75797200595384	8.65973959207622e-15	0.0689621391289802	0.115586189489188	0.092274164309084	0.215237195489483
evalexp	~~	evalexp	2	2		0.127093900713041	0.0117859623632629	10.783497927093	0	0.103993838957902	0.150193962468181	0.127093900713041	0.284184089909617
MHWdacad	~~	MHWdacad	2	2		0.219109979218842	0.00841145442957178	26.0490003308496	0	0.202623831479281	0.235596126958402	0.219109979218842	0.196864972914756
MHWdlonely	~~	MHWdlonely	2	2		0.1871229923758	0.00770832559525498	24.2754395962448	0	0.172014951827992	0.202231032923608	0.1871229923758	0.172937051326871
MHWdmental	~~	MHWdmental	2	2		0.124140781886843	0.00549438955283816	22.5940990701537	0	0.113371976246247	0.134909587527439	0.124140781886843	0.11947079595287
MHWdexhaust	~~	MHWdexhaust	2	2		0.156924412915897	0.00659740421055833	23.7857811811438	0	0.14399373827175	0.169855087560044	0.156924412915897	0.146390690395975
MHWdsleep	~~	MHWdsleep	2	2		0.178494472563853	0.00760609679747338	23.4672891124849	0	0.16358679677788	0.193402148349827	0.178494472563853	0.164770326989061
MHWdfinancial	~~	MHWdfinancial	2	2		0.34838320853149	0.0133305296905291	26.1342359695583	0	0.322255850443211	0.374510566619768	0.34838320853149	0.282071779131474
QIadmin	~~	QIadmin	2	2		0.254393398482721	0.010433515027378	24.3823292356585	0	0.233944084796903	0.27484271216854	0.254393398482721	0.206193975824837
QIstudent	~~	QIstudent	2	2		0.242994515916758	0.00981369316376111	24.7607615055727	0	0.22376003076046	0.262229001073057	0.242994515916758	0.191166185179067
QIadvisor	~~	QIadvisor	2	2		0.179303009470687	0.00803481616300359	22.3157575522748	0	0.163555059168799	0.195050959772574	0.179303009470687	0.150649109004679
QIfaculty	~~	QIfaculty	2	2		0.163876839737145	0.00755379582772317	21.6946345221168	0	0.149071671968238	0.178682007506051	0.163876839737145	0.141508764156646
QIstaff	~~	QIstaff	2	2		0.184997810908792	0.00783179857691324	23.6213698669591	0	0.16964776776387	0.200347854053714	0.184997810908792	0.158299470600891
Belong	~~	Belong	2	2		0.337823321559632	0.0139918298443397	24.1443274623796	0	0.310399838986914	0.365246804132351	0.792029847471357	0.792029847471357
Gains	~~	Gains	2	2		0.239325208194316	0.0119916986182795	19.9575736359403	0	0.21582191078903	0.262828505599603	0.972051259082399	0.972051259082399
SupportEnv	~~	SupportEnv	2	2		0.321668759213221	0.0136115358441813	23.6320693634825	0	0.29499063918435	0.348346879242092	0.855863368926812	0.855863368926812
Satisf	~~	Satisf	2	2		0.273638677093726	0.0163755507879709	16.7101968438664	0	0.241543187322297	0.305734166865156	0.813347761181557	0.813347761181557
DevAdj	~~	DevAdj	2	2		0.0887052021294314	0.00923644383865305	9.60382628628284	0	0.0706021048604445	0.106808299398418	1	1
EmoDiss	~~	EmoDiss	2	2		0.89388628403068	0.0294333806024345	30.3698136515363	0	0.836197918106649	0.951574649954712	1	1
QualEngag	~~	QualEngag	2	2		0.979364268127434	0.036966551318231	26.4932549346154	0	0.90691115891105	1.05181737734382	1	1
DevAdj	~~	EmoDiss	2	2		-0.200725785548585	0.0138206691232445	-14.5235938838151	0	-0.227813799272389	-0.173637771824781	-0.712832487561718	-0.712832487561718
DevAdj	~~	QualEngag	2	2		0.183957848189617	0.0139623375809177	13.1752901062234	0	0.156592169391028	0.211323526988206	0.624125099812818	0.624125099812818
EmoDiss	~~	QualEngag	2	2		-0.204416905380894	0.0236169476868492	-8.6555175584659	0	-0.250705272271885	-0.158128538489903	-0.218475904079631	-0.218475904079631
sbvalued	~1		2	2		2.63259632555033	0.0172047510875234	153.015658997789	0	2.59887563305581	2.66631701804485	2.63259632555033	3.46461340455054
sbmyself	~1		2	2		2.61834735303385	0.0177364578216322	147.625156012853	0	2.58358453449014	2.65311017157756	2.61834735303385	3.38140680531385
sbcommunity	~1		2	2		2.63413222839856	0.0175414667029619	150.16601935309	0	2.59975158542474	2.66851287137237	2.63413222839856	3.48459068165697
pganalyze	~1		2	2		2.84757938510994	0.0167478348688753	170.026717328218	0	2.81475423194792	2.88040453827196	2.84757938510994	4.0135686244535
pgthink	~1		2	2		2.86543746427722	0.0154749760623581	185.165873777809	0	2.83510706853338	2.89576786002106	2.86543746427722	4.38134708160352
pgwork	~1		2	2		2.85730909562463	0.016405083076703	174.172180796958	0	2.82515572363091	2.88946246761836	2.85730909562463	4.08489245834613
pgvalues	~1		2	2		2.84581411547701	0.0174515389406974	163.069522129106	0	2.81160972767845	2.88001850327558	2.84581411547701	3.84341160743498
pgprobsolve	~1		2	2		2.85835275545321	0.0155306423828684	184.046009494509	0	2.82791325572601	2.8887922551804	2.85835275545321	4.26122056101722
SEacademic	~1		2	2		2.57741756363302	0.0170401203720847	151.255830789516	0	2.54401954141151	2.61081558585454	2.57741756363302	3.51381643950215
SEwellness	~1		2	2		2.58844964425151	0.0171277818419557	151.125794813133	0	2.55487980870621	2.6220194797968	2.58844964425151	3.49327665153399
SEnonacad	~1		2	2		2.59408472630292	0.0182305283865129	142.293447085277	0	2.55835354724622	2.62981590535962	2.59408472630292	3.3354302311022
SEactivities	~1		2	2		2.61629927347751	0.0187050852753682	139.871015553336	0	2.57963798001004	2.65296056694498	2.61629927347751	3.26643562806273
SEdiverse	~1		2	2		2.59434607039585	0.0177500031998697	146.160315645177	0	2.55955670339863	2.62913543739306	2.59434607039585	3.43762682940586
sameinst	~1		2	2		2.74647573926226	0.0153092532009491	179.399720104701	0	2.7164701543582	2.77648132416633	2.74647573926226	4.19463686195958
evalexp	~1		2	2		2.74906944123363	0.0155572910830891	176.706177608381	0	2.71857771101377	2.77956117145349	2.74906944123363	4.11077054294283
MHWdacad	~1		2	2		4.08108578273807	0.024734033822126	164.998795266759	0	4.03260796725431	4.12956359822184	4.08108578273807	3.86837769452593
MHWdlonely	~1		2	2		4.06610287776191	0.0245706431357997	165.486220905531	0	4.01794530213876	4.11426045338507	4.06610287776191	3.90893825644773
MHWdmental	~1		2	2		4.07108622913409	0.0240350340521221	169.381338104434	0	4.02397842802473	4.11819403024344	4.07108622913409	3.99377819540613
MHWdexhaust	~1		2	2		4.07628061284354	0.0247691604051605	164.570802811478	0	4.02773395052213	4.12482727516495	4.07628061284354	3.93709184863945
MHWdsleep	~1		2	2		4.06590281713774	0.0244547976055899	166.261969643468	0	4.01797229458157	4.11383333969391	4.06590281713774	3.90646654901626
MHWdfinancial	~1		2	2		4.06727724999683	0.0259990918387713	156.439204692969	0	4.01631996636209	4.11823453363157	4.06727724999683	3.65978008135576
QIadmin	~1		2	2		4.64625374311908	0.0258145793939108	179.985645794216	0	4.59565809723097	4.6968493890072	4.64625374311908	4.18300122512488
QIstudent	~1		2	2		4.62311918618066	0.027189154535294	170.035415414607	0	4.56982942252139	4.67640894983993	4.62311918618066	4.10055263231054
QIadvisor	~1		2	2		4.634033786844	0.0259249256146315	178.748199926508	0	4.58322186633744	4.68484570735055	4.634033786844	4.24764966581399
QIfaculty	~1		2	2		4.65813151514709	0.0254808563131643	182.809064887687	0	4.60818995447804	4.70807307581613	4.65813151514709	4.32857179193917
QIstaff	~1		2	2		4.64251080969687	0.0255764436316624	181.515103372295	0	4.59238190132619	4.69263971806755	4.64251080969687	4.29446789314945
Belong	~1		2	2		0	0	NA	NA	0	0	0	0
Gains	~1		2	2		0	0	NA	NA	0	0	0	0
SupportEnv	~1		2	2		0	0	NA	NA	0	0	0	0
Satisf	~1		2	2		0	0	NA	NA	0	0	0	0
DevAdj	~1		2	2		0	0	NA	NA	0	0	0	0
EmoDiss	~1		2	2		0	0	NA	NA	0	0	0	0
QualEngag	~1		2	2		0	0	NA	NA	0	0	0	0
