lhs	op	rhs	block	group	label	est	se	z	pvalue	std.lv	std.all	std.nox
Belong	=~	sbvalued	1	1		1	0	NA	NA	0.513277927742951	0.694014811594472	0.694014811594472
Belong	=~	sbmyself	1	1		0.959298061204078	0.044486919483632	21.5635982967315	0	0.492386520942659	0.704545579305144	0.704545579305144
Belong	=~	sbcommunity	1	1		1.11756716823074	0.0524232947568614	21.3181405978774	0	0.573622560223033	0.73468373364949	0.73468373364949
Gains	=~	pganalyze	1	1		1	0	NA	NA	0.408739805822483	0.646337390903546	0.646337390903546
Gains	=~	pgthink	1	1		0.654611604669388	0.0483666075540432	13.5343708763933	0	0.267565820181709	0.455798302349572	0.455798302349572
Gains	=~	pgwork	1	1		0.661669648944697	0.0479143206831455	13.8094339961591	0	0.270450723828286	0.468159834978379	0.468159834978379
Gains	=~	pgvalues	1	1		0.731800276556395	0.0635657850954461	11.5124870314678	0	0.2991159029405	0.504172305778057	0.504172305778057
Gains	=~	pgprobsolve	1	1		0.859916676516076	0.0594086547944007	14.4746027239978	0	0.351482175382696	0.579253358787249	0.579253358787249
SupportEnv	=~	SEacademic	1	1		1	0	NA	NA	0.292964343862736	0.573079040737786	0.573079040737786
SupportEnv	=~	SEwellness	1	1		1.26485427603706	0.08128614172264	15.5605155962861	0	0.370557203061174	0.631961114059268	0.631961114059268
SupportEnv	=~	SEnonacad	1	1		1.22090728708929	0.0753255543589914	16.2084075912752	0	0.357682302279346	0.583110286739802	0.583110286739802
SupportEnv	=~	SEactivities	1	1		1.42863298818222	0.0800945036421252	17.8368417708858	0	0.418538526003465	0.668383770700423	0.668383770700423
SupportEnv	=~	SEdiverse	1	1		1.03639702747643	0.0687116466408838	15.0832803191732	0	0.303627375135921	0.53194854513534	0.53194854513534
Satisf	=~	sameinst	1	1		1	0	NA	NA	0.395990236613959	0.619478210087786	0.619478210087786
Satisf	=~	evalexp	1	1		1.39215852906719	0.165387047264227	8.41757895854468	0	0.551281185329459	0.800771846831899	0.800771846831899
DevAdj	=~	Belong	1	1		1	0	NA	NA	0.537964961464103	0.537964961464103	0.537964961464103
DevAdj	=~	Gains	1	1		0.847999657291637	0.105862850486052	8.01036107943611	1.11022302462516e-15	0.572868999981235	0.572868999981235	0.572868999981235
DevAdj	=~	SupportEnv	1	1		0.411305471975954	0.0584835205527332	7.03284392062358	2.02371452928674e-12	0.387664738689038	0.387664738689038	0.387664738689038
DevAdj	=~	Satisf	1	1		0.726496850627924	0.0939122837325231	7.73590867726208	1.02140518265514e-14	0.506589095106701	0.506589095106701	0.506589095106701
EmoDiss	=~	MHWdacad	1	1		1	0	NA	NA	0.756797912981423	0.508219951483724	0.508219951483724
EmoDiss	=~	MHWdlonely	1	1		0.867418060072271	0.0620187084736082	13.9863934838533	0	0.65646017754509	0.471243638789708	0.471243638789708
EmoDiss	=~	MHWdmental	1	1		1.14734100030379	0.0704959821833429	16.2752679623618	0	0.868305274507926	0.599231240238108	0.599231240238108
EmoDiss	=~	MHWdexhaust	1	1		1.15800261435127	0.076050476429856	15.2267634433473	0	0.876373961768077	0.577493132977128	0.577493132977128
EmoDiss	=~	MHWdsleep	1	1		1.07514342556941	0.0691725668654458	15.5429164232228	0	0.813666300626631	0.571078091530974	0.571078091530974
EmoDiss	=~	MHWdfinancial	1	1		1.08381530132796	0.0742330489998829	14.6001722403949	0	0.820229158102335	0.555336657752371	0.555336657752371
QualEngag	=~	QIadmin	1	1		1	0	NA	NA	0.987895081543218	0.702002813128598	0.702002813128598
QualEngag	=~	QIstudent	1	1		0.904386147339943	0.0383315063686409	23.5938065841269	0	0.89343862677295	0.687052837612238	0.687052837612238
QualEngag	=~	QIadvisor	1	1		0.984498632650083	0.0409604293096471	24.0353592294554	0	0.97258135698104	0.715085855311908	0.715085855311908
QualEngag	=~	QIfaculty	1	1		0.939883372859198	0.0372356816482899	25.2414708487649	0	0.928506161271853	0.696860306675075	0.696860306675075
QualEngag	=~	QIstaff	1	1		0.952083404736804	0.0387697164255884	24.5573992413424	0	0.94055851275841	0.70343842932941	0.70343842932941
EmoDiss	~	x_FASt	1	1	W2__a1_g1	-0.0312131552257546	0.0721220976892694	-0.432782132325564	0.665173055139386	-0.0412437120800052	-0.0205820900279321	-0.0412437120800052
EmoDiss	~	credit_dose_c	1	1	W2__a1c_g1	0.397332571746958	0.0764619450176232	5.19647481705284	2.03103100115953e-07	0.525018059552592	0.807479965744749	0.525018059552592
EmoDiss	~	XZ_c	1	1	W2__a1z_g1	-0.268195951177148	0.0776942710358508	-3.45193986122082	0.000556571762433844	-0.354382519529663	-0.460112236966864	-0.354382519529663
EmoDiss	~	cohort	1	1	W2__g1_g1	0.0868793718217417	0.0409935096979017	2.11934456117547	0.0340613583191325	0.11479864086765	0.0573770202618173	0.11479864086765
EmoDiss	~	hgrades_c	1	1		0.0384097129458354	0.0202504554925063	1.89673328385373	0.057863148514151	0.0507529319082282	0.0544011275751456	0.0507529319082282
EmoDiss	~	bparented_c	1	1		-0.0156218985781129	0.0169294399780691	-0.922765230175954	0.356129564070678	-0.0206421005002116	-0.024652691425369	-0.0206421005002116
EmoDiss	~	pell	1	1		0.131844637436066	0.0411866024072588	3.20115352396315	0.00136878581021849	0.174213796278402	0.086620037382516	0.174213796278402
EmoDiss	~	hapcl	1	1		-0.00542170736342505	0.0408775823604472	-0.132632779395267	0.894483807227316	-0.00716400940122325	-0.00356737329582518	-0.00716400940122325
EmoDiss	~	hprecalc13	1	1		-0.0496017820574617	0.0428742875314192	-1.15691210078098	0.247308274302463	-0.0655416475212706	-0.0320075095704807	-0.0655416475212706
EmoDiss	~	hchallenge_c	1	1		0.000723027758500485	0.0242780374967221	0.0297811451439642	0.97624159609233	0.000955377579798153	0.000785210034249219	0.000955377579798153
EmoDiss	~	cSFcareer_c	1	1		0.0169895485533656	0.0228533524645397	0.743416029649366	0.457229842412584	0.0224492539711624	0.0211602246015977	0.0224492539711624
QualEngag	~	x_FASt	1	1	W2__a2_g1	0.0143628689973191	0.0896647411563785	0.160184134946308	0.872736026495414	0.0145388607207988	0.00725541240513406	0.0145388607207988
QualEngag	~	credit_dose_c	1	1	W2__a2c_g1	-0.0672776834066515	0.0846384798251398	-0.794882936764045	0.426681600771357	-0.0681020532074673	-0.104741241925992	-0.0681020532074673
QualEngag	~	XZ_c	1	1	W2__a2z_g1	-0.157172647835894	0.0887594624070419	-1.77077061502599	0.0765988542874776	-0.159098522477074	-0.206565428713032	-0.159098522477074
QualEngag	~	cohort	1	1	W2__g2_g1	0.0653213124835456	0.0534660006033723	1.22173552811851	0.221807656289266	0.0661217103961135	0.033048010747076	0.0661217103961135
QualEngag	~	hgrades_c	1	1		0.017190565447005	0.0256548836377696	0.670069905197183	0.502813228469193	0.0174012056221103	0.0186520299698448	0.0174012056221103
QualEngag	~	bparented_c	1	1		-0.0037192862391292	0.0214945805835301	-0.173033673519503	0.862624959184922	-0.00376485955706875	-0.00449634090868396	-0.00376485955706875
QualEngag	~	pell	1	1		-0.0565307839327404	0.0531418336806801	-1.06377179742092	0.287432090323104	-0.057223469363196	-0.0284518170276035	-0.057223469363196
QualEngag	~	hapcl	1	1		-0.0266860661025715	0.0538053020872928	-0.495974654305936	0.619912293323885	-0.0270130569542714	-0.013451358397271	-0.0270130569542714
QualEngag	~	hprecalc13	1	1		0.0801171029547419	0.0542230746675178	1.47754629271763	0.139529258791788	0.0810987972827932	0.0396049020485953	0.0810987972827932
QualEngag	~	hchallenge_c	1	1		0.0119511107674859	0.0319719779163284	0.373799544049551	0.708553458744859	0.0120975506314058	0.00994278947557545	0.0120975506314058
QualEngag	~	cSFcareer_c	1	1		-0.0144971535289828	0.0279249028437446	-0.519147859174388	0.603657636025538	-0.0146747906734553	-0.0138321686337832	-0.0146747906734553
DevAdj	~	x_FASt	1	1	W2__c_g1	-0.069019708557013	0.0311978593712721	-2.21232193323393	0.0269444286634415	-0.24995771272149	-0.124737854255941	-0.24995771272149
DevAdj	~	credit_dose_c	1	1	W2__cc_g1	0.0271301622078492	0.0275360055478777	0.98526135755882	0.324495708649338	0.0982529980641007	0.151113520892459	0.0982529980641007
DevAdj	~	XZ_c	1	1	W2__cz_g1	-0.00928428802892963	0.0298143249288568	-0.311403597132716	0.755493819644258	-0.033623430879048	-0.0436549523288904	-0.033623430879048
DevAdj	~	EmoDiss	1	1	W2__b1_g1	-0.159691387300421	0.0189106282068844	-8.44453106228835	0	-0.437678124085569	-0.437678124085569	-0.437678124085569
DevAdj	~	QualEngag	1	1	W2__b2_g1	0.125319082690573	0.0150334358329572	8.33602405218914	0	0.448354415662413	0.448354415662413	0.448354415662413
DevAdj	~	cohort	1	1	W2__g3_g1	-0.0689623246524383	0.0189873036888759	-3.63202304984679	0.000281207996683408	-0.249749894551371	-0.124826432192533	-0.249749894551371
DevAdj	~	hgrades_c	1	1		0.0490626797303622	0.00821800909220258	5.97014181657622	2.3704744833708e-09	0.17768251216619	0.190454593435186	0.17768251216619
DevAdj	~	bparented_c	1	1		-0.000427586887091685	0.00743731754014581	-0.0574920843144883	0.954153211482729	-0.00154852349454437	-0.00184938891638208	-0.00154852349454437
DevAdj	~	pell	1	1		0.0129772939809208	0.0197251136189493	0.657907185307866	0.510597773280154	0.0469978037955034	0.0233675610578916	0.0469978037955034
DevAdj	~	hapcl	1	1		0.0155979333421615	0.0190546782009972	0.818588127158462	0.413021443184135	0.0564885570064148	0.0281289091761904	0.0564885570064148
DevAdj	~	hprecalc13	1	1		-0.00181819652764826	0.01867207494103	-0.0973751729998122	0.922428460094417	-0.00658467349153905	-0.00321565001445116	-0.00658467349153905
DevAdj	~	hchallenge_c	1	1		0.00967790268071333	0.0128077004926566	0.755631558238129	0.449870129382945	0.035048922526441	0.028806166524443	0.035048922526441
DevAdj	~	cSFcareer_c	1	1		0.00956423808464118	0.00998052675134636	0.958289910234546	0.337916590198978	0.0346372815177262	0.0326484192947061	0.0346372815177262
sbvalued	~~	sbvalued	1	1		0.28352104898011	0.01436322979586	19.7393659371675	0	0.28352104898011	0.518343441287489	0.518343441287489
sbmyself	~~	sbmyself	1	1		0.245976282647827	0.0121447054220637	20.2537874818234	0	0.245976282647827	0.503615526681579	0.503615526681579
sbcommunity	~~	sbcommunity	1	1		0.280566478641948	0.0157450334676293	17.8193637516727	0	0.280566478641948	0.460239811510845	0.460239811510845
pganalyze	~~	pganalyze	1	1		0.232853781595955	0.0118054258196456	19.7243017874425	0	0.232853781595955	0.582247977119997	0.582247977119997
pgthink	~~	pgthink	1	1		0.273008999157919	0.0110974468276681	24.6010639561934	0	0.273008999157919	0.792247907575248	0.792247907575248
pgwork	~~	pgwork	1	1		0.260580831024457	0.0101993982133562	25.5486476332716	0	0.260580831024457	0.780826368913017	0.780826368913017
pgvalues	~~	pgvalues	1	1		0.262512146765536	0.0115200095071949	22.7874939340617	0	0.262512146765536	0.745810286086437	0.745810286086437
pgprobsolve	~~	pgprobsolve	1	1		0.244648161727589	0.011226651241494	21.7917308077909	0	0.244648161727589	0.66446554633369	0.66446554633369
SEacademic	~~	SEacademic	1	1		0.175508641061766	0.0068781927891294	25.5166795177866	0	0.175508641061766	0.67158041306706	0.67158041306706
SEwellness	~~	SEwellness	1	1		0.20650630742184	0.00883036674241354	23.3859264791302	0	0.20650630742184	0.60062515031697	0.60062515031697
SEnonacad	~~	SEnonacad	1	1		0.248328090219679	0.0102304644865263	24.2733935049314	0	0.248328090219679	0.659982393498226	0.659982393498226
SEactivities	~~	SEactivities	1	1		0.216945587917742	0.0101237084879166	21.4294582046374	0	0.216945587917742	0.553263135064284	0.553263135064284
SEdiverse	~~	SEdiverse	1	1		0.233604055104536	0.00873959725119374	26.7293844773714	0	0.233604055104536	0.717030745328395	0.717030745328395
sameinst	~~	sameinst	1	1		0.251809161440903	0.0199104102875414	12.6471106222491	0	0.251809161440903	0.616246747226433	0.616246747226433
evalexp	~~	evalexp	1	1		0.170034931496394	0.0331314783022622	5.13212631036701	2.86487128464685e-07	0.170034931496394	0.35876444932143	0.35876444932143
MHWdacad	~~	MHWdacad	1	1		1.6447201673037	0.0619693674079037	26.5408577834526	0	1.6447201673037	0.741712480913881	0.741712480913881
MHWdlonely	~~	MHWdlonely	1	1		1.50961420386918	0.0521411466330191	28.9524550446536	0	1.50961420386918	0.777929432900236	0.777929432900236
MHWdmental	~~	MHWdmental	1	1		1.34573984206299	0.0534823360430869	25.1623235189059	0	1.34573984206299	0.640921920722698	0.640921920722698
MHWdexhaust	~~	MHWdexhaust	1	1		1.53492278099338	0.066838499707898	22.9646504290402	0	1.53492278099338	0.666501681364261	0.666501681364261
MHWdsleep	~~	MHWdsleep	1	1		1.36797342883903	0.0512198057143034	26.7078996056601	0	1.36797342883903	0.67386981337334	0.67386981337334
MHWdfinancial	~~	MHWdfinancial	1	1		1.50873671608515	0.0580819709667581	25.9759903283695	0	1.50873671608515	0.691601196556426	0.691601196556426
QIadmin	~~	QIadmin	1	1		1.00442237643962	0.0441099534755931	22.7708781646161	0	1.00442237643962	0.507192050359535	0.507192050359535
QIstudent	~~	QIstudent	1	1		0.892789094941168	0.0418131994214726	21.3518483946169	0	0.892789094941168	0.527958398328972	0.527958398328972
QIadvisor	~~	QIadvisor	1	1		0.903931210008469	0.0417586191262683	21.6465780938587	0	0.903931210008469	0.488652219532838	0.488652219532838
QIfaculty	~~	QIfaculty	1	1		0.913202353377988	0.0375400467042606	24.3260846362864	0	0.913202353377988	0.514385712980721	0.514385712980721
QIstaff	~~	QIstaff	1	1		0.903151837543377	0.0363343474636005	24.8566962279465	0	0.903151837543377	0.505174376142573	0.505174376142573
Belong	~~	Belong	1	1		0.187208916926177	0.0161992509109817	11.5566403628742	0	0.710593700236926	0.710593700236926	0.710593700236926
Gains	~~	Gains	1	1		0.112239962770638	0.0118882338758545	9.44126469438011	0	0.6718211088605	0.6718211088605	0.6718211088605
SupportEnv	~~	SupportEnv	1	1		0.0729295199001371	0.00700960434697003	10.4042277267278	0	0.849716050377159	0.849716050377159	0.849716050377159
Satisf	~~	Satisf	1	1		0.116566168017075	0.0153382375371049	7.59971070568495	2.97539770599542e-14	0.743367488718974	0.743367488718974	0.743367488718974
DevAdj	~~	DevAdj	1	1		0.0401824052114949	0.00637039523268793	6.30767852602142	2.83251866406431e-10	0.527014750252327	0.527014750252327	0.527014750252327
EmoDiss	~~	EmoDiss	1	1		0.491060427811742	0.049482025126308	9.92401637884181	0	0.857383430760245	0.857383430760245	0.857383430760245
QualEngag	~~	QualEngag	1	1		0.881585779232675	0.0587829289202909	14.9973095152863	0	0.903322711744774	0.903322711744774	0.903322711744774
x_FASt	~~	x_FASt	1	1		0.249036758118725	0	NA	NA	0.249036758118725	1	0.249036758118725
x_FASt	~~	credit_dose_c	1	1		0.575637657425798	0	NA	NA	0.575637657425798	0.749997743295162	0.575637657425798
x_FASt	~~	XZ_c	1	1		0.424851483202267	0	NA	NA	0.424851483202267	0.65571318939197	0.424851483202267
x_FASt	~~	cohort	1	1		0.00218416061057161	0	NA	NA	0.00218416061057161	0.00875692438265322	0.00218416061057161
x_FASt	~~	hgrades_c	1	1		0.00872945429913297	0	NA	NA	0.00872945429913297	0.0163195659199968	0.00872945429913297
x_FASt	~~	bparented_c	1	1		0.0436948960865403	0	NA	NA	0.0436948960865403	0.0733142729703323	0.0436948960865403
x_FASt	~~	pell	1	1		-0.00844790021997699	0	NA	NA	-0.00844790021997699	-0.0340471862341558	-0.00844790021997699
x_FASt	~~	hapcl	1	1		0.0031738293052368	0	NA	NA	0.0031738293052368	0.0127720152618236	0.0031738293052368
x_FASt	~~	hprecalc13	1	1		0.00245751102756644	0	NA	NA	0.00245751102756644	0.0100839159753356	0.00245751102756644
x_FASt	~~	hchallenge_c	1	1		-0.0168360874623065	0	NA	NA	-0.0168360874623065	-0.041048628439274	-0.0168360874623065
x_FASt	~~	cSFcareer_c	1	1		-0.00149234575384553	0	NA	NA	-0.00149234575384553	-0.00317262956637238	-0.00149234575384553
credit_dose_c	~~	credit_dose_c	1	1		2.36545683178592	0	NA	NA	2.36545683178592	1	2.36545683178592
credit_dose_c	~~	XZ_c	1	1		1.94294851996291	0	NA	NA	1.94294851996291	0.972998762882913	1.94294851996291
credit_dose_c	~~	cohort	1	1		-0.0289010582364041	0	NA	NA	-0.0289010582364041	-0.0375971554118675	-0.0289010582364041
credit_dose_c	~~	hgrades_c	1	1		0.0881220482837692	0	NA	NA	0.0881220482837692	0.0534540116661829	0.0881220482837692
credit_dose_c	~~	bparented_c	1	1		0.0602244293952273	0	NA	NA	0.0602244293952273	0.0327872301275171	0.0602244293952273
credit_dose_c	~~	pell	1	1		-0.00623747752900783	0	NA	NA	-0.00623747752900783	-0.00815672195399623	-0.00623747752900783
credit_dose_c	~~	hapcl	1	1		0.022374227801014	0	NA	NA	0.022374227801014	0.0292144780914708	0.022374227801014
credit_dose_c	~~	hprecalc13	1	1		0.0105623505788184	0	NA	NA	0.0105623505788184	0.0140626942617137	0.0105623505788184
credit_dose_c	~~	hchallenge_c	1	1		0.00588898174943338	0	NA	NA	0.00588898174943338	0.00465877675036045	0.00588898174943338
credit_dose_c	~~	cSFcareer_c	1	1		-0.100257359985343	0	NA	NA	-0.100257359985343	-0.069157676065821	-0.100257359985343
XZ_c	~~	XZ_c	1	1		1.68571047105319	0	NA	NA	1.68571047105319	1	1.68571047105319
XZ_c	~~	cohort	1	1		-0.0298688112387282	0	NA	NA	-0.0298688112387282	-0.0460283282862115	-0.0298688112387282
XZ_c	~~	hgrades_c	1	1		0.0741976170257699	0	NA	NA	0.0741976170257699	0.0533152806298243	0.0741976170257699
XZ_c	~~	bparented_c	1	1		0.0373502382693353	0	NA	NA	0.0373502382693353	0.0240874836484346	0.0373502382693353
XZ_c	~~	pell	1	1		-0.00574155005249999	0	NA	NA	-0.00574155005249999	-0.00889409657058689	-0.00574155005249999
XZ_c	~~	hapcl	1	1		0.0223950783855973	0	NA	NA	0.0223950783855973	0.0346392663097343	0.0223950783855973
XZ_c	~~	hprecalc13	1	1		0.00881564469787544	0	NA	NA	0.00881564469787544	0.0139036253287468	0.00881564469787544
XZ_c	~~	hchallenge_c	1	1		0.0224719718997224	0	NA	NA	0.0224719718997224	0.0210590558004661	0.0224719718997224
XZ_c	~~	cSFcareer_c	1	1		-0.0836333139441185	0	NA	NA	-0.0836333139441185	-0.0683391312687024	-0.0836333139441185
cohort	~~	cohort	1	1		0.249805783065664	0	NA	NA	0.249805783065664	1	0.249805783065664
cohort	~~	hgrades_c	1	1		-0.0220538457542776	0	NA	NA	-0.0220538457542776	-0.0411657775590208	-0.0220538457542776
cohort	~~	bparented_c	1	1		-0.00139417363434147	0	NA	NA	-0.00139417363434147	-0.00233563604934824	-0.00139417363434147
cohort	~~	pell	1	1		-0.00477402845805819	0	NA	NA	-0.00477402845805819	-0.0192109099878878	-0.00477402845805819
cohort	~~	hapcl	1	1		0.00096209275582082	0	NA	NA	0.00096209275582082	0.00386565677007796	0.00096209275582082
cohort	~~	hprecalc13	1	1		0.0124325847932265	0	NA	NA	0.0124325847932265	0.0509360960551236	0.0124325847932265
cohort	~~	hchallenge_c	1	1		-0.024899038801427	0	NA	NA	-0.024899038801427	-0.0606136647191678	-0.024899038801427
cohort	~~	cSFcareer_c	1	1		-0.0139838563586316	0	NA	NA	-0.0139838563586316	-0.0296829698014155	-0.0139838563586316
hgrades_c	~~	hgrades_c	1	1		1.14892989901545	0	NA	NA	1.14892989901545	1	1.14892989901545
hgrades_c	~~	bparented_c	1	1		0.0531523210587583	0	NA	NA	0.0531523210587583	0.0415207334726924	0.0531523210587583
hgrades_c	~~	pell	1	1		0.00503496793810287	0	NA	NA	0.00503496793810287	0.00944743954250074	0.00503496793810287
hgrades_c	~~	hapcl	1	1		-0.0930149682758956	0	NA	NA	-0.0930149682758956	-0.174266402830481	-0.0930149682758956
hgrades_c	~~	hprecalc13	1	1		-0.0367369466212689	0	NA	NA	-0.0367369466212689	-0.0701813570413404	-0.0367369466212689
hgrades_c	~~	hchallenge_c	1	1		0.0617304895782029	0	NA	NA	0.0617304895782029	0.0700716203157055	0.0617304895782029
hgrades_c	~~	cSFcareer_c	1	1		-0.0200816654737413	0	NA	NA	-0.0200816654737413	-0.0198762569556627	-0.0200816654737413
bparented_c	~~	bparented_c	1	1		1.42633291085926	0	NA	NA	1.42633291085926	1	1.42633291085926
bparented_c	~~	pell	1	1		0.00887306675873256	0	NA	NA	0.00887306675873256	0.0149426448754224	0.00887306675873256
bparented_c	~~	hapcl	1	1		0.0130677094100642	0	NA	NA	0.0130677094100642	0.0219733668756452	0.0130677094100642
bparented_c	~~	hprecalc13	1	1		-0.0248396984580049	0	NA	NA	-0.0248396984580049	-0.0425893819662482	-0.0248396984580049
bparented_c	~~	hchallenge_c	1	1		0.0440687127131724	0	NA	NA	0.0440687127131724	0.0448961517704728	0.0440687127131724
bparented_c	~~	cSFcareer_c	1	1		0.0153232783120917	0	NA	NA	0.0153232783120917	0.0136120293898769	0.0153232783120917
pell	~~	pell	1	1		0.247213193340981	0	NA	NA	0.247213193340981	1	0.247213193340981
pell	~~	hapcl	1	1		-0.00261044188744852	0	NA	NA	-0.00261044188744852	-0.010543524155948	-0.00261044188744852
pell	~~	hprecalc13	1	1		-0.00910039878078472	0	NA	NA	-0.00910039878078472	-0.0374791792105639	-0.00910039878078472
pell	~~	hchallenge_c	1	1		0.00240669253349393	0	NA	NA	0.00240669253349393	0.00588943987977851	0.00240669253349393
pell	~~	cSFcareer_c	1	1		-0.0121991392054037	0	NA	NA	-0.0121991392054037	-0.0260300501530237	-0.0121991392054037
hapcl	~~	hapcl	1	1		0.247961822557851	0	NA	NA	0.247961822557851	1	0.247961822557851
hapcl	~~	hprecalc13	1	1		-0.00202657601683154	0	NA	NA	-0.00202657601683154	-0.0083336634716227	-0.00202657601683154
hapcl	~~	hchallenge_c	1	1		-0.0159171899852191	0	NA	NA	-0.0159171899852191	-0.0388922612663239	-0.0159171899852191
hapcl	~~	cSFcareer_c	1	1		-0.000227870594057746	0	NA	NA	-0.000227870594057746	-0.000485486898829251	-0.000227870594057746
hprecalc13	~~	hprecalc13	1	1		0.238489388451648	0	NA	NA	0.238489388451648	1	0.238489388451648
hprecalc13	~~	hchallenge_c	1	1		-0.00855502872587228	0	NA	NA	-0.00855502872587228	-0.0213145489468411	-0.00855502872587228
hprecalc13	~~	cSFcareer_c	1	1		-0.0270975992140288	0	NA	NA	-0.0270975992140288	-0.0588678161909939	-0.0270975992140288
hchallenge_c	~~	hchallenge_c	1	1		0.6754941481424	0	NA	NA	0.6754941481424	1	0.6754941481424
hchallenge_c	~~	cSFcareer_c	1	1		0.0530565614406104	0	NA	NA	0.0530565614406104	0.0684872841632021	0.0530565614406104
cSFcareer_c	~~	cSFcareer_c	1	1		0.888457626875977	0	NA	NA	0.888457626875977	1	0.888457626875977
sbvalued	~1		1	1		2.86259467732601	0.0432787560910805	66.1431828424471	0	2.86259467732601	3.87057965728594	3.87057965728594
sbmyself	~1		1	1		2.94832277342752	0.0426379754207424	69.1478135238389	0	2.94832277342752	4.21869342078303	4.21869342078303
sbcommunity	~1		1	1		2.63079972680843	0.0485949564946016	54.1372997648569	0	2.63079972680843	3.36947306435118	3.36947306435118
pganalyze	~1		1	1		2.90076002714588	0.0371258280762992	78.1332074582788	0	2.90076002714588	4.58695150527382	4.58695150527382
pgthink	~1		1	1		2.82032101702926	0.0267461950968296	105.447560178889	0	2.82032101702926	4.80441609010354	4.80441609010354
pgwork	~1		1	1		2.78462545059493	0.0270072429485024	103.106616839959	0	2.78462545059493	4.82028582868512	4.82028582868512
pgvalues	~1		1	1		2.79090573026794	0.029041915013232	96.0992320580912	0	2.79090573026794	4.70418778609133	4.70418778609133
pgprobsolve	~1		1	1		2.8865382996539	0.0324010251713768	89.0878694234616	0	2.8865382996539	4.75710326852859	4.75710326852859
SEacademic	~1		1	1		2.78805945491333	0.0211288069008466	131.95536633929	0	2.78805945491333	5.45383242504848	5.45383242504848
SEwellness	~1		1	1		2.63415837100952	0.0258301199803541	101.980105900128	0	2.63415837100952	4.4923851027581	4.4923851027581
SEnonacad	~1		1	1		2.56549304756213	0.0257227660559798	99.7362819371336	0	2.56549304756213	4.18238581294019	4.18238581294019
SEactivities	~1		1	1		2.55866306749462	0.028870179134433	88.6265047258727	0	2.55866306749462	4.08604886468637	4.08604886468637
SEdiverse	~1		1	1		2.7144975950102	0.0223193948887099	121.620572983514	0	2.7144975950102	4.7557406369984	4.7557406369984
sameinst	~1		1	1		3.3344973711861	0.0336558365452775	99.076347922601	0	3.3344973711861	5.2164126083203	5.2164126083203
evalexp	~1		1	1		3.28260058874932	0.0441136225123615	74.4124014714382	0	3.28260058874932	4.7681912711992	4.7681912711992
MHWdacad	~1		1	1		3.75445846323401	0.091125905155871	41.2007810162434	0	3.75445846323401	2.52126844604456	2.52126844604456
MHWdlonely	~1		1	1		3.09981396001285	0.0827934297719373	37.4403375793417	0	3.09981396001285	2.22521892424656	2.22521892424656
MHWdmental	~1		1	1		3.41444197018725	0.105358524854527	32.4078376657392	0	3.41444197018725	2.35636055265916	2.35636055265916
MHWdexhaust	~1		1	1		3.95553077765103	0.111456747321332	35.48937926788	0	3.95553077765103	2.6065263928707	2.6065263928707
MHWdsleep	~1		1	1		3.806466387433	0.101044980440367	37.6710091965373	0	3.806466387433	2.67159836696928	2.67159836696928
MHWdfinancial	~1		1	1		3.24108564563627	0.101537514584536	31.9200805623215	0	3.24108564563627	2.19437903683043	2.19437903683043
QIadmin	~1		1	1		4.40576725717071	0.122075099333614	36.0906301221217	0	4.40576725717071	3.13075858591407	3.13075858591407
QIstudent	~1		1	1		5.07366260326246	0.110153891702276	46.0597671571653	0	5.07366260326246	3.90163821464643	3.90163821464643
QIadvisor	~1		1	1		4.72200304498066	0.120471147911222	39.196132242887	0	4.72200304498066	3.4718304663856	3.4718304663856
QIfaculty	~1		1	1		5.08846927784569	0.113904510655291	44.6731147745755	0	5.08846927784569	3.81898624841547	3.81898624841547
QIstaff	~1		1	1		4.68479867648779	0.115506122077147	40.5588776788715	0	4.68479867648779	3.50373461938943	3.50373461938943
x_FASt	~1		1	1		0.468963861688752	0	NA	NA	0.468963861688752	0.939739864181401	0.468963861688752
credit_dose_c	~1		1	1		0.478512029455213	0	NA	NA	0.478512029455213	0.311125313115897	0.478512029455213
XZ_c	~1		1	1		0.800042506623637	0	NA	NA	0.800042506623637	0.616199823541163	0.800042506623637
cohort	~1		1	1		0.513936173590202	0	NA	NA	0.513936173590202	1.02827184039284	0.513936173590202
hgrades_c	~1		1	1		0.448706765012139	0	NA	NA	0.448706765012139	0.418616027029316	0.448706765012139
bparented_c	~1		1	1		0.639590781844797	0	NA	NA	0.639590781844797	0.535539790363949	0.639590781844797
pell	~1		1	1		1.55279021366697	0	NA	NA	1.55279021366697	3.12303580235441	1.55279021366697
hapcl	~1		1	1		0.545146178599625	0	NA	NA	0.545146178599625	1.09476413727128	0.545146178599625
hprecalc13	~1		1	1		0.392712481861347	0	NA	NA	0.392712481861347	0.804155756219718	0.392712481861347
hchallenge_c	~1		1	1		-0.0561703949577871	0	NA	NA	-0.0561703949577871	-0.068343415965625	-0.0561703949577871
cSFcareer_c	~1		1	1		-0.0642804192117733	0	NA	NA	-0.0642804192117733	-0.0681962258637334	-0.0642804192117733
Belong	~1		1	1		0	0	NA	NA	0	0	0
Gains	~1		1	1		0	0	NA	NA	0	0	0
SupportEnv	~1		1	1		0	0	NA	NA	0	0	0
Satisf	~1		1	1		0	0	NA	NA	0	0	0
DevAdj	~1		1	1		0	0	NA	NA	0	0	0
EmoDiss	~1		1	1		0	0	NA	NA	0	0	0
QualEngag	~1		1	1		0	0	NA	NA	0	0	0
Belong	=~	sbvalued	2	2		1	0	NA	NA	0.517526636343867	0.705650924986756	0.705650924986756
Belong	=~	sbmyself	2	2		0.965430994333237	0.0445744731977474	21.6588312788412	0	0.499636255119395	0.69905630486244	0.69905630486244
Belong	=~	sbcommunity	2	2		1.1300807661664	0.0515023802753883	21.942301697975	0	0.584846897710999	0.735698151429347	0.735698151429347
Gains	=~	pganalyze	2	2		1	0	NA	NA	0.379191123233918	0.611671472320314	0.611671472320314
Gains	=~	pgthink	2	2		0.688874424213014	0.0537645427558567	12.8128016886738	0	0.261215066684451	0.462289150014152	0.462289150014152
Gains	=~	pgwork	2	2		0.892980189777317	0.0604022068650422	14.7839000613425	0	0.338610161187298	0.574291773520385	0.574291773520385
Gains	=~	pgvalues	2	2		0.788333803500339	0.0522565963650032	15.0858237684285	0	0.29892918043256	0.533453828722022	0.533453828722022
Gains	=~	pgprobsolve	2	2		0.975839578110625	0.0613724545654139	15.9002859673883	0	0.370029705719881	0.614882205682677	0.614882205682677
SupportEnv	=~	SEacademic	2	2		1	0	NA	NA	0.289876044025298	0.54039070088823	0.54039070088823
SupportEnv	=~	SEwellness	2	2		1.25697061038608	0.0781336055114546	16.0874517713355	0	0.36436566799478	0.606411503472175	0.606411503472175
SupportEnv	=~	SEnonacad	2	2		1.34996509440558	0.0842945813621788	16.0148502144561	0	0.391322541138528	0.647439720501814	0.647439720501814
SupportEnv	=~	SEactivities	2	2		1.43252236676408	0.0908186411356337	15.7734397790061	0	0.415253916655329	0.667265047330627	0.667265047330627
SupportEnv	=~	SEdiverse	2	2		1.18295803631194	0.0810610574166415	14.5934197506419	0	0.34291119581404	0.584494698965677	0.584494698965677
Satisf	=~	sameinst	2	2		1	0	NA	NA	0.521695417701139	0.785725392246533	0.785725392246533
Satisf	=~	evalexp	2	2		0.906253836272328	0.0737646796443486	12.2857421823259	0	0.472788473657352	0.682840508796626	0.682840508796626
DevAdj	=~	Belong	2	2		1	0	NA	NA	0.45273867664909	0.45273867664909	0.45273867664909
DevAdj	=~	Gains	2	2		0.977705825086916	0.135859287242271	7.19645925525449	6.17950135506362e-13	0.604129919821611	0.604129919821611	0.604129919821611
DevAdj	=~	SupportEnv	2	2		0.508441438667912	0.0733913166067901	6.9278146540414	4.273914555597e-12	0.410968861603214	0.410968861603214	0.410968861603214
DevAdj	=~	Satisf	2	2		1.26970128221594	0.174302516870759	7.28446900831266	3.22852855560996e-13	0.570249404370702	0.570249404370702	0.570249404370702
EmoDiss	=~	MHWdacad	2	2		1	0	NA	NA	0.825863661092937	0.567570427322223	0.567570427322223
EmoDiss	=~	MHWdlonely	2	2		0.872951783893181	0.0562165226672456	15.5283845829512	0	0.720939156203633	0.49484263025126	0.49484263025126
EmoDiss	=~	MHWdmental	2	2		1.14831767546537	0.0592970262866277	19.3655187684231	0	0.948353839557558	0.622062352537471	0.622062352537471
EmoDiss	=~	MHWdexhaust	2	2		0.934973223652383	0.0582485190581523	16.0514505565189	0	0.772160409509423	0.552149990406449	0.552149990406449
EmoDiss	=~	MHWdsleep	2	2		1.0357049985239	0.0570795368136213	18.1449439911493	0	0.855351121893204	0.593226438840873	0.593226438840873
EmoDiss	=~	MHWdfinancial	2	2		1.11517809877971	0.0607054837613991	18.3703024781563	0	0.92098506742887	0.609057728411975	0.609057728411975
QualEngag	=~	QIadmin	2	2		1	0	NA	NA	1.12247341207641	0.764627927294529	0.764627927294529
QualEngag	=~	QIstudent	2	2		0.817798399620522	0.0327088207572168	25.0023810302022	0	0.917956960012673	0.676135798099265	0.676135798099265
QualEngag	=~	QIadvisor	2	2		0.889003762270804	0.0321579602279495	27.6449052106901	0	0.997883086384872	0.724636668334908	0.724636668334908
QualEngag	=~	QIfaculty	2	2		0.846420189821944	0.033939964200543	24.938747278007	0	0.950084158519798	0.689272001842653	0.689272001842653
QualEngag	=~	QIstaff	2	2		0.798819998330072	0.0324308117956921	24.6315141095599	0	0.896654209160426	0.678436077057709	0.678436077057709
EmoDiss	~	x_FASt	2	2	W2__a1_g2	-0.103776224421127	0.0766283463587232	-1.35427983706337	0.175647116355214	-0.125657816550242	-0.0627094209676291	-0.125657816550242
EmoDiss	~	credit_dose_c	2	2	W2__a1c_g2	0.436099641814308	0.0779445330721811	5.59499973411162	2.20622107249824e-08	0.528052828038443	0.826547895126429	0.528052828038443
EmoDiss	~	XZ_c	2	2	W2__a1z_g2	-0.225483484544747	0.0804047288610011	-2.80435600914157	0.00504172015733295	-0.273027492511711	-0.363017881297757	-0.273027492511711
EmoDiss	~	cohort	2	2	W2__g1_g2	-0.0768429733307143	0.0446406603997807	-1.72136730600634	0.0851841930611159	-0.0930455920884342	-0.0464631571531322	-0.0930455920884342
EmoDiss	~	hgrades_c	2	2		-0.0131813931049754	0.0209028585953306	-0.630602414730008	0.528300519589828	-0.0159607374993729	-0.0164621835659673	-0.0159607374993729
EmoDiss	~	bparented_c	2	2		-0.00516284991647445	0.0282565451761487	-0.182713416813334	0.855022887886005	-0.00625145548799423	-0.00514687875299749	-0.00625145548799423
EmoDiss	~	pell	2	2		0.212764191986632	0.0460176147184597	4.62353803621382	3.77249527350187e-06	0.25762629113026	0.128463323379839	0.25762629113026
EmoDiss	~	hapcl	2	2		0.0200995595117043	0.0458775347485272	0.438113329800259	0.661304132021178	0.0243376243060565	0.0121634387584902	0.0243376243060565
EmoDiss	~	hprecalc13	2	2		-0.012872553115729	0.0488858312053074	-0.263318691701646	0.792304954011003	-0.0155867774817622	-0.00732803956301929	-0.0155867774817622
EmoDiss	~	hchallenge_c	2	2		0.0677983069816734	0.027984437312662	2.42271467616742	0.0154050207430254	0.0820938251380985	0.0669123201443239	0.0820938251380985
EmoDiss	~	cSFcareer_c	2	2		0.0328963336739618	0.0241129342359145	1.36426091292386	0.172485463090879	0.0398326445680238	0.0358260644325674	0.0398326445680238
QualEngag	~	x_FASt	2	2	W2__a2_g2	0.0206405532883516	0.103100525650802	0.20019833223994	0.84132547145234	0.0183884563022029	0.00917674267194224	0.0183884563022029
QualEngag	~	credit_dose_c	2	2	W2__a2c_g2	0.151371134353378	0.106014925491235	1.42782852180462	0.15334122122719	0.134854984291667	0.211085136742171	0.134854984291667
QualEngag	~	XZ_c	2	2	W2__a2z_g2	-0.447576597967874	0.110630581201269	-4.04568604004352	5.21701145999032e-05	-0.398741380555219	-0.530167309611464	-0.398741380555219
QualEngag	~	cohort	2	2	W2__g2_g2	0.0107838538695061	0.0583952336415183	0.184670103996962	0.853487796379564	0.00960722432574823	0.00479745427626894	0.00960722432574823
QualEngag	~	hgrades_c	2	2		0.0295095064449704	0.0278446532728462	1.05979076685964	0.289239798254755	0.0262897153086079	0.0271156717742103	0.0262897153086079
QualEngag	~	bparented_c	2	2		0.0652822962908884	0.0357790070103082	1.82459776684356	0.0680617506730188	0.0581593252798086	0.0478830883697708	0.0581593252798086
QualEngag	~	pell	2	2		-0.186736541947622	0.0590454889305603	-3.16258778324677	0.00156373582141045	-0.166361661611376	-0.082954933830041	-0.166361661611376
QualEngag	~	hapcl	2	2		0.0503988872973301	0.0582353350479646	0.865434830173466	0.386800170868129	0.044899849524364	0.0224400115264791	0.044899849524364
QualEngag	~	hprecalc13	2	2		0.198569078144697	0.0644899102485896	3.0790720188518	0.00207646478713919	0.176903146220073	0.0831700623069856	0.176903146220073
QualEngag	~	hchallenge_c	2	2		-0.0534387778742418	0.0352141206506215	-1.51753833084282	0.129130823464118	-0.0476080567248253	-0.0388039603181101	-0.0476080567248253
QualEngag	~	cSFcareer_c	2	2		-0.0369976913970118	0.0312957735159465	-1.18219450233943	0.237128533551154	-0.032960862145119	-0.0296454825877154	-0.032960862145119
DevAdj	~	x_FASt	2	2	W2__c_g2	0.0292473383012605	0.027244709338143	1.07350524236696	0.283044487814336	0.124826284651579	0.0622944457172801	0.124826284651579
DevAdj	~	credit_dose_c	2	2	W2__cc_g2	-0.0300407621014635	0.0275558426690302	-1.09017758818989	0.275634923765366	-0.128212580666393	-0.200687948348266	-0.128212580666393
DevAdj	~	XZ_c	2	2	W2__cz_g2	0.0550321966302528	0.0298832105942821	1.84157577234297	0.0655372276229234	0.234874865220592	0.312290074373437	0.234874865220592
DevAdj	~	EmoDiss	2	2	W2__b1_g2	-0.135091799936283	0.0189642302785705	-7.12350556557714	1.05226938273972e-12	-0.476164529749368	-0.476164529749368	-0.476164529749368
DevAdj	~	QualEngag	2	2	W2__b2_g2	0.0906687100086055	0.013853456661641	6.54484380491544	5.95576921114116e-11	0.434363371323097	0.434363371323097	0.434363371323097
DevAdj	~	cohort	2	2	W2__g3_g2	0.0179449774623066	0.0162325896821909	1.10549073275686	0.268947007790011	0.0765883323023457	0.0382450757740144	0.0765883323023457
DevAdj	~	hgrades_c	2	2		0.0189128467609526	0.00737735615933901	2.56363477002676	0.0103582478462341	0.0807191536213269	0.083255145588104	0.0807191536213269
DevAdj	~	bparented_c	2	2		-0.00137717858447747	0.00969776900030482	-0.142009835915269	0.887072236492176	-0.00587773438496572	-0.00483919085400849	-0.00587773438496572
DevAdj	~	pell	2	2		-0.00997450734169342	0.0172796855940905	-0.577238936864952	0.563778057329241	-0.04257073515096	-0.0212275621879374	-0.04257073515096
DevAdj	~	hapcl	2	2		0.0483164625699576	0.0162552944461662	2.97235234526021	0.00295527319538746	0.206212423434613	0.103060683004404	0.206212423434613
DevAdj	~	hprecalc13	2	2		-0.00176836762241441	0.0176482527043268	-0.100200719699626	0.920184974654069	-0.00754731107256432	-0.00354832768985627	-0.00754731107256432
DevAdj	~	hchallenge_c	2	2		0.0252059941997375	0.011390897664885	2.21281894906673	0.0269101303359685	0.107578015287869	0.087683751942657	0.107578015287869
DevAdj	~	cSFcareer_c	2	2		-0.000279682489618332	0.00836977498128714	-0.0334157716597683	0.973343032720556	-0.00119367190619379	-0.00107360601050763	-0.00119367190619379
sbvalued	~~	sbvalued	2	2		0.270046413399728	0.0144317164040095	18.7120094270077	0	0.270046413399728	0.502056772065336	0.502056772065336
sbmyself	~~	sbmyself	2	2		0.261202058606653	0.0131154959255399	19.9155304602713	0	0.261202058606653	0.511320282632071	0.511320282632071
sbcommunity	~~	sbcommunity	2	2		0.289907501515798	0.0175942734412237	16.4773784199886	0	0.289907501515798	0.458748229983441	0.458748229983441
pganalyze	~~	pganalyze	2	2		0.240522487704704	0.0113707330326269	21.1527688685113	0	0.240522487704704	0.625858009949499	0.625858009949499
pgthink	~~	pgthink	2	2		0.251044726187015	0.0106426850190004	23.5884765675979	0	0.251044726187015	0.786288741779193	0.786288741779193
pgwork	~~	pgwork	2	2		0.232987194141533	0.00997279818952537	23.3622690155551	0	0.232987194141533	0.67018895886681	0.67018895886681
pgvalues	~~	pgvalues	2	2		0.224650962574062	0.00987069259417702	22.7593920518394	0	0.224650962574062	0.715427012621816	0.715427012621816
pgprobsolve	~~	pgprobsolve	2	2		0.225228718246535	0.010835124136587	20.7869070448399	0	0.225228718246535	0.621919873134806	0.621919873134806
SEacademic	~~	SEacademic	2	2		0.203717628944296	0.00775979304030993	26.2529719395918	0	0.203717628944296	0.707977890393527	0.707977890393527
SEwellness	~~	SEwellness	2	2		0.228264953958016	0.00941692283785372	24.2398666622229	0	0.228264953958016	0.632265088456616	0.632265088456616
SEnonacad	~~	SEnonacad	2	2		0.212184651080539	0.010094990415132	21.0188065916816	0	0.212184651080539	0.580821808316534	0.580821808316534
SEactivities	~~	SEactivities	2	2		0.214849225472597	0.00990884957964927	21.6825599930241	0	0.214849225472597	0.554757356610856	0.554757356610856
SEdiverse	~~	SEdiverse	2	2		0.226605024682311	0.00946169434540797	23.9497299754022	0	0.226605024682311	0.658365946881022	0.658365946881022
sameinst	~~	sameinst	2	2		0.168685537872275	0.021452758428945	7.8631164580065	3.77475828372553e-15	0.168685537872275	0.382635607979032	0.382635607979032
evalexp	~~	evalexp	2	2		0.255867941895763	0.0199458326778554	12.828140395454	0	0.255867941895763	0.533728839546365	0.533728839546365
MHWdacad	~~	MHWdacad	2	2		1.43522385658471	0.0526616996815018	27.2536561726066	0	1.43522385658471	0.67786381002927	0.67786381002927
MHWdlonely	~~	MHWdlonely	2	2		1.6028215852593	0.0539573611111391	29.7053368113736	0	1.6028215852593	0.755130771286014	0.755130771286014
MHWdmental	~~	MHWdmental	2	2		1.42482221171376	0.0614733617000012	23.1778801795011	0	1.42482221171376	0.613038429555547	0.613038429555547
MHWdexhaust	~~	MHWdexhaust	2	2		1.35946239129385	0.0537755711990055	25.280296628797	0	1.35946239129385	0.695130388094159	0.695130388094159
MHWdsleep	~~	MHWdsleep	2	2		1.34734273276164	0.055329164890797	24.3514019309867	0	1.34734273276164	0.648082392260175	0.648082392260175
MHWdfinancial	~~	MHWdfinancial	2	2		1.43837629946384	0.0564003498871078	25.5029676649689	0	1.43837629946384	0.629048683461645	0.629048683461645
QIadmin	~~	QIadmin	2	2		0.895075960130936	0.0456999143049649	19.585943950746	0	0.895075960130936	0.415344132801273	0.415344132801273
QIstudent	~~	QIstudent	2	2		1.00057333595146	0.0441266067236824	22.6750573008475	0	1.00057333595146	0.542840382528669	0.542840382528669
QIadvisor	~~	QIadvisor	2	2		0.900580280609164	0.0397173460737564	22.6747345841476	0	0.900580280609164	0.474901698904485	0.474901698904485
QIfaculty	~~	QIfaculty	2	2		0.997293180093536	0.0461269411828983	21.6206224501026	0	0.997293180093536	0.524904107475822	0.524904107475822
QIstaff	~~	QIstaff	2	2		0.942766709762789	0.0420198165273482	22.4362405092654	0	0.942766709762789	0.539724489346546	0.539724489346546
Belong	~~	Belong	2	2		0.212935302860533	0.017633368906606	12.0757016987696	0	0.795027690666031	0.795027690666031	0.795027690666031
Gains	~~	Gains	2	2		0.0913079395090671	0.0101355191331964	9.00870871132889	0	0.635027039976334	0.635027039976334	0.635027039976334
SupportEnv	~~	SupportEnv	2	2		0.0698361573715723	0.00728076398480092	9.59187216030625	0	0.831104594792558	0.831104594792558	0.831104594792558
Satisf	~~	Satisf	2	2		0.18366194061996	0.0221403302823131	8.2953568568342	0	0.674815616814859	0.674815616814859	0.674815616814859
DevAdj	~~	DevAdj	2	2		0.0319071567047113	0.00612769132747959	5.20704372976881	1.91872888244404e-07	0.581202530766612	0.581202530766612	0.581202530766612
EmoDiss	~~	EmoDiss	2	2		0.529842233003919	0.0470109598405801	11.2706108277874	0	0.776836920835085	0.776836920835085	0.776836920835085
QualEngag	~~	QualEngag	2	2		1.0936241118773	0.0628995940694427	17.3868230480138	0	0.867992457685575	0.867992457685575	0.867992457685575
x_FASt	~~	x_FASt	2	2		0.249050009852441	0	NA	NA	0.249050009852441	1	0.249050009852441
x_FASt	~~	credit_dose_c	2	2		0.563542796001067	0	NA	NA	0.563542796001067	0.72142795892339	0.563542796001067
x_FASt	~~	XZ_c	2	2		0.404574268645463	0	NA	NA	0.404574268645463	0.60972406849769	0.404574268645463
x_FASt	~~	cohort	2	2		-0.000959468358446014	0	NA	NA	-0.000959468358446014	-0.00385012174557397	-0.000959468358446014
x_FASt	~~	hgrades_c	2	2		-0.009172594166375	0	NA	NA	-0.009172594166375	-0.017820275429375	-0.009172594166375
x_FASt	~~	bparented_c	2	2		-0.00227970382062803	0	NA	NA	-0.00227970382062803	-0.00554845861633319	-0.00227970382062803
x_FASt	~~	pell	2	2		0.00698883664843897	0	NA	NA	0.00698883664843897	0.0280848841204069	0.00698883664843897
x_FASt	~~	hapcl	2	2		-0.00221835802461229	0	NA	NA	-0.00221835802461229	-0.0088942670962909	-0.00221835802461229
x_FASt	~~	hprecalc13	2	2		-0.000501827560298207	0	NA	NA	-0.000501827560298207	-0.0021388471898337	-0.000501827560298207
x_FASt	~~	hchallenge_c	2	2		0.0144690082056671	0	NA	NA	0.0144690082056671	0.035571312031868	0.0144690082056671
x_FASt	~~	cSFcareer_c	2	2		-0.000741629539291124	0	NA	NA	-0.000741629539291124	-0.00165228049585043	-0.000741629539291124
credit_dose_c	~~	credit_dose_c	2	2		2.45008585359885	0	NA	NA	2.45008585359885	1	2.45008585359885
credit_dose_c	~~	XZ_c	2	2		2.02608089837471	0	NA	NA	2.02608089837471	0.973519137876012	2.02608089837471
credit_dose_c	~~	cohort	2	2		0.0118894924810825	0	NA	NA	0.0118894924810825	0.0152110695617564	0.0118894924810825
credit_dose_c	~~	hgrades_c	2	2		-0.00984167652766987	0	NA	NA	-0.00984167652766987	-0.00609598584931036	-0.00984167652766987
credit_dose_c	~~	bparented_c	2	2		-0.0479979510557935	0	NA	NA	-0.0479979510557935	-0.0372451092795611	-0.0479979510557935
credit_dose_c	~~	pell	2	2		0.0447367838462226	0	NA	NA	0.0447367838462226	0.0573172223641318	0.0447367838462226
credit_dose_c	~~	hapcl	2	2		-0.00295302395059543	0	NA	NA	-0.00295302395059543	-0.00377483634443174	-0.00295302395059543
credit_dose_c	~~	hprecalc13	2	2		-0.0117336993861915	0	NA	NA	-0.0117336993861915	-0.0159445709072964	-0.0117336993861915
credit_dose_c	~~	hchallenge_c	2	2		0.111468719914327	0	NA	NA	0.111468719914327	0.0873708911433908	0.111468719914327
credit_dose_c	~~	cSFcareer_c	2	2		-0.00983471439793175	0	NA	NA	-0.00983471439793175	-0.00698571943852451	-0.00983471439793175
XZ_c	~~	XZ_c	2	2		1.76784129528999	0	NA	NA	1.76784129528999	1	1.76784129528999
XZ_c	~~	cohort	2	2		0.00713799060406345	0	NA	NA	0.00713799060406345	0.0107508158259763	0.00713799060406345
XZ_c	~~	hgrades_c	2	2		3.88651589743882e-05	0	NA	NA	3.88651589743882e-05	2.83402923599539e-05	3.88651589743882e-05
XZ_c	~~	bparented_c	2	2		-0.050976381022499	0	NA	NA	-0.050976381022499	-0.0465676764415248	-0.050976381022499
XZ_c	~~	pell	2	2		0.044217676099259	0	NA	NA	0.044217676099259	0.0666937757706716	0.044217676099259
XZ_c	~~	hapcl	2	2		-0.000362191659862954	0	NA	NA	-0.000362191659862954	-0.000545052854335983	-0.000362191659862954
XZ_c	~~	hprecalc13	2	2		-0.0121685112465887	0	NA	NA	-0.0121685112465887	-0.0194663416210135	-0.0121685112465887
XZ_c	~~	hchallenge_c	2	2		0.100898458355371	0	NA	NA	0.100898458355371	0.0931037762916547	0.100898458355371
XZ_c	~~	cSFcareer_c	2	2		-0.00986072270218072	0	NA	NA	-0.00986072270218072	-0.00824569273147049	-0.00986072270218072
cohort	~~	cohort	2	2		0.24935944666099	0	NA	NA	0.24935944666099	1	0.24935944666099
cohort	~~	hgrades_c	2	2		-0.0357873455534016	0	NA	NA	-0.0357873455534016	-0.0694835643788906	-0.0357873455534016
cohort	~~	bparented_c	2	2		0.00202077246188392	0	NA	NA	0.00202077246188392	0.00491520581512498	0.00202077246188392
cohort	~~	pell	2	2		0.00944417519049556	0	NA	NA	0.00944417519049556	0.037928192812195	0.00944417519049556
cohort	~~	hapcl	2	2		-0.00176819516740448	0	NA	NA	-0.00176819516740448	-0.00708498763062843	-0.00176819516740448
cohort	~~	hprecalc13	2	2		0.0239144127574565	0	NA	NA	0.0239144127574565	0.101862736253754	0.0239144127574565
cohort	~~	hchallenge_c	2	2		0.0124896535554006	0	NA	NA	0.0124896535554006	0.0306861131430975	0.0124896535554006
cohort	~~	cSFcareer_c	2	2		-0.0147988767645873	0	NA	NA	-0.0147988767645873	-0.032950034928174	-0.0147988767645873
hgrades_c	~~	hgrades_c	2	2		1.06382200711841	0	NA	NA	1.06382200711841	1	1.06382200711841
hgrades_c	~~	bparented_c	2	2		0.0831783009428138	0	NA	NA	0.0831783009428138	0.0979518776612904	0.0831783009428138
hgrades_c	~~	pell	2	2		-0.0506589414607085	0	NA	NA	-0.0506589414607085	-0.0984991888017287	-0.0506589414607085
hgrades_c	~~	hapcl	2	2		-0.0463116375012451	0	NA	NA	-0.0463116375012451	-0.0898415967303147	-0.0463116375012451
hgrades_c	~~	hprecalc13	2	2		-0.039789061640182	0	NA	NA	-0.039789061640182	-0.0820536192976184	-0.039789061640182
hgrades_c	~~	hchallenge_c	2	2		-0.015272486589785	0	NA	NA	-0.015272486589785	-0.0181668516706002	-0.015272486589785
hgrades_c	~~	cSFcareer_c	2	2		0.0208240642225518	0	NA	NA	0.0208240642225518	0.0224476585527437	0.0208240642225518
bparented_c	~~	bparented_c	2	2		0.677837495242004	0	NA	NA	0.677837495242004	1	0.677837495242004
bparented_c	~~	pell	2	2		0.0197444673148699	0	NA	NA	0.0197444673148699	0.0480943052309116	0.0197444673148699
bparented_c	~~	hapcl	2	2		-0.0227189195039164	0	NA	NA	-0.0227189195039164	-0.0552136792955868	-0.0227189195039164
bparented_c	~~	hprecalc13	2	2		-0.0215847953029219	0	NA	NA	-0.0215847953029219	-0.0557639681141219	-0.0215847953029219
bparented_c	~~	hchallenge_c	2	2		0.00138862364748438	0	NA	NA	0.00138862364748438	0.0020693129013066	0.00138862364748438
bparented_c	~~	cSFcareer_c	2	2		0.0240163647303233	0	NA	NA	0.0240163647303233	0.0324328052734485	0.0240163647303233
pell	~~	pell	2	2		0.248643977010925	0	NA	NA	0.248643977010925	1	0.248643977010925
pell	~~	hapcl	2	2		0.0141240123450467	0	NA	NA	0.0141240123450467	0.0566749214052433	0.0141240123450467
pell	~~	hprecalc13	2	2		-0.00403730601365027	0	NA	NA	-0.00403730601365027	-0.017221509949464	-0.00403730601365027
pell	~~	hchallenge_c	2	2		0.0227859875145932	0	NA	NA	0.0227859875145932	0.0560638975050995	0.0227859875145932
pell	~~	cSFcareer_c	2	2		0.00238559644414756	0	NA	NA	0.00238559644414756	0.00531922113272758	0.00238559644414756
hapcl	~~	hapcl	2	2		0.249779263246777	0	NA	NA	0.249779263246777	1	0.249779263246777
hapcl	~~	hprecalc13	2	2		-0.0104362877556435	0	NA	NA	-0.0104362877556435	-0.0444156871229658	-0.0104362877556435
hapcl	~~	hchallenge_c	2	2		-0.0104821817672523	0	NA	NA	-0.0104821817672523	-0.0257322581194969	-0.0104821817672523
hapcl	~~	cSFcareer_c	2	2		0.0140523269132515	0	NA	NA	0.0140523269132515	0.0312615201748821	0.0140523269132515
hprecalc13	~~	hprecalc13	2	2		0.22103596292055	0	NA	NA	0.22103596292055	1	0.22103596292055
hprecalc13	~~	hchallenge_c	2	2		0.0301184889383652	0	NA	NA	0.0301184889383652	0.0785970258190543	0.0301184889383652
hprecalc13	~~	cSFcareer_c	2	2		0.0014606425222136	0	NA	NA	0.0014606425222136	0.00345423999319104	0.0014606425222136
hchallenge_c	~~	hchallenge_c	2	2		0.664341211514987	0	NA	NA	0.664341211514987	1	0.664341211514987
hchallenge_c	~~	cSFcareer_c	2	2		-0.000246139629750533	0	NA	NA	-0.000246139629750533	-0.000335757702387596	-0.000246139629750533
cSFcareer_c	~~	cSFcareer_c	2	2		0.808946728885058	0	NA	NA	0.808946728885058	1	0.808946728885058
sbvalued	~1		2	2		2.76530260511023	0.0431171462011236	64.1346389719588	0	2.76530260511023	3.7705080359724	3.7705080359724
sbmyself	~1		2	2		2.83893918942726	0.0407713294310673	69.6307731202902	0	2.83893918942726	3.97204630199613	3.97204630199613
sbcommunity	~1		2	2		2.46865784477321	0.0476229374117286	51.8375803539835	0	2.46865784477321	3.10540591053741	3.10540591053741
pganalyze	~1		2	2		2.80014602582111	0.0402150598286141	69.6292890711736	0	2.80014602582111	4.51690278959746	4.51690278959746
pgthink	~1		2	2		2.78096158847078	0.0296570659724632	93.7706242098569	0	2.78096158847078	4.92164707524005	4.92164707524005
pgwork	~1		2	2		2.73997954078544	0.0358549088703788	76.4185331133013	0	2.73997954078544	4.64707764341677	4.64707764341677
pgvalues	~1		2	2		2.73949808724192	0.0319605172477282	85.7150735705521	0	2.73949808724192	4.88876911013228	4.88876911013228
pgprobsolve	~1		2	2		2.80596785835393	0.0394176360009641	71.1855946481746	0	2.80596785835393	4.66270593725109	4.66270593725109
SEacademic	~1		2	2		2.76080547288997	0.0236739347415122	116.617938802074	0	2.76080547288997	5.14672955996622	5.14672955996622
SEwellness	~1		2	2		2.59630922097215	0.028887772707342	89.8757147972255	0	2.59630922097215	4.32102120606749	4.32102120606749
SEnonacad	~1		2	2		2.54307500744665	0.0309209846880886	82.2443086175809	0	2.54307500744665	4.20749534960612	4.20749534960612
SEactivities	~1		2	2		2.4635296350813	0.0321550399383825	76.6141059007258	0	2.4635296350813	3.95860737881335	3.95860737881335
SEdiverse	~1		2	2		2.64807110817458	0.0274225219693254	96.5655569949651	0	2.64807110817458	4.51365701705339	4.51365701705339
sameinst	~1		2	2		3.22651135693283	0.0522494381199011	61.7520775922736	0	3.22651135693283	4.85944828245787	4.85944828245787
evalexp	~1		2	2		3.12767854295967	0.0495794194778001	63.0842106644701	0	3.12767854295967	4.51725396582891	4.51725396582891
MHWdacad	~1		2	2		3.8282942614819	0.100700770581611	38.0165339288972	0	3.8282942614819	2.63097495660361	2.63097495660361
MHWdlonely	~1		2	2		3.27925983857459	0.0898008113396587	36.5170402099293	0	3.27925983857459	2.25083843738296	2.25083843738296
MHWdmental	~1		2	2		3.5979265945189	0.111602401305261	32.238791929554	0	3.5979265945189	2.36002068878398	2.36002068878398
MHWdexhaust	~1		2	2		4.15911636476583	0.0955122573816653	43.5453676709375	0	4.15911636476583	2.97406605236827	2.97406605236827
MHWdsleep	~1		2	2		3.94539854616992	0.105132194672319	37.5279766437591	0	3.94539854616992	2.73632040625834	2.73632040625834
MHWdfinancial	~1		2	2		3.43568541320533	0.111308224491288	30.8664110752591	0	3.43568541320533	2.27205719974022	2.27205719974022
QIadmin	~1		2	2		4.55848593449318	0.128012742672696	35.6096263490608	0	4.55848593449318	3.1052367158034	3.1052367158034
QIstudent	~1		2	2		5.23830584911573	0.10453819861317	50.109012003348	0	5.23830584911573	3.85835748326481	3.85835748326481
QIadvisor	~1		2	2		4.98864868326984	0.114538373904011	43.5543871737747	0	4.98864868326984	3.62262654880167	3.62262654880167
QIfaculty	~1		2	2		5.06223120296647	0.109397980283408	46.2735343911485	0	5.06223120296647	3.6725738491369	3.6725738491369
QIstaff	~1		2	2		4.83089361038409	0.101746867172752	47.4795317499249	0	4.83089361038409	3.65520228001935	3.65520228001935
x_FASt	~1		2	2		0.530821910186738	0	NA	NA	0.530821910186738	1.06366668965937	0.530821910186738
credit_dose_c	~1		2	2		0.562828068839299	0	NA	NA	0.562828068839299	0.359571363259654	0.562828068839299
XZ_c	~1		2	2		0.862304266609057	0	NA	NA	0.862304266609057	0.648543181544583	0.862304266609057
cohort	~1		2	2		0.474690844759069	0	NA	NA	0.474690844759069	0.950600290978917	0.474690844759069
hgrades_c	~1		2	2		0.465039148512704	0	NA	NA	0.465039148512704	0.450873831323785	0.465039148512704
bparented_c	~1		2	2		-0.694317023854291	0	NA	NA	-0.694317023854291	-0.843325086423276	-0.694317023854291
pell	~1		2	2		1.53682421742645	0	NA	NA	1.53682421742645	3.08201837565784	1.53682421742645
hapcl	~1		2	2		0.514857212161872	0	NA	NA	0.514857212161872	1.0301693172182	0.514857212161872
hprecalc13	~1		2	2		0.329811759867347	0	NA	NA	0.329811759867347	0.701511293397362	0.329811759867347
hchallenge_c	~1		2	2		0.0168577693994413	0	NA	NA	0.0168577693994413	0.0206825704191864	0.0168577693994413
cSFcareer_c	~1		2	2		0.00786547656066718	0	NA	NA	0.00786547656066718	0.00874510603275676	0.00786547656066718
Belong	~1		2	2		0	0	NA	NA	0	0	0
Gains	~1		2	2		0	0	NA	NA	0	0	0
SupportEnv	~1		2	2		0	0	NA	NA	0	0	0
Satisf	~1		2	2		0	0	NA	NA	0	0	0
DevAdj	~1		2	2		0	0	NA	NA	0	0	0
EmoDiss	~1		2	2		0	0	NA	NA	0	0	0
QualEngag	~1		2	2		0	0	NA	NA	0	0	0
W2__dir_z_low_g1	:=	W2__c_g1+W2__cz_g1*-1.30278493088	0	0	W2__dir_z_low_g1	-0.0569242780189739	0.0438943992692633	-1.296846043382	0.194684164698361	-0.206153613647781	-0.0678648402035781	-0.206153613647781
W2__dir_z_low_g2	:=	W2__c_g2+W2__cz_g2*-1.30278493088	0	0	W2__dir_z_low_g2	-0.0424477781818578	0.0363055798149841	-1.16918056117475	0.242330891313517	-0.181165150400278	-0.344552357239828	-0.181165150400278
W2__dir_z_mid_g1	:=	W2__c_g1+W2__cz_g1*0	0	0	W2__dir_z_mid_g1	-0.069019708557013	0.0311978593712721	-2.21232193323393	0.0269444286634415	-0.24995771272149	-0.124737854255941	-0.24995771272149
W2__dir_z_mid_g2	:=	W2__c_g2+W2__cz_g2*0	0	0	W2__dir_z_mid_g2	0.0292473383012605	0.027244709338143	1.07350524236696	0.283044487814336	0.124826284651579	0.0622944457172801	0.124826284651579
W2__dir_z_high_g1	:=	W2__c_g1+W2__cz_g1*1.30278493088	0	0	W2__dir_z_high_g1	-0.0811151390950521	0.055111184205956	-1.47184532983208	0.14106264953928	-0.293761811795199	-0.181610868308305	-0.293761811795199
W2__dir_z_high_g2	:=	W2__c_g2+W2__cz_g2*1.30278493088	0	0	W2__dir_z_high_g2	0.100942454784379	0.0565487445219172	1.78505209333614	0.0742528675551846	0.430817719703437	0.469141248674389	0.430817719703437
W2__a1_z_low_g1	:=	W2__a1_g1+W2__a1z_g1*-1.30278493088	0	0	W2__a1_z_low_g1	0.318188488490861	0.0976282366943422	3.25918503974477	0.0011173276652221	0.420440494130527	0.578845198805986	0.420440494130527
W2__a1_z_low_g2	:=	W2__a1_g2+W2__a1z_g2*-1.30278493088	0	0	W2__a1_z_low_g2	0.189980261406082	0.0987519989607078	1.92381180538606	0.054378177134327	0.230038286409968	0.410224804427073	0.230038286409968
W2__a1_z_mid_g1	:=	W2__a1_g1+W2__a1z_g1*0	0	0	W2__a1_z_mid_g1	-0.0312131552257546	0.0721220976892694	-0.432782132325564	0.665173055139386	-0.0412437120800052	-0.0205820900279321	-0.0412437120800052
W2__a1_z_mid_g2	:=	W2__a1_g2+W2__a1z_g2*0	0	0	W2__a1_z_mid_g2	-0.103776224421127	0.0766283463587232	-1.35427983706337	0.175647116355214	-0.125657816550242	-0.0627094209676291	-0.125657816550242
W2__a1_z_high_g1	:=	W2__a1_g1+W2__a1z_g1*1.30278493088	0	0	W2__a1_z_high_g1	-0.380614798942371	0.146159033649967	-2.60411409023062	0.00921120885718385	-0.502927918290538	-0.620009378861851	-0.502927918290538
W2__a1_z_high_g2	:=	W2__a1_g2+W2__a1z_g2*1.30278493088	0	0	W2__a1_z_high_g2	-0.397532710248337	0.154715880241044	-2.56943701983913	0.0101863905851798	-0.481353919510452	-0.535643646362332	-0.481353919510452
W2__a2_z_low_g1	:=	W2__a2_g1+W2__a2z_g1*-1.30278493088	0	0	W2__a2_z_low_g1	0.219125026144431	0.118585715598539	1.84781973982649	0.0646284242865769	0.221810018329203	0.276365740173239	0.221810018329203
W2__a2_z_low_g2	:=	W2__a2_g2+W2__a2z_g2*-1.30278493088	0	0	W2__a2_z_low_g2	0.603736600535434	0.127541994144721	4.73362992780542	2.20539676409892e-06	0.53786271820783	0.699870724478949	0.53786271820783
W2__a2_z_mid_g1	:=	W2__a2_g1+W2__a2z_g1*0	0	0	W2__a2_z_mid_g1	0.0143628689973191	0.0896647411563785	0.160184134946308	0.872736026495414	0.0145388607207988	0.00725541240513406	0.0145388607207988
W2__a2_z_mid_g2	:=	W2__a2_g2+W2__a2z_g2*0	0	0	W2__a2_z_mid_g2	0.0206405532883516	0.103100525650802	0.20019833223994	0.84132547145234	0.0183884563022029	0.00917674267194224	0.0183884563022029
W2__a2_z_high_g1	:=	W2__a2_g1+W2__a2z_g1*1.30278493088	0	0	W2__a2_z_high_g1	-0.190399288149793	0.169586645315028	-1.12272571814899	0.261554001803238	-0.192732296887606	-0.261854915362971	-0.192732296887606
W2__a2_z_high_g2	:=	W2__a2_g2+W2__a2z_g2*1.30278493088	0	0	W2__a2_z_high_g2	-0.56245549395873	0.215727033896927	-2.60725549226931	0.00912712295674023	-0.501085805603424	-0.681517239135065	-0.501085805603424
W2__ind_EmoDiss_z_low_g1	:=	W2__a1_z_low_g1*W2__b1_g1	0	0	W2__ind_EmoDiss_z_low_g1	-0.0508119611501299	0.016385100487652	-3.10110769161424	0.00192798158335905	-0.184017606760659	-0.253347880749342	-0.184017606760659
W2__ind_EmoDiss_z_low_g2	:=	W2__a1_z_low_g2*W2__b1_g2	0	0	W2__ind_EmoDiss_z_low_g2	-0.0256647754657132	0.0138121347419558	-1.85813242812885	0.0631502107952682	-0.109536072472753	-0.195334501091544	-0.109536072472753
W2__ind_EmoDiss_z_mid_g1	:=	W2__a1_z_mid_g1*W2__b1_g1	0	0	W2__ind_EmoDiss_z_mid_g1	0.00498447206002416	0.0114968241983364	0.433552081343075	0.664613738328885	0.018051470533502	0.0090083305531856	0.018051470533502
W2__ind_EmoDiss_z_mid_g2	:=	W2__a1_z_mid_g2*W2__b1_g2	0	0	W2__ind_EmoDiss_z_mid_g2	0.0140193169476418	0.0104338441569842	1.34363871423722	0.179065244099935	0.0598337951269782	0.0298600019459062	0.0598337951269782
W2__ind_EmoDiss_z_high_g1	:=	W2__a1_z_high_g1*W2__b1_g1	0	0	W2__ind_EmoDiss_z_high_g1	0.0607809052701782	0.0237421190831463	2.56004550635602	0.0104658457904205	0.220120547827663	0.271364541855713	0.220120547827663
W2__ind_EmoDiss_z_high_g2	:=	W2__a1_z_high_g2*W2__b1_g2	0	0	W2__ind_EmoDiss_z_high_g2	0.0537034093609968	0.0218332973727326	2.45970218992512	0.0139052347896973	0.229203662726709	0.255054504983356	0.229203662726709
W2__ind_QualEngag_z_low_g1	:=	W2__a2_z_low_g1*W2__b2_g1	0	0	W2__ind_QualEngag_z_low_g1	0.027460547270968	0.0152615801794532	1.79932529581296	0.0719672389409634	0.099449501156059	0.123909799944483	0.099449501156059
W2__ind_QualEngag_z_low_g2	:=	W2__a2_z_low_g2*W2__b2_g2	0	0	W2__ind_QualEngag_z_low_g2	0.0547400187555285	0.01407887936936	3.88809487739911	0.000101034134915245	0.233627863589758	0.303998207375015	0.233627863589758
W2__ind_QualEngag_z_mid_g1	:=	W2__a2_z_mid_g1*W2__b2_g1	0	0	W2__ind_QualEngag_z_mid_g1	0.0017999415675489	0.0112402599321554	0.1601334469499	0.872775954276658	0.00651856240287097	0.0032529961892937	0.00651856240287097
W2__ind_QualEngag_z_mid_g2	:=	W2__a2_z_mid_g2*W2__b2_g2	0	0	W2__ind_QualEngag_z_mid_g2	0.00187145234051872	0.00933952405801954	0.200379840438632	0.841183524755675	0.00798727187285232	0.00398604088474936	0.00798727187285232
W2__ind_QualEngag_z_high_g1	:=	W2__a2_z_high_g1*W2__b2_g1	0	0	W2__ind_QualEngag_z_high_g1	-0.0238606641358702	0.0214483106683424	-1.11247288911608	0.265934880443456	-0.0864123763503171	-0.117403807565895	-0.0864123763503171
W2__ind_QualEngag_z_high_g2	:=	W2__a2_z_high_g2*W2__b2_g2	0	0	W2__ind_QualEngag_z_high_g2	-0.0509971140744911	0.0212434306869974	-2.40060632512173	0.0163679348676304	-0.217653319844053	-0.296026125605516	-0.217653319844053
W2__total_z_low_g1	:=	W2__dir_z_low_g1+W2__ind_EmoDiss_z_low_g1+W2__ind_QualEngag_z_low_g1	0	0	W2__total_z_low_g1	-0.0802756918981358	0.0465728704298381	-1.72365781102264	0.0847696354627416	-0.290721719252381	-0.197302921008438	-0.290721719252381
W2__total_z_low_g2	:=	W2__dir_z_low_g2+W2__ind_EmoDiss_z_low_g2+W2__ind_QualEngag_z_low_g2	0	0	W2__total_z_low_g2	-0.0133725348920425	0.038502369852495	-0.347317189650236	0.728353038174064	-0.0570733592832731	-0.235888650956357	-0.0570733592832731
W2__total_z_mid_g1	:=	W2__dir_z_mid_g1+W2__ind_EmoDiss_z_mid_g1+W2__ind_QualEngag_z_mid_g1	0	0	W2__total_z_mid_g1	-0.0622352949294399	0.0332757372751225	-1.87029048867891	0.0614434896320311	-0.225387679785117	-0.112476527513462	-0.225387679785117
W2__total_z_mid_g2	:=	W2__dir_z_mid_g2+W2__ind_EmoDiss_z_mid_g2+W2__ind_QualEngag_z_mid_g2	0	0	W2__total_z_mid_g2	0.0451381075894211	0.029672297275155	1.52122052333359	0.128204506838844	0.19264735165141	0.0961404885479357	0.19264735165141
W2__total_z_high_g1	:=	W2__dir_z_high_g1+W2__ind_EmoDiss_z_high_g1+W2__ind_QualEngag_z_high_g1	0	0	W2__total_z_high_g1	-0.0441948979607441	0.0596606149378107	-0.740771747103381	0.458831848464291	-0.160053640317854	-0.0276501340184864	-0.160053640317854
W2__total_z_high_g2	:=	W2__dir_z_high_g2+W2__ind_EmoDiss_z_high_g2+W2__ind_QualEngag_z_high_g2	0	0	W2__total_z_high_g2	0.103648750070885	0.0620988617165586	1.66909259213115	0.0950990311795459	0.442368062586093	0.428169628052228	0.442368062586093
W2__index_MM_EmoDiss_g1	:=	W2__a1z_g1*W2__b1_g1	0	0	W2__index_MM_EmoDiss_g1	0.0428285835118348	0.0129333845030625	3.31147531426856	0.000928054276386314	0.15510547635646	0.201381060744472	0.15510547635646
W2__index_MM_EmoDiss_g2	:=	W2__a1z_g2*W2__b1_g2	0	0	W2__index_MM_EmoDiss_g2	0.030460969783055	0.0115104403517995	2.64637744969444	0.00813589788311031	0.130006007580488	0.172856238738758	0.130006007580488
W2__index_MM_QualEngag_g1	:=	W2__a2z_g1*W2__b2_g1	0	0	W2__index_MM_QualEngag_g1	-0.0196967320508428	0.0113884962716686	-1.72952877895238	0.0837145003749549	-0.0713325250779616	-0.0926145220866872	-0.0713325250779616
W2__index_MM_QualEngag_g2	:=	W2__a2z_g2*W2__b2_g2	0	0	W2__index_MM_QualEngag_g2	-0.0405811927677874	0.0118298584279486	-3.43040392367776	0.000602683359551826	-0.173198650343991	-0.230285259968132	-0.173198650343991
W2__diff_ind_EmoDiss_z_low_g2	:=	W2__ind_EmoDiss_z_low_g2-W2__ind_EmoDiss_z_low_g1	0	0	W2__diff_ind_EmoDiss_z_low_g2	0.0251471856844166	0.021430039293487	1.17345494984973	0.240613412549603	0.0744815342879061	0.0580133796577985	0.0744815342879061
W2__diff_ind_EmoDiss_z_mid_g2	:=	W2__ind_EmoDiss_z_mid_g2-W2__ind_EmoDiss_z_mid_g1	0	0	W2__diff_ind_EmoDiss_z_mid_g2	0.00903484488761764	0.0155255296379765	0.581934729332377	0.560610646513614	0.0417823245934762	0.0208516713927206	0.0417823245934762
W2__diff_ind_EmoDiss_z_high_g2	:=	W2__ind_EmoDiss_z_high_g2-W2__ind_EmoDiss_z_high_g1	0	0	W2__diff_ind_EmoDiss_z_high_g2	-0.00707749590918135	0.0322549390438809	-0.219423633061369	0.826320062043745	0.00908311489904634	-0.0163100368723573	0.00908311489904634
W2__diff_ind_QualEngag_z_low_g2	:=	W2__ind_QualEngag_z_low_g2-W2__ind_QualEngag_z_low_g1	0	0	W2__diff_ind_QualEngag_z_low_g2	0.0272794714845606	0.0207636864229566	1.31380675516271	0.188911243781325	0.134178362433699	0.180088407430532	0.134178362433699
W2__diff_ind_QualEngag_z_mid_g2	:=	W2__ind_QualEngag_z_mid_g2-W2__ind_QualEngag_z_mid_g1	0	0	W2__diff_ind_QualEngag_z_mid_g2	7.15107729698248e-05	0.014614039584343	0.00489329268318384	0.996095732897437	0.00146870946998135	0.00073304469545566	0.00146870946998135
W2__diff_ind_QualEngag_z_high_g2	:=	W2__ind_QualEngag_z_high_g2-W2__ind_QualEngag_z_high_g1	0	0	W2__diff_ind_QualEngag_z_high_g2	-0.0271364499386209	0.0301879674353707	-0.898916099492862	0.368697351893523	-0.131240943493736	-0.178622318039621	-0.131240943493736
W2__diff_total_z_low_g2	:=	W2__total_z_low_g2-W2__total_z_low_g1	0	0	W2__diff_total_z_low_g2	0.0669031570060932	0.0604273509623978	1.10716680345172	0.268221817229167	0.233648359969108	-0.0385857299479193	0.233648359969108
W2__diff_total_z_mid_g2	:=	W2__total_z_mid_g2-W2__total_z_mid_g1	0	0	W2__diff_total_z_mid_g2	0.107373402518861	0.044583852646313	2.40834733082989	0.0160249271071513	0.418035031436527	0.208617016061398	0.418035031436527
W2__diff_total_z_high_g2	:=	W2__total_z_high_g2-W2__total_z_high_g1	0	0	W2__diff_total_z_high_g2	0.147843648031629	0.0861142125392202	1.71683214271157	0.0860098462039895	0.602421702903947	0.455819762070715	0.602421702903947
W2__diff_index_MM_EmoDiss_g2	:=	W2__index_MM_EmoDiss_g2-W2__index_MM_EmoDiss_g1	0	0	W2__diff_index_MM_EmoDiss_g2	-0.0123676137287799	0.0173136556450794	-0.714327117410053	0.475024927744872	-0.0250994687759724	-0.0285248220057136	-0.0250994687759724
W2__diff_index_MM_QualEngag_g2	:=	W2__index_MM_QualEngag_g2-W2__index_MM_QualEngag_g1	0	0	W2__diff_index_MM_QualEngag_g2	-0.0208844607169446	0.0164208220791505	-1.27182796429306	0.203434250820155	-0.101866125266029	-0.137670737881445	-0.101866125266029
