lhs	op	rhs	block	group	est	se	z	pvalue	ci.lower	ci.upper	std.lv	std.all
Belong	=~	sbvalued	1	1	1	0	NA	NA	1	1	0.692268613564252	0.882989895559475
Belong	=~	sbmyself	1	1	0.989045093827706	0.0171148180519978	57.7888173174156	0	0.955500666843834	1.02258952081158	0.684684875856631	0.85464251431374
Belong	=~	sbcommunity	1	1	1.01233948100671	0.0163799527534634	61.8035653852944	0	0.980235363541452	1.04444359847196	0.700810848972868	0.903937497697233
Gains	=~	pganalyze	1	1	1	0	NA	NA	1	1	0.482141083236599	0.704407044459593
Gains	=~	pgthink	1	1	1.04523447505031	0.0289984170667252	36.0445355567248	0	0.988398621990861	1.10207032810977	0.503950482036997	0.780129021287898
Gains	=~	pgwork	1	1	1.07053502682818	0.0326044379073871	32.8340279893502	0	1.00663150279353	1.13443855086283	0.516148917477659	0.750658522830623
Gains	=~	pgvalues	1	1	1.06477419153935	0.0311057234374287	34.2308126567516	0	1.00380809388893	1.12574028918977	0.513371382111157	0.713974961307055
Gains	=~	pgprobsolve	1	1	1.06352537158202	0.0300503568477362	35.3914390092222	0	1.00462775443788	1.12242298872616	0.512769274704162	0.765576979895134
SupportEnv	=~	SEacademic	1	1	1	0	NA	NA	1	1	0.620436731584093	0.847467561359598
SupportEnv	=~	SEwellness	1	1	0.948685407260452	0.0190451927183423	49.8123290895754	0	0.911357515453876	0.986013299067027	0.588599273382199	0.81336929014041
SupportEnv	=~	SEnonacad	1	1	0.925775700590323	0.0213252043206664	43.412278103856	0	0.883979068158858	0.967572333021787	0.574385249854234	0.756482464993363
SupportEnv	=~	SEactivities	1	1	0.929587914609949	0.0219742593516358	42.3034924515328	0	0.8865191576938	0.972656671526097	0.57675048746067	0.730674986503448
SupportEnv	=~	SEdiverse	1	1	0.917748714547607	0.0200891889108278	45.6837117029126	0	0.878374627803763	0.957122801291451	0.56940501286942	0.773419888241102
Satisf	=~	sameinst	1	1	1	0	NA	NA	1	1	0.576925641305097	0.868898149412543
Satisf	=~	evalexp	1	1	0.995929612227274	0.0316521594636313	31.4648235413956	0	0.933892519645638	1.05796670480891	0.574577330228957	0.866462903084318
DevAdj	=~	Belong	1	1	1	0	NA	NA	1	1	0.579740444069587	0.579740444069587
DevAdj	=~	Gains	1	1	0.232725227584176	0.0317944663128959	7.3196771190898	2.4846791291111e-13	0.170409218703228	0.295041236465124	0.193721384852362	0.193721384852362
DevAdj	=~	SupportEnv	1	1	0.749256130704904	0.043085627721921	17.3899318710331	0	0.664809852118638	0.83370240929117	0.484664314929946	0.484664314929946
DevAdj	=~	Satisf	1	1	0.805769630379719	0.0410834339008906	19.6130058729646	0	0.725247579572741	0.886291681186696	0.560530558245937	0.560530558245937
EmoDiss	=~	MHWdacad	1	1	1	0	NA	NA	1	1	1.09219787833544	0.92158466866827
EmoDiss	=~	MHWdlonely	1	1	0.998473604177341	0.0116261199136595	85.8819289317876	0	0.975686827866625	1.02126038048806	1.09053075205644	0.937698532282176
EmoDiss	=~	MHWdmental	1	1	1.00604156154162	0.0109395480081424	91.9637228880761	0	0.984600441438511	1.02748268164472	1.09879645903303	0.951547708536065
EmoDiss	=~	MHWdexhaust	1	1	1.00082972226453	0.0114229835253264	87.6154395255453	0	0.978441085958899	1.02321835857017	1.09310409923237	0.942027986156735
EmoDiss	=~	MHWdsleep	1	1	0.998234244255851	0.0120822997373311	82.619556372333	0	0.974553371920264	1.02191511659144	1.09026932365802	0.928156845333072
EmoDiss	=~	MHWdfinancial	1	1	1.00322148167852	0.0137914428996592	72.7423148525899	0	0.97619075030035	1.03025221305669	1.09571637378982	0.879770894944507
QualEngag	=~	QIadmin	1	1	1	0	NA	NA	1	1	0.929647303554659	0.880912070509533
QualEngag	=~	QIstudent	1	1	1.00714603807753	0.0144608348408604	69.6464657235246	0	0.978803322603066	1.035488753552	0.936290598584538	0.895071160251592
QualEngag	=~	QIadvisor	1	1	1.00238776540582	0.0133952876722419	74.8313727881331	0	0.976133484005669	1.02864204680596	0.931867083225697	0.918782389078742
QualEngag	=~	QIfaculty	1	1	0.991945213721365	0.0138380827760968	71.6822720149354	0	0.964823069865131	1.0190673575776	0.922159193210017	0.922473505853774
QualEngag	=~	QIstaff	1	1	0.987343202225547	0.0141345958581148	69.8529489018749	0	0.959639903407613	1.01504650104348	0.917880945632002	0.909600584378637
sbvalued	~~	sbvalued	1	1	0.135428220675431	0.00674358633730642	20.0825219551537	0	0.122211034327674	0.148645407023188	0.135428220675431	0.220328844339867
sbmyself	~~	sbmyself	1	1	0.173025493476303	0.0074007889656356	23.3793308091502	0	0.158520213646476	0.187530773306131	0.173025493476303	0.269586172727488
sbcommunity	~~	sbcommunity	1	1	0.109933843086145	0.00624386315818516	17.6067028217989	0	0.0976960961717057	0.122171590000585	0.109933843086145	0.182897000256864
pganalyze	~~	pganalyze	1	1	0.236030593261376	0.00799469618091408	29.5233975025665	0	0.220361276679445	0.251699909843308	0.236030593261376	0.503810715715701
pgthink	~~	pgthink	1	1	0.163328604548894	0.00646001466711889	25.2830083157902	0	0.15066720846174	0.175990000636047	0.163328604548894	0.391398710144386
pgwork	~~	pgwork	1	1	0.206376941719092	0.00753715357682018	27.3812838780126	0	0.191604392162577	0.221149491275607	0.206376941719092	0.436511782101748
pgvalues	~~	pgvalues	1	1	0.253457924136544	0.00868952430583107	29.1682162585658	0	0.23642676945433	0.270489078818758	0.253457924136544	0.49023975462659
pgprobsolve	~~	pgprobsolve	1	1	0.185674887970521	0.00680254366593248	27.2949204134316	0	0.172342147382032	0.199007628559009	0.185674887970521	0.413891887854646
SEacademic	~~	SEacademic	1	1	0.151038571922014	0.00690947463511642	21.8596318675781	0	0.137496250485093	0.164580893358935	0.151038571922014	0.281798732443216
SEwellness	~~	SEwellness	1	1	0.177228379199598	0.00721089824315187	24.5778505289422	0	0.163095278346838	0.191361480052359	0.177228379199598	0.338430397856486
SEnonacad	~~	SEnonacad	1	1	0.246594214828359	0.0083493149105439	29.5346645168394	0	0.23022985830811	0.262958571348608	0.246594214828359	0.427734280157566
SEactivities	~~	SEactivities	1	1	0.2904154167282	0.00951555790624961	30.5200619437629	0	0.271765265939146	0.309065567517255	0.2904154167282	0.466114064098187
SEdiverse	~~	SEdiverse	1	1	0.217793674666745	0.00773877184067692	28.1431833307149	0	0.202625960574446	0.232961388759045	0.217793674666745	0.401821676473121
sameinst	~~	sameinst	1	1	0.108018065328512	0.0105081375364445	10.2794681696811	0	0.0874224942124878	0.128613636444537	0.108018065328512	0.245016005947459
evalexp	~~	evalexp	1	1	0.109601959864534	0.0104780234654412	10.4601750727153	0	0.0890654112431035	0.130138508485964	0.109601959864534	0.249242037578696
MHWdacad	~~	MHWdacad	1	1	0.211637528613522	0.00745663949649952	28.3824273270653	0	0.197022783754684	0.22625227347236	0.211637528613522	0.150681698475596
MHWdlonely	~~	MHWdlonely	1	1	0.163280322507951	0.0063651749783313	25.652134161873	0	0.150804808795127	0.175755836220776	0.163280322507951	0.120721462555854
MHWdmental	~~	MHWdmental	1	1	0.126085998100045	0.00503305107106304	25.0516031567734	0	0.11622139926841	0.135950596931679	0.126085998100045	0.0945569583797647
MHWdexhaust	~~	MHWdexhaust	1	1	0.151589565068183	0.00586049935486351	25.866322285725	0	0.14010319740123	0.163075932735136	0.151589565068183	0.112583273297487
MHWdsleep	~~	MHWdsleep	1	1	0.191140445604519	0.00702949784782249	27.1911948395757	0	0.177362882993385	0.204918008215653	0.191140445604519	0.13852487046136
MHWdfinancial	~~	MHWdfinancial	1	1	0.350567505095581	0.0114902544375375	30.5099862671719	0	0.328047020224806	0.373087989966356	0.350567505095581	0.226003172408542
QIadmin	~~	QIadmin	1	1	0.249463806136906	0.00918626122127572	27.1561846683762	0	0.231459064990629	0.267468547283184	0.249463806136906	0.223993924030607
QIstudent	~~	QIstudent	1	1	0.21758381645689	0.00820172594999824	26.5290278879578	0	0.201508728983826	0.233658903929954	0.21758381645689	0.198847618085869
QIadvisor	~~	QIadvisor	1	1	0.16030923884689	0.00632614147907	25.3407609325957	0	0.147910229386808	0.172708248306972	0.16030923884689	0.155838921518759
QIfaculty	~~	QIfaculty	1	1	0.148941082276475	0.00597516690052757	24.9266815063064	0	0.137229970349825	0.160652194203124	0.148941082276475	0.149042630997848
QIstaff	~~	QIstaff	1	1	0.175784026966555	0.00673550685603437	26.0981141766738	0	0.162582676111105	0.188985377822004	0.175784026966555	0.172626776898041
Belong	~~	Belong	1	1	0.318165157372497	0.0129563864436244	24.556627633553	0	0.292771106573211	0.343559208171784	0.663901017509998	0.663901017509998
Gains	~~	Gains	1	1	0.223736270181793	0.0114508434785028	19.538846251966	0	0.201293029371322	0.246179510992264	0.962472025050883	0.962472025050883
SupportEnv	~~	SupportEnv	1	1	0.29451911684299	0.0122093543441512	24.122415366221	0	0.270589222053966	0.318449011632014	0.765100501833487	0.765100501833487
Satisf	~~	Satisf	1	1	0.228265691937628	0.0115770726834423	19.7170474937154	0	0.205575046431679	0.250956337443577	0.685805493272498	0.685805493272498
DevAdj	~~	DevAdj	1	1	0.161070675953674	0.0120605376251467	13.3551820789345	0	0.137432456574197	0.184708895333152	1	1
EmoDiss	~~	EmoDiss	1	1	1.19289620544044	0.0365212121425163	32.663105506614	0	1.12131594496936	1.26447646591152	1	1
QualEngag	~~	QualEngag	1	1	0.864244109006448	0.0290579039083167	29.7421352804148	0	0.807291663879922	0.921196554132975	1	1
DevAdj	~~	EmoDiss	1	1	-0.351749710693017	0.016409361014761	-21.4359176068222	0	-0.383911467291264	-0.31958795409477	-0.802461452805359	-0.802461452805359
DevAdj	~~	QualEngag	1	1	0.212700873149508	0.0121313534538502	17.5331527482617	0	0.188923857296236	0.23647788900278	0.570089205892876	0.570089205892876
EmoDiss	~~	QualEngag	1	1	-0.209842098352308	0.0198693334836364	-10.5611040513828	0	-0.248785276377051	-0.170898920327565	-0.206667924442218	-0.206667924442218
sbvalued	~1		1	1	3.05611454405288	0.0158167078698459	193.220648013565	0	3.02511436627399	3.08711472183177	3.05611454405288	3.89807974707579
sbmyself	~1		1	1	3.03034910026722	0.0160541293878867	188.758233290041	0	2.99888358486381	3.06181461567062	3.03034910026722	3.78256518527665
sbcommunity	~1		1	1	3.04363277911216	0.015564803973071	195.545847180473	0	3.01312632389852	3.07413923432581	3.04363277911216	3.9258150787652
pganalyze	~1		1	1	3.05691665861369	0.0137768384013905	221.888111738696	0	3.02991455152614	3.08391876570124	3.05691665861369	4.46614840245148
pgthink	~1		1	1	3.05367883398028	0.0130117961265865	234.685419620187	0	3.02817618219799	3.07918148576257	3.05367883398028	4.72717769899011
pgwork	~1		1	1	3.0499514131944	0.0138674401976936	219.936150415249	0	3.02277172984915	3.07713109653964	3.0499514131944	4.43568114745251
pgvalues	~1		1	1	3.06003066127713	0.0145287887991018	210.618428252348	0	3.0315547584919	3.08850656406236	3.06003066127713	4.25575976595961
pgprobsolve	~1		1	1	3.06715523253916	0.0135230650392882	226.809175555115	0	3.04065051210157	3.09365995297676	3.06715523253916	4.57933724900274
SEacademic	~1		1	1	3.0507292040791	0.0147455817255201	206.891071567507	0	3.02182839496599	3.07963001319221	3.0507292040791	4.16705508770962
SEwellness	~1		1	1	3.03919678649928	0.0145346279724142	209.10041813712	0	3.01070943914466	3.0676841338539	3.03919678649928	4.199783188021
SEnonacad	~1		1	1	3.02844332699562	0.0152928407108879	198.030136077955	0	2.99846990998098	3.05841674401027	3.02844332699562	3.98854997352343
SEactivities	~1		1	1	3.0269145298629	0.0159132890381435	190.213005156099	0	2.99572505647256	3.05810400325323	3.0269145298629	3.83474445421337
SEdiverse	~1		1	1	3.04567141403288	0.0148524840462735	205.061416295346	0	3.01656108022123	3.07478174784453	3.04567141403288	4.13691975205815
sameinst	~1		1	1	3.24648031406023	0.0134412479511974	241.531167779032	0	3.22013595216861	3.27282467595185	3.24648031406023	4.88947021077092
evalexp	~1		1	1	3.24048560791242	0.0133709984367859	242.351805157443	0	3.21427893253898	3.26669228328586	3.24048560791242	4.8866539271849
MHWdacad	~1		1	1	3.11104177560296	0.0239585730307075	129.850879333071	0	3.06408383534181	3.15799971586412	3.11104177560296	2.62506315096654
MHWdlonely	~1		1	1	3.0932787802367	0.0235112415579468	131.565947830227	0	3.0471975935513	3.13935996692209	3.0932787802367	2.65977182825693
MHWdmental	~1		1	1	3.0929397876556	0.0232570945109401	132.989087961985	0	3.04735672002911	3.13852285528209	3.0929397876556	2.67845763734413
MHWdexhaust	~1		1	1	3.09891956725687	0.0234178596817996	132.331460234402	0	3.05302140568553	3.14481772882821	3.09891956725687	2.67062300951459
MHWdsleep	~1		1	1	3.10218362417869	0.0236428785436348	131.210064732743	0	3.05584443374231	3.14852281461507	3.10218362417869	2.64091899476825
MHWdfinancial	~1		1	1	3.12105300248923	0.0252406164947986	123.652011555756	0	3.07158230321184	3.17052370176662	3.12105300248923	2.50595104613805
QIadmin	~1		1	1	5.35199333641497	0.0213068075054854	251.187013119497	0	5.31023276107869	5.39375391175125	5.35199333641497	5.07142387581544
QIstudent	~1		1	1	5.37892848155401	0.0212164923190105	253.525813818637	0	5.33734492073048	5.42051204237755	5.37892848155401	5.14212549412903
QIadvisor	~1		1	1	5.37486845162674	0.0204548284378731	262.767711200887	0	5.33477772457856	5.41495917867492	5.37486845162674	5.29939791399791
QIfaculty	~1		1	1	5.38525248310404	0.0201133531917092	267.745135869431	0	5.34583103523996	5.42467393096813	5.38525248310404	5.38708801536108
QIstaff	~1		1	1	5.37719866943641	0.0203782660119303	263.869294192567	0	5.33725800198565	5.41713933688717	5.37719866943641	5.32869003906781
Belong	~1		1	1	0	0	NA	NA	0	0	0	0
Gains	~1		1	1	0	0	NA	NA	0	0	0	0
SupportEnv	~1		1	1	0	0	NA	NA	0	0	0	0
Satisf	~1		1	1	0	0	NA	NA	0	0	0	0
DevAdj	~1		1	1	0	0	NA	NA	0	0	0	0
EmoDiss	~1		1	1	0	0	NA	NA	0	0	0	0
QualEngag	~1		1	1	0	0	NA	NA	0	0	0	0
Belong	=~	sbvalued	2	2	1	0	NA	NA	1	1	0.615056997831377	0.841018944600314
Belong	=~	sbmyself	2	2	1.02709137794226	0.0285016833803866	36.0361654515133	0	0.971229105017939	1.08295365086658	0.631719739415659	0.836682628588241
Belong	=~	sbcommunity	2	2	1.06360483791438	0.0265380364285595	40.078505460553	0	1.01159124229399	1.11561843353477	0.654177598486545	0.88176294693432
Gains	=~	pganalyze	2	2	1	0	NA	NA	1	1	0.507920741026411	0.70764277247942
Gains	=~	pgthink	2	2	1.01132274422133	0.0367518293619008	27.5176164501278	0	0.939290482306042	1.08335500613662	0.513671797661761	0.782668214706693
Gains	=~	pgwork	2	2	1.00798241133032	0.0356794552881422	28.2510594175273	0	0.938051963977549	1.07791285868308	0.511975173304483	0.736604690478876
Gains	=~	pgvalues	2	2	1.01575087764897	0.0405658806156722	25.0395372227306	0	0.936243212641102	1.09525854265684	0.515920938473693	0.692014994164721
Gains	=~	pgprobsolve	2	2	0.983489032410984	0.038315318211171	25.6682986942868	0	0.908392388660897	1.05858567616107	0.499534478133535	0.752645482225979
SupportEnv	=~	SEacademic	2	2	1	0	NA	NA	1	1	0.601566714663691	0.828119640537876
SupportEnv	=~	SEwellness	2	2	1.00259343265541	0.0271229195910861	36.9648049609271	0	0.949433487101302	1.05575337820951	0.603126837425905	0.8129581990631
SupportEnv	=~	SEnonacad	2	2	0.978683956159021	0.0291467323255154	33.5778277039403	0	0.921557410533981	1.03581050178406	0.588743692200646	0.751126114099787
SupportEnv	=~	SEactivities	2	2	0.942019673952988	0.0303198845976387	31.0693687147593	0	0.882593792126205	1.00144555577977	0.56668768040846	0.711111376263546
SupportEnv	=~	SEdiverse	2	2	0.96699351351644	0.0253163073414495	38.1964676156864	0	0.917374462905652	1.01661256412723	0.581711111027185	0.774111669493841
Satisf	=~	sameinst	2	2	1	0	NA	NA	1	1	0.577689840800692	0.891843961945801
Satisf	=~	evalexp	2	2	0.970598269281463	0.0524253907648993	18.5138967038718	0	0.867846391506822	1.0733501470561	0.560704759662635	0.836284544212317
DevAdj	=~	Belong	2	2	1	0	NA	NA	1	1	0.374540036083091	0.374540036083091
DevAdj	=~	Gains	2	2	0.582617399462187	0.0866854600553224	6.7210510169798	1.80417902839736e-11	0.412717019770469	0.752517779153904	0.264241553997225	0.264241553997225
DevAdj	=~	SupportEnv	2	2	1.07740242545019	0.127555037854312	8.44656897582323	0	0.827399145209093	1.32740570569128	0.412579611598446	0.412579611598446
DevAdj	=~	Satisf	2	2	1.09455695713092	0.132874421917031	8.23752940061241	2.22044604925031e-16	0.834127875706961	1.35498603855488	0.436472863334377	0.436472863334377
EmoDiss	=~	MHWdacad	2	2	1	0	NA	NA	1	1	0.955927784216753	0.900213684923773
EmoDiss	=~	MHWdlonely	2	2	0.99968969906788	0.0167272003271328	59.7643167725028	0	0.966904988864513	1.03247440927125	0.95563115893427	0.912355028441982
EmoDiss	=~	MHWdmental	2	2	1.02129424074038	0.0165459995063961	61.7245419562344	0	0.988864677619624	1.05372380386113	0.97628354058428	0.939491519165076
EmoDiss	=~	MHWdexhaust	2	2	1.03511091400312	0.0173991667832915	59.4919818227815	0	1.00100917374686	1.06921265425938	0.989491282441582	0.929575037678648
EmoDiss	=~	MHWdsleep	2	2	1.00798292809034	0.0178984877855238	56.3166531256116	0	0.972902536652985	1.0430633195277	0.963558886977714	0.915400995370774
EmoDiss	=~	MHWdfinancial	2	2	0.976482210079939	0.0197025415583052	49.5612308285336	0	0.937865938221757	1.01509848193812	0.933446475408793	0.847850005396035
QualEngag	=~	QIadmin	2	2	1	0	NA	NA	1	1	0.996627493288201	0.895890764337797
QualEngag	=~	QIstudent	2	2	1.03925117171708	0.0183011209690987	56.7862030676619	0	1.00338163374094	1.07512070969323	1.03574629016522	0.905408770802
QualEngag	=~	QIadvisor	2	2	1.02431070299909	0.0175328900856101	58.4222394595278	0	0.989946869886397	1.05867453611179	1.02085620827826	0.921438537685075
QualEngag	=~	QIfaculty	2	2	1.01919606924106	0.0171100798170186	59.5669967727042	0	0.985660929027099	1.05273120945502	1.01575882365691	0.928750076543472
QualEngag	=~	QIstaff	2	2	1.01432654082971	0.0167300514093092	60.6290151783574	0	0.981536242607956	1.04711683905145	1.0109057177628	0.918813483897923
sbvalued	~~	sbvalued	2	2	0.156539089680063	0.0087887129558368	17.8113781240405	0	0.139313528816162	0.173764650543963	0.156539089680063	0.292687134823374
sbmyself	~~	sbmyself	2	2	0.170999125975583	0.00928336569106805	18.4199493660052	0	0.152804063565775	0.189194188385391	0.170999125975583	0.299962179018672
sbcommunity	~~	sbcommunity	2	2	0.122463355699394	0.00858995085280627	14.2565839779382	0	0.105627361398925	0.139299349999864	0.122463355699394	0.222494105413703
pganalyze	~~	pganalyze	2	2	0.257202155388259	0.0109171657995159	23.5594255974077	0	0.235804903607955	0.278599407168562	0.257202155388259	0.499241706557639
pgthink	~~	pgthink	2	2	0.166882124197208	0.00797557628505661	20.9241461974209	0	0.151250281922545	0.182513966471871	0.166882124197208	0.387430465687838
pgwork	~~	pgwork	2	2	0.220972307070399	0.00958337943537843	23.0578689449202	0	0.202189228526876	0.239755385613923	0.220972307070399	0.457413529964519
pgvalues	~~	pgvalues	2	2	0.289647029884763	0.012157053644483	23.8254299401079	0	0.265819642583455	0.313474417186071	0.289647029884763	0.521115247851201
pgprobsolve	~~	pgprobsolve	2	2	0.190969470546357	0.00837744983265107	22.7956567166842	0	0.17454997059207	0.207388970500644	0.190969470546357	0.433524778084823
SEacademic	~~	SEacademic	2	2	0.165810601390598	0.00809498914474508	20.4831159654162	0	0.149944714211655	0.181676488569541	0.165810601390598	0.314217860955418
SEwellness	~~	SEwellness	2	2	0.186641124685112	0.00838518002231653	22.2584517193884	0	0.170206473837487	0.203075775532737	0.186641124685112	0.339098966576081
SEnonacad	~~	SEnonacad	2	2	0.267746353870982	0.011178484610151	23.9519365288428	0	0.245836926633351	0.289655781108613	0.267746353870982	0.435809560717353
SEactivities	~~	SEactivities	2	2	0.313921462011645	0.0125546882530325	25.0043215478345	0	0.289314725198573	0.338528198824717	0.313921462011645	0.494320610548566
SEdiverse	~~	SEdiverse	2	2	0.226298793106767	0.0101867746794015	22.2149601055142	0	0.206333081616515	0.246264504597018	0.226298793106767	0.400751123153457
sameinst	~~	sameinst	2	2	0.0858514808541977	0.0176946414480643	4.85183500926997	1.22324368345694e-06	0.051170620896642	0.120532340811753	0.0858514808541977	0.204614347540817
evalexp	~~	evalexp	2	2	0.135141895141568	0.0173648523424635	7.78249607174006	7.105427357601e-15	0.101107409953484	0.169176380329653	0.135141895141568	0.300628161111597
MHWdacad	~~	MHWdacad	2	2	0.213812146989572	0.00923523596513424	23.1517795318686	0	0.19571141710918	0.231912876869964	0.213812146989572	0.189615321475963
MHWdlonely	~~	MHWdlonely	2	2	0.183885883213013	0.00850043469074874	21.6325270298402	0	0.167225337366211	0.200546429059815	0.183885883213013	0.16760830207663
MHWdmental	~~	MHWdmental	2	2	0.126727346421307	0.00627482880610093	20.1961440442952	0	0.114428907952195	0.139025784890419	0.126727346421307	0.117355685416898
MHWdexhaust	~~	MHWdexhaust	2	2	0.153972561367518	0.00724819285508124	21.2428897031317	0	0.139766364418558	0.168178758316478	0.153972561367518	0.13589024932474
MHWdsleep	~~	MHWdsleep	2	2	0.179538967780952	0.00851593893519654	21.0826978853634	0	0.162848034173425	0.19622990138848	0.179538967780952	0.162041017674196
MHWdfinancial	~~	MHWdfinancial	2	2	0.340784193415951	0.0140320692037485	24.2860969731331	0	0.31328184314803	0.368286543683871	0.340784193415951	0.281150368349944
QIadmin	~~	QIadmin	2	2	0.244263275823879	0.0102259016185791	23.8867226514369	0	0.224220876942014	0.264305674705744	0.244263275823879	0.197379738374239
QIstudent	~~	QIstudent	2	2	0.235861147672482	0.0103351067348408	22.8213557657192	0	0.215604710695817	0.256117584649147	0.235861147672482	0.180234957754811
QIadvisor	~~	QIadvisor	2	2	0.185281671586035	0.0089996750277243	20.5875957759873	0	0.167642632659131	0.202920710512939	0.185281671586035	0.150951021268791
QIfaculty	~~	QIfaculty	2	2	0.164378056211048	0.00825881433353541	19.9033480560982	0	0.148191077562315	0.18056503485978	0.164378056211048	0.137423295320495
QIstaff	~~	QIstaff	2	2	0.188574625047178	0.00876687856061398	21.5098936004848	0	0.171391858811538	0.205757391282818	0.188574625047178	0.155781781807362
Belong	~~	Belong	2	2	0.325227782196765	0.0164393302523805	19.783517771332	0	0.293007286972139	0.35744827742139	0.859719761370877	0.859719761370877
Gains	~~	Gains	2	2	0.239970144203399	0.0151119865712689	15.8794572157464	0	0.210351194788859	0.269589093617939	0.930176401141132	0.930176401141132
SupportEnv	~~	SupportEnv	2	2	0.300282170395281	0.0160182999696294	18.7461947250715	0	0.268886879361248	0.331677461429313	0.829778064093276	0.829778064093276
Satisf	~~	Satisf	2	2	0.270147977643693	0.0217198093167296	12.4378613874668	0	0.227577933631826	0.312718021655561	0.80949143957269	0.80949143957269
DevAdj	~~	DevAdj	2	2	0.0530673283845818	0.00880176312327267	6.02917025161322	1.64803615199105e-09	0.0358161896625146	0.070318467106649	1	1
EmoDiss	~~	EmoDiss	2	2	0.91379792863755	0.0369929005268436	24.701981072678	0	0.841293175921264	0.986302681353836	1	1
QualEngag	~~	QualEngag	2	2	0.993266360377923	0.0431858215096734	22.9998255366159	0	0.908623705576189	1.07790901517966	1	1
DevAdj	~~	EmoDiss	2	2	-0.167055413160023	0.0170482673134647	-9.79896725505256	0	-0.200469403093226	-0.133641423226821	-0.758615751839096	-0.758615751839096
DevAdj	~~	QualEngag	2	2	0.137697319401262	0.016000040459976	8.60606070001581	0	0.106337816348526	0.169056822453999	0.599762088495644	0.599762088495644
EmoDiss	~~	QualEngag	2	2	-0.225569338564922	0.026018557279703	-8.66955596884257	0	-0.276564773762832	-0.174573903367011	-0.236767515991032	-0.236767515991032
sbvalued	~1		2	2	2.62312701172503	0.0185323652248639	141.543023780133	0	2.58680424333596	2.65944978011411	2.62312701172503	3.58682125190352
sbmyself	~1		2	2	2.6147343068993	0.0192267232734722	135.994795873873	0	2.57705062174257	2.65241799205602	2.6147343068993	3.46309072909449
sbcommunity	~1		2	2	2.63194931723367	0.0191140779942315	137.696901625492	0	2.59448641276728	2.66941222170005	2.63194931723367	3.54759226166541
pganalyze	~1		2	2	2.83810070777576	0.018140620597118	156.450033921478	0	2.8025457447482	2.87365567080332	2.83810070777576	3.95408435057747
pgthink	~1		2	2	2.86263270042609	0.016657293767477	171.854608580855	0	2.82998500456193	2.89528039629024	2.86263270042609	4.36171819282706
pgwork	~1		2	2	2.85595768142154	0.0175581854300796	162.656767283531	0	2.82154427034471	2.89037109249837	2.85595768142154	4.10901140062344
pgvalues	~1		2	2	2.84135263994142	0.0189141485880756	150.223660700897	0	2.80428158991055	2.87842368997228	2.84135263994142	3.81116268776758
pgprobsolve	~1		2	2	2.8630739775718	0.0165513212224552	172.981597003111	0	2.83063398407923	2.89551397106436	2.8630739775718	4.31377570282973
SEacademic	~1		2	2	2.57541210405305	0.0185802747064527	138.610012216808	0	2.53899543480554	2.61182877330056	2.57541210405305	3.5453247226912
SEwellness	~1		2	2	2.57737128499031	0.0186370489857362	138.292885690374	0	2.54084334020016	2.61389922978046	2.57737128499031	3.47405386088474
SEnonacad	~1		2	2	2.5881088331541	0.0199152930981295	129.955849527376	0	2.5490755759402	2.62714209036799	2.5881088331541	3.30193963258947
SEactivities	~1		2	2	2.60191413438996	0.0202286365999435	128.625284335635	0	2.56226673519773	2.6415615335822	2.60191413438996	3.26502728926802
SEdiverse	~1		2	2	2.56591384347542	0.0189791367404697	135.196551801223	0	2.52871541900644	2.6031122679444	2.56591384347542	3.41458812028311
sameinst	~1		2	2	2.73900208486811	0.0165462743603246	165.535879873708	0	2.70657198304355	2.77143218669266	2.73900208486811	4.22850169523642
evalexp	~1		2	2	2.74884192028436	0.0171223321563587	160.541326682739	0	2.71528276592657	2.78240107464216	2.74884192028436	4.09986534410706
MHWdacad	~1		2	2	4.13753167761139	0.0273302175770683	151.39036730842	0	4.08396543547069	4.19109791975209	4.13753167761139	3.89638495657203
MHWdlonely	~1		2	2	4.12749261832536	0.0269218009898378	153.31413451438	0	4.07472685798633	4.1802583786644	4.12749261832536	3.94057750208344
MHWdmental	~1		2	2	4.13006991970554	0.0266317522886536	155.080667428149	0	4.07787264437459	4.1822671950365	4.13006991970554	3.97442495117757
MHWdexhaust	~1		2	2	4.13410945928503	0.0274791285782012	150.445435251705	0	4.08025135694522	4.18796756162485	4.13410945928503	3.88377848756785
MHWdsleep	~1		2	2	4.1328395500113	0.0271243816618714	152.366221708966	0	4.07967673885111	4.18600236117148	4.1328395500113	3.92628358154051
MHWdfinancial	~1		2	2	4.12486418856647	0.028136114286818	146.603903670487	0	4.0697184178994	4.18000995923354	4.12486418856647	3.74661666915867
QIadmin	~1		2	2	4.645608013238	0.0286641881701714	162.070105933519	0	4.58942723677838	4.70178878969761	4.645608013238	4.17604104023051
QIstudent	~1		2	2	4.60210849062921	0.0299557336678127	153.630304691023	0	4.54339633150982	4.66082064974859	4.60210849062921	4.0229826852031
QIadvisor	~1		2	2	4.6166445419468	0.0289959097762222	159.21709570681	0	4.55981360308644	4.67347548080717	4.6166445419468	4.1670454283839
QIfaculty	~1		2	2	4.64205581364435	0.0284491549891319	163.170252874566	0	4.58629649447506	4.69781513281365	4.64205581364435	4.24442258519577
QIstaff	~1		2	2	4.62645121266051	0.0285281886757361	162.171221778108	0	4.57053699031191	4.68236543500912	4.62645121266051	4.20498735153637
Belong	~1		2	2	0	0	NA	NA	0	0	0	0
Gains	~1		2	2	0	0	NA	NA	0	0	0	0
SupportEnv	~1		2	2	0	0	NA	NA	0	0	0	0
Satisf	~1		2	2	0	0	NA	NA	0	0	0	0
DevAdj	~1		2	2	0	0	NA	NA	0	0	0	0
EmoDiss	~1		2	2	0	0	NA	NA	0	0	0	0
QualEngag	~1		2	2	0	0	NA	NA	0	0	0	0
