lhs	op	rhs	label	est	se	z	pvalue	ci.lower	ci.upper	std.lv	std.all	std.nox
Belong	=~	sbvalued		1	0	NA	NA	1	1	0.69055331584531	0.877553182286137	0.877553182286137
Belong	=~	sbmyself		0.996930674922122	0.0138471520831473	71.9953582466561	0	0.969790755550704	1.02407059429354	0.688433783235374	0.856498877114358	0.856498877114358
Belong	=~	sbcommunity		1.01964431108877	0.0128376875303753	79.4258552154491	0	0.994482905884452	1.04480571629308	0.704118760005155	0.899871051160593	0.899871051160593
Gains	=~	pganalyze		1	0	NA	NA	1	1	0.502501405951261	0.713136756749982	0.713136756749982
Gains	=~	pgthink		1.02385599455899	0.0220659364848705	46.3998432725027	0	0.980607553763495	1.06710443535448	0.514489076757519	0.78483094895763	0.78483094895763
Gains	=~	pgwork		1.03753402622595	0.0233967035547989	44.345308038625	0	0.991677329901582	1.08339072255031	0.521362306900811	0.749214848441212	0.749214848441212
Gains	=~	pgvalues		1.04278665793752	0.0241763515705905	43.1325071896301	0	0.995401879581584	1.09017143629346	0.52400176172082	0.71185233170387	0.71185233170387
Gains	=~	pgprobsolve		1.02687506451613	0.0231790034452258	44.3019505537729	0	0.981445052565953	1.0723050764663	0.516006163655645	0.765861946982958	0.765861946982958
SupportEnv	=~	SEacademic		1	0	NA	NA	1	1	0.649099441394494	0.853738910214918	0.853738910214918
SupportEnv	=~	SEwellness		0.969119486571589	0.0143682124526901	67.4488555735509	0	0.940958307642096	0.997280665501081	0.629054917378137	0.828305153841807	0.828305153841807
SupportEnv	=~	SEnonacad		0.942858028820869	0.0156367481282137	60.2975772897211	0	0.912210565654246	0.973505491987492	0.612008619821939	0.771236863763209	0.771236863763209
SupportEnv	=~	SEactivities		0.928234939624643	0.0163046167696834	56.930803878236	0	0.896278477974335	0.96019140127495	0.602516780793207	0.739762297734476	0.739762297734476
SupportEnv	=~	SEdiverse		0.946377116902233	0.0145127804509594	65.2099106783958	0	0.917932589902815	0.97482164390165	0.614292857929771	0.79444259972072	0.79444259972072
Satisf	=~	sameinst		1	0	NA	NA	1	1	0.621623594848749	0.893210037574259	0.893210037574259
Satisf	=~	evalexp		0.979608762378333	0.0200007087357205	48.9787024711174	0	0.940408093591045	1.01880943116562	0.608947920414953	0.868308776124387	0.868308776124387
DevAdj	=~	Belong		1	0	NA	NA	1	1	0.540767447647117	0.540767447647117	0.540767447647117
DevAdj	=~	Gains		0.382339333644258	0.0270634398799025	14.1275216802054	0	0.329295966181884	0.435382701106632	0.28413154531567	0.28413154531567	0.28413154531567
DevAdj	=~	SupportEnv		0.953258696431603	0.0407144815328305	23.4132588834008	0	0.873459778978035	1.03305761388517	0.548412438244943	0.548412438244943	0.548412438244943
DevAdj	=~	Satisf		1.01381946637395	0.040087428536483	25.2902095092303	0	0.935249550209624	1.09238938253828	0.609033092246171	0.609033092246171	0.609033092246171
EmoDiss	=~	MHWdacad		1	0	NA	NA	1	1	1.15553550570868	0.92890977520365	0.92890977520365
EmoDiss	=~	MHWdlonely		1.00051830328616	0.00871736502400127	114.773019201498	0	0.983432581799031	1.01760402477329	1.15613442355856	0.941531027308585	0.941531027308585
EmoDiss	=~	MHWdmental		1.01067941164681	0.00828922407743237	121.926901988138	0	0.994432830995263	1.02692599229836	1.16787594504665	0.956599611137408	0.956599611137408
EmoDiss	=~	MHWdexhaust		1.01108068003947	0.00853607355924227	118.447981149921	0	0.994350283293967	1.02781107678497	1.16833962492168	0.948413441905099	0.948413441905099
EmoDiss	=~	MHWdsleep		1.00173053260117	0.00907123785210945	110.429309531138	0	0.98395123311584	1.0195098320865	1.15753519757311	0.936830009601287	0.936830009601287
EmoDiss	=~	MHWdfinancial		0.991046959480719	0.0104355356316233	94.9684802452788	0	0.970593685483353	1.01150023347809	1.1451899495046	0.889113690947293	0.889113690947293
QualEngag	=~	QIadmin		1	0	NA	NA	1	1	1.01561890287831	0.89773560753322	0.89773560753322
QualEngag	=~	QIstudent		1.03005116887691	0.010677407476726	96.470156367279	0	1.00912383477427	1.05097850297955	1.04613943804329	0.910752219919048	0.910752219919048
QualEngag	=~	QIadvisor		1.01927600910172	0.0102499174306188	99.442362926448	0	0.999186540093196	1.03936547811024	1.03519598209407	0.929229193009999	0.929229193009999
QualEngag	=~	QIfaculty		1.00967068706093	0.0100269309987966	100.695884631309	0	0.990018263427817	1.02932311069404	1.02544063546121	0.933779545320032	0.933779545320032
QualEngag	=~	QIstaff		1.00655165479649	0.0102223052280381	98.4662101495157	0	0.986516304710563	1.02658700488242	1.02227288733477	0.923350735203378	0.923350735203378
EmoDiss	~	x_FASt	a1	0.164027614099115	0.0397959920651197	4.12171190080425	3.76067329208585e-05	0.0860289029224389	0.242026325275791	0.141949436680026	0.0709747183400129	0.141949436680026
EmoDiss	~	XZ_c	a1z	0.00536399804990876	0.0146082446211417	0.367189774611643	0.713477466104726	-0.0232676352848799	0.0339956313846974	0.004642001931926	0.00666047449607911	0.004642001931926
EmoDiss	~	cohort	g1	0.00644332242120787	0.032508411454491	0.198204776330827	0.842884850650043	-0.0572719932242038	0.0701586380666195	0.00557604884434621	0.00278799744159858	0.00557604884434621
EmoDiss	~	hgrades_c		-0.0592730801553025	0.0167217098776333	-3.54467818118202	0.00039309271403809	-0.0920470292753913	-0.0264991310352136	-0.0512949016819271	-0.0551318102584235	-0.0512949016819271
EmoDiss	~	bparented_c		-0.112475827284512	0.0110134012947468	-10.2126331615793	0	-0.134061697169502	-0.0908899573995211	-0.0973365394043271	-0.191876637833215	-0.0973365394043271
EmoDiss	~	pell		0.65581235440975	0.0435746629101827	15.0503138890949	0	0.570407584467319	0.741217124352182	0.567539769370867	0.27623547687648	0.567539769370867
EmoDiss	~	hapcl		0.00775685987896614	0.0362658995015126	0.213888528496104	0.83063398616854	-0.0633229970109476	0.0788367167688799	0.00671278367531333	0.0031566417574508	0.00671278367531333
EmoDiss	~	hprecalc13		-0.0562868900428641	0.0338558607973355	-1.66254493955427	0.0964035605471367	-0.122643157871243	0.010069377785515	-0.0487106538611672	-0.0240432554370418	-0.0487106538611672
EmoDiss	~	hchallenge_c		-0.00284980612316882	0.013747211306014	-0.207300670640168	0.835775050428073	-0.0297938451708182	0.0240942329244806	-0.00246622116680099	-0.00293764031062628	-0.00246622116680099
EmoDiss	~	cSFcareer_c		-0.0238970517185093	0.0206967354391257	-1.15462903745359	0.248242370381123	-0.0644619077767495	0.0166678043397308	-0.0206804997340636	-0.0167585994905589	-0.0206804997340636
QualEngag	~	x_FASt	a2	0.00599335342404775	0.0380064373170644	0.157693113249444	0.874698627425246	-0.0684978948980776	0.0804846017461731	0.00590118341344602	0.00295059170672301	0.00590118341344602
QualEngag	~	XZ_c	a2z	-0.0173636813899926	0.0144470098359742	-1.20188755923427	0.229407095122897	-0.045679300352798	0.0109519375728128	-0.0170966504668071	-0.0245307533414363	-0.0170966504668071
QualEngag	~	cohort	g2	0.0072558307657555	0.0303607842770445	0.238986934578023	0.811115713932087	-0.0522502129596416	0.0667618744911526	0.007144245489319	0.00357208817612303	0.007144245489319
QualEngag	~	hgrades_c		0.057961076287277	0.016196759022262	3.5785601432738	0.000345492368722056	0.0262160119373694	0.0897061406371846	0.05706971002904	0.0613385798911248	0.05706971002904
QualEngag	~	bparented_c		0.0892829285832574	0.0105694248678533	8.44728352767898	0	0.068567236504963	0.109998620661552	0.0879098728176733	0.173294129129999	0.0879098728176733
QualEngag	~	pell		-0.421180012499473	0.0440574400319117	-9.55979312902438	0	-0.507531008213053	-0.334829016785893	-0.414702809593075	-0.201845993095686	-0.414702809593075
QualEngag	~	hapcl		0.0815863767090873	0.0323965868621271	2.5183633404439	0.0117901626474333	0.0180902332372948	0.14508252018088	0.0803316839395836	0.0377754386608016	0.0803316839395836
QualEngag	~	hprecalc13		0.0152960148546055	0.0313645202711396	0.487685280131012	0.625772779663526	-0.0461773152692045	0.0767693449784155	0.0150607819638408	0.00743390201392669	0.0150607819638408
QualEngag	~	hchallenge_c		0.021800330795137	0.0129804564491901	1.67947335908186	0.0930598267119374	-0.00364089634816619	0.0472415579384402	0.0214650699522762	0.0255681264969485	0.0214650699522762
QualEngag	~	cSFcareer_c		-0.027905933650452	0.0188168393455471	-1.48302980846015	0.138066491221277	-0.0647862610706005	0.00897439376969643	-0.0274767765461683	-0.0222660138463848	-0.0274767765461683
DevAdj	~	x_FASt	c	-0.011379889220074	0.0139232320937783	-0.817331000691948	0.413739295252412	-0.0386689226722716	0.0159091442321236	-0.0304740572222281	-0.015237028611114	-0.0304740572222281
DevAdj	~	XZ_c	cz	0.00541135392435312	0.00492312472851935	1.09917059240963	0.271693663250493	-0.00423779323494333	0.0150605010836496	0.014490994240047	0.0207920847457762	0.014490994240047
DevAdj	~	EmoDiss	b1	-0.198210935839687	0.00830880463700383	-23.8555297060351	0	-0.214495893682794	-0.181925977996581	-0.6133426295747	-0.6133426295747	-0.6133426295747
DevAdj	~	QualEngag	b2	0.133710963744195	0.00704487083056192	18.9799028200961	0	0.119903270640557	0.147518656847833	0.363655398303365	0.363655398303365	0.363655398303365
DevAdj	~	cohort	g3	0.0097338999106133	0.0112846766641107	0.862576766738082	0.388370208873299	-0.0123836599282233	0.0318514597494499	0.0260662838745578	0.0130330158115339	0.0260662838745578
DevAdj	~	hgrades_c		0.018027282000373	0.00635721702373675	2.83571914142025	0.00457226350904572	0.00556736559194404	0.0304871984088019	0.0482750238263773	0.0518860425997159	0.0482750238263773
DevAdj	~	bparented_c		0.021967418160543	0.004438652300681	4.94911893801023	7.45501819610084e-07	0.0132678195113124	0.0306670168097736	0.0588262631650333	0.11596247063512	0.0588262631650333
DevAdj	~	pell		-0.0859611253148032	0.0184363677120044	-4.66258466188174	3.12262558699317e-06	-0.122095742036069	-0.0498265085935376	-0.230194178613752	-0.112041132860254	-0.230194178613752
DevAdj	~	hapcl		0.0255749808138846	0.012290730019067	2.08083496864786	0.0374490142226154	0.00148559263280796	0.0496643689949612	0.0684869082385174	0.0322055118772041	0.0684869082385174
DevAdj	~	hprecalc13		0.0267530050480692	0.0116575669777083	2.29490468287479	0.0217385873891396	0.0039045936243976	0.0496014164717409	0.0716415240021216	0.0353617807387957	0.0716415240021216
DevAdj	~	hchallenge_c		-0.00743545032824285	0.00478566008308148	-1.55369378500764	0.120257476262956	-0.0168151717333335	0.0019442710768478	-0.0199112956544609	-0.0237173476323758	-0.0199112956544609
DevAdj	~	cSFcareer_c		-0.00273250098129113	0.00694729538354988	-0.393318670134751	0.694084130385484	-0.0163489497230103	0.010883947760428	-0.00731732881166998	-0.00592965278752522	-0.00731732881166998
sbvalued	~~	sbvalued		0.142359773741534	0.00536439041145354	26.5379218927804	0	0.131845761736073	0.152873785746995	0.142359773741534	0.229900412259474	0.229900412259474
sbmyself	~~	sbmyself		0.172115801144044	0.00573529435980206	30.0099332913723	0	0.160874830758096	0.183356771529992	0.172115801144044	0.266409673501843	0.266409673501843
sbcommunity	~~	sbcommunity		0.116470261795578	0.00500635973538769	23.2644611956874	0	0.106657977020567	0.12628254657059	0.116470261795578	0.190232091283129	0.190232091283129
pganalyze	~~	pganalyze		0.244003388108071	0.00647657243062803	37.6747717595447	0	0.231309539400775	0.256697236815367	0.244003388108071	0.491435966172117	0.491435966172117
pgthink	~~	pgthink		0.165035346140296	0.00498335162248254	33.1173392212048	0	0.155268156437931	0.174802535842661	0.165035346140296	0.384040381558266	0.384040381558266
pgwork	~~	pgwork		0.212427863877566	0.00589427438084438	36.0396971963043	0	0.200875298376114	0.223980429379018	0.212427863877566	0.438677110875212	0.438677110875212
pgvalues	~~	pgvalues		0.267280379140337	0.00709698006145317	37.6611427432429	0	0.25337055382089	0.281190204459784	0.267280379140337	0.493266257847763	0.493266257847763
pgprobsolve	~~	pgprobsolve		0.187688449311245	0.00527709445681006	35.5666268336422	0	0.177345534232881	0.198031364389609	0.187688449311245	0.413455478163474	0.413455478163474
SEacademic	~~	SEacademic		0.156729118485226	0.00519343621219574	30.1783081723772	0	0.146550170553316	0.166908066417136	0.156729118485226	0.271129873185045	0.271129873185045
SEwellness	~~	SEwellness		0.181051588040528	0.00543955591977514	33.2842589929681	0	0.170390254345877	0.191712921735179	0.181051588040528	0.313910572119101	0.313910572119101
SEnonacad	~~	SEnonacad		0.25515389505374	0.00668922026308393	38.1440414605374	0	0.24204326425344	0.26826452585404	0.25515389505374	0.405193699972689	0.405193699972689
SEactivities	~~	SEactivities		0.300340595627515	0.00758958325283897	39.5727387950017	0	0.285465285794283	0.315215905460748	0.300340595627515	0.452751742850608	0.452751742850608
SEdiverse	~~	SEdiverse		0.220540609984574	0.00615215975092288	35.8476728357859	0	0.208482598445628	0.23259862152352	0.220540609984574	0.368860955748984	0.368860955748984
sameinst	~~	sameinst		0.0979212668324192	0.00749270245654514	13.0688850118266	0	0.0832358398707159	0.112606693794122	0.0979212668324192	0.20217582877659	0.20217582877659
evalexp	~~	evalexp		0.121008926984219	0.0075178310637121	16.0962551510792	0	0.106274248857487	0.135743605110951	0.121008926984219	0.246039869305369	0.246039869305369
MHWdacad	~~	MHWdacad		0.212198018486414	0.00579350983834003	36.6268504598265	0	0.200842947859189	0.223553089113639	0.212198018486414	0.137126629531104	0.137126629531104
MHWdlonely	~~	MHWdlonely		0.171165877389405	0.00508714451468118	33.6467495459251	0	0.161195257356479	0.18113649742233	0.171165877389405	0.11351932461524	0.11351932461524
MHWdmental	~~	MHWdmental		0.126569367616532	0.00392018044495548	32.2866177702107	0	0.118885955131521	0.134252780101543	0.126569367616532	0.0849171839717601	0.0849171839717601
MHWdexhaust	~~	MHWdexhaust		0.152531829985023	0.0045610331525372	33.4423857235444	0	0.143592369273757	0.161471290696289	0.152531829985023	0.100511943213723	0.100511943213723
MHWdsleep	~~	MHWdsleep		0.186788072032711	0.00542616362439927	34.4235973999752	0	0.176152986754667	0.197423157310755	0.186788072032711	0.122349533110453	0.122349533110453
MHWdfinancial	~~	MHWdfinancial		0.34751734338953	0.00887599075432743	39.1525129991939	0	0.330120721183938	0.364913965595122	0.34751734338953	0.209476844570081	0.209476844570081
QIadmin	~~	QIadmin		0.248384675267112	0.00690541955324496	35.969527029012	0	0.234850301644614	0.261919048889611	0.248384675267112	0.194070778966961	0.194070778966961
QIstudent	~~	QIstudent		0.22499893772585	0.0064467518443413	34.9011320985382	0	0.212363536293674	0.237634339158026	0.22499893772585	0.170530393912527	0.170530393912527
QIadvisor	~~	QIadvisor		0.169448386442602	0.00518868594997684	32.6572831881178	0	0.159278748853558	0.179618024031646	0.169448386442602	0.136533106857986	0.136533106857986
QIfaculty	~~	QIfaculty		0.154429922859694	0.00483924394199989	31.9119938384163	0	0.14494517902097	0.163914666698417	0.154429922859694	0.128055760741914	0.128055760741914
QIstaff	~~	QIstaff		0.180703584697647	0.00535062109900491	33.7724502172755	0	0.170216560048677	0.191190609346617	0.180703584697647	0.147423419799381	0.147423419799381
Belong	~~	Belong		0.337414847655751	0.00997785873909016	33.8163584471149	0	0.317858603884306	0.356971091427196	0.707570567565222	0.707570567565222	0.707570567565222
Gains	~~	Gains		0.232122533746268	0.00905869904247084	25.6242681932564	0	0.214367809876238	0.249877257616298	0.919269264956529	0.919269264956529	0.919269264956529
SupportEnv	~~	SupportEnv		0.294612448542549	0.00942896384910346	31.245474397546	0	0.276132018986776	0.313092878098322	0.699243797578237	0.699243797578237	0.699243797578237
Satisf	~~	Satisf		0.24308600517179	0.00950485479693546	25.5749309553014	0	0.224456832091514	0.261715178252066	0.629078692549067	0.629078692549067	0.629078692549067
DevAdj	~~	DevAdj		0.0178289153930702	0.0033998704880064	5.24399839816389	1.57133563938316e-07	0.0111652916844771	0.0244925391016634	0.127852555406492	0.127852555406492	0.127852555406492
EmoDiss	~~	EmoDiss		1.04063837907476	0.0254022639222785	40.9663635595128	0	0.990850856661309	1.0904259014882	0.779351274438223	0.779351274438223	0.779351274438223
QualEngag	~~	QualEngag		0.875516312500592	0.0231536176878289	37.8133700013896	0	0.830136055720638	0.920896569280547	0.848794762977142	0.848794762977142	0.848794762977142
x_FASt	~~	x_FASt		0.25	0	NA	NA	0.25	0.25	0.25	1	0.25
x_FASt	~~	XZ_c		0.395921274097372	0	NA	NA	0.395921274097372	0.395921274097372	0.395921274097372	0.551872789343318	0.395921274097372
x_FASt	~~	cohort		4.44089209850063e-16	0	NA	NA	4.44089209850063e-16	4.44089209850063e-16	4.44089209850063e-16	1.77637402992108e-15	4.44089209850063e-16
x_FASt	~~	hgrades_c		1.69309011255336e-15	0	NA	NA	1.69309011255336e-15	1.69309011255336e-15	1.69309011255336e-15	3.15051838330661e-15	1.69309011255336e-15
x_FASt	~~	bparented_c		4.44089209850063e-15	0	NA	NA	4.44089209850063e-15	4.44089209850063e-15	4.44089209850063e-15	4.50561437408348e-15	4.44089209850063e-15
x_FASt	~~	pell		-0.0113662078825106	0	NA	NA	-0.0113662078825106	-0.0113662078825106	-0.0113662078825106	-0.0467048988290951	-0.0113662078825106
x_FASt	~~	hapcl		8.60422844084496e-16	0	NA	NA	8.60422844084496e-16	8.60422844084496e-16	8.60422844084496e-16	3.65947919684206e-15	8.60422844084496e-16
x_FASt	~~	hprecalc13		5.27355936696949e-16	0	NA	NA	5.27355936696949e-16	5.27355936696949e-16	5.27355936696949e-16	2.13680319300699e-15	5.27355936696949e-16
x_FASt	~~	hchallenge_c		-4.42354486374086e-17	0	NA	NA	-4.42354486374086e-17	-4.42354486374086e-17	-4.42354486374086e-17	-7.42734904323646e-17	-4.42354486374086e-17
x_FASt	~~	cSFcareer_c		-1.17093834628434e-17	0	NA	NA	-1.17093834628434e-17	-1.17093834628434e-17	-1.17093834628434e-17	-2.8899300532339e-17	-1.17093834628434e-17
XZ_c	~~	XZ_c		2.05873148113699	0	NA	NA	2.05873148113699	2.05873148113699	2.05873148113699	1	2.05873148113699
XZ_c	~~	cohort		0.00235065952125157	0	NA	NA	0.00235065952125157	0.00235065952125157	0.00235065952125157	0.00327660488541168	0.00235065952125157
XZ_c	~~	hgrades_c		0.219161566711048	0	NA	NA	0.219161566711048	0.219161566711048	0.219161566711048	0.142113878617692	0.219161566711048
XZ_c	~~	bparented_c		0.221343699046381	0	NA	NA	0.221343699046381	0.221343699046381	0.221343699046381	0.0782566247373082	0.221343699046381
XZ_c	~~	pell		-0.0867904878898058	0	NA	NA	-0.0867904878898058	-0.0867904878898058	-0.0867904878898058	-0.124276531021669	-0.0867904878898058
XZ_c	~~	hapcl		0.0817410836485205	0	NA	NA	0.0817410836485205	0.0817410836485205	0.0817410836485205	0.121148458569366	0.0817410836485205
XZ_c	~~	hprecalc13		0.0134068083193254	0	NA	NA	0.0134068083193254	0.0134068083193254	0.0134068083193254	0.0189302450668491	0.0134068083193254
XZ_c	~~	hchallenge_c		0.0874566507323728	0	NA	NA	0.0874566507323728	0.0874566507323728	0.0874566507323728	0.0511712929530696	0.0874566507323728
XZ_c	~~	cSFcareer_c		-0.0154244235503353	0	NA	NA	-0.0154244235503353	-0.0154244235503353	-0.0154244235503353	-0.0132657679626656	-0.0154244235503353
cohort	~~	cohort		0.249995161368789	0	NA	NA	0.249995161368789	0.249995161368789	0.249995161368789	1	0.249995161368789
cohort	~~	hgrades_c		-0.0018243602774389	0	NA	NA	-0.0018243602774389	-0.0018243602774389	-0.0018243602774389	-0.00339482002277966	-0.0018243602774389
cohort	~~	bparented_c		-0.00908936868825466	0	NA	NA	-0.00908936868825466	-0.00908936868825466	-0.00908936868825466	-0.00922192785262521	-0.00908936868825466
cohort	~~	pell		0.00119819768392693	0	NA	NA	0.00119819768392693	0.00119819768392693	0.00119819768392693	0.00492356322772404	0.00119819768392693
cohort	~~	hapcl		-0.00147981911181169	0	NA	NA	-0.00147981911181169	-0.00147981911181169	-0.00147981911181169	-0.006293905024357	-0.00147981911181169
cohort	~~	hprecalc13		0.00124494176175102	0	NA	NA	0.00124494176175102	0.00124494176175102	0.00124494176175102	0.00504445117668221	0.00124494176175102
cohort	~~	hchallenge_c		-0.00676902844455687	0	NA	NA	-0.00676902844455687	-0.00676902844455687	-0.00676902844455687	-0.0113656411386095	-0.00676902844455687
cohort	~~	cSFcareer_c		-0.00274671615782474	0	NA	NA	-0.00274671615782474	-0.00274671615782474	-0.00274671615782474	-0.00677908825417528	-0.00274671615782474
hgrades_c	~~	hgrades_c		1.15519713243127	0	NA	NA	1.15519713243127	1.15519713243127	1.15519713243127	1	1.15519713243127
hgrades_c	~~	bparented_c		0.990653053914604	0	NA	NA	0.990653053914604	0.990653053914604	0.990653053914604	0.467570748305827	0.990653053914604
hgrades_c	~~	pell		-0.249525386957571	0	NA	NA	-0.249525386957571	-0.249525386957571	-0.249525386957571	-0.47698369311295	-0.249525386957571
hgrades_c	~~	hapcl		0.047270581034528	0	NA	NA	0.047270581034528	0.047270581034528	0.047270581034528	0.0935276977754248	0.047270581034528
hgrades_c	~~	hprecalc13		0.0813151110609917	0	NA	NA	0.0813151110609917	0.0813151110609917	0.0813151110609917	0.153275907910132	0.0813151110609917
hgrades_c	~~	hchallenge_c		0.00716053145614151	0	NA	NA	0.00716053145614151	0.00716053145614151	0.00716053145614151	0.00559307454514387	0.00716053145614151
hgrades_c	~~	cSFcareer_c		-0.0116866299752139	0	NA	NA	-0.0116866299752139	-0.0116866299752139	-0.0116866299752139	-0.013417899957802	-0.0116866299752139
bparented_c	~~	bparented_c		3.88590694402614	0	NA	NA	3.88590694402614	3.88590694402614	3.88590694402614	1	3.88590694402614
bparented_c	~~	pell		-0.646736163622265	0	NA	NA	-0.646736163622265	-0.646736163622265	-0.646736163622265	-0.674058815907689	-0.646736163622265
bparented_c	~~	hapcl		0.141974654525724	0	NA	NA	0.141974654525724	0.141974654525724	0.141974654525724	0.153158807790338	0.141974654525724
bparented_c	~~	hprecalc13		0.200537020716466	0	NA	NA	0.200537020716466	0.200537020716466	0.200537020716466	0.206100501843644	0.200537020716466
bparented_c	~~	hchallenge_c		0.117963109604104	0	NA	NA	0.117963109604104	0.117963109604104	0.117963109604104	0.0502381242934763	0.117963109604104
bparented_c	~~	cSFcareer_c		-0.00116870209189269	0	NA	NA	-0.00116870209189269	-0.00116870209189269	-0.00116870209189269	-0.000731612185443434	-0.00116870209189269
pell	~~	pell		0.236900681268099	0	NA	NA	0.236900681268099	0.236900681268099	0.236900681268099	1	0.236900681268099
pell	~~	hapcl		-0.0370211869826356	0	NA	NA	-0.0370211869826356	-0.0370211869826356	-0.0370211869826356	-0.161750092965008	-0.0370211869826356
pell	~~	hprecalc13		-0.0503307479040657	0	NA	NA	-0.0503307479040657	-0.0503307479040657	-0.0503307479040657	-0.20949850011458	-0.0503307479040657
pell	~~	hchallenge_c		-0.0285153605555168	0	NA	NA	-0.0285153605555168	-0.0285153605555168	-0.0285153605555168	-0.0491845966618747	-0.0285153605555168
pell	~~	cSFcareer_c		0.000537102333048504	0	NA	NA	0.000537102333048504	0.000537102333048504	0.000537102333048504	0.00136174939531169	0.000537102333048504
hapcl	~~	hapcl		0.221128790586616	0	NA	NA	0.221128790586616	0.221128790586616	0.221128790586616	1	0.221128790586616
hapcl	~~	hprecalc13		0.00971573687302138	0	NA	NA	0.00971573687302138	0.00971573687302138	0.00971573687302138	0.0418585122125612	0.00971573687302138
hapcl	~~	hchallenge_c		-0.00329393366289516	0	NA	NA	-0.00329393366289516	-0.00329393366289516	-0.00329393366289516	-0.0058806536958566	-0.00329393366289516
hapcl	~~	cSFcareer_c		0.0101080801449369	0	NA	NA	0.0101080801449369	0.0101080801449369	0.0101080801449369	0.0265258517720865	0.0101080801449369
hprecalc13	~~	hprecalc13		0.243634407668915	0	NA	NA	0.243634407668915	0.243634407668915	0.243634407668915	1	0.243634407668915
hprecalc13	~~	hchallenge_c		0.00807964405069828	0	NA	NA	0.00807964405069828	0.00807964405069828	0.00807964405069828	0.0137422017150242	0.00807964405069828
hprecalc13	~~	cSFcareer_c		0.00831582447488433	0	NA	NA	0.00831582447488433	0.00831582447488433	0.00831582447488433	0.020790230764976	0.00831582447488433
hchallenge_c	~~	hchallenge_c		1.41883925735921	0	NA	NA	1.41883925735921	1.41883925735921	1.41883925735921	1	1.41883925735921
hchallenge_c	~~	cSFcareer_c		0.00507661276515924	0	NA	NA	0.00507661276515924	0.00507661276515924	0.00507661276515924	0.00525933393130595	0.00507661276515924
cSFcareer_c	~~	cSFcareer_c		0.656679389663647	0	NA	NA	0.656679389663647	0.656679389663647	0.656679389663647	1	0.656679389663647
sbvalued	~1			3.22947031987627	0.0358635692801657	90.0487705127085	0	3.15917901573008	3.29976162402245	3.22947031987627	4.10400166254635	4.10400166254635
sbmyself	~1			3.20935853736678	0.0359088751127993	89.3750786479757	0	3.13897843542035	3.27973863931321	3.20935853736678	3.99284876839377	3.99284876839377
sbcommunity	~1			3.23188707242139	0.0364875903348736	88.5749659750063	0	3.16037270948239	3.3034014353604	3.23188707242139	4.13038507462985	4.13038507462985
pganalyze	~1			3.10266042561168	0.018130097903805	171.133131330775	0	3.06712608668404	3.13819476453932	3.10266042561168	4.40321393534935	4.40321393534935
pgthink	~1			3.1132331693201	0.0180274328860956	172.694203827618	0	3.07790005012964	3.14856628851056	3.1132331693201	4.74910324239096	4.74910324239096
pgwork	~1			3.11014863824404	0.0185519795309923	167.645109409933	0	3.07378742652137	3.14650984996671	3.11014863824404	4.46938627858067	4.46938627858067
pgvalues	~1			3.11139460254708	0.0191566075632967	162.418872562196	0	3.07384834165705	3.14894086343711	3.11139460254708	4.22680545080689	4.22680545080689
pgprobsolve	~1			3.1220766366894	0.0182868289312104	170.728158962591	0	3.08623511059278	3.15791816278602	3.1220766366894	4.63382002002717	4.63382002002717
SEacademic	~1			3.19185929427344	0.034521885847205	92.4590072628335	0	3.12419764133451	3.25952094721236	3.19185929427344	4.19814638816831	4.19814638816831
SEwellness	~1			3.17551130712366	0.0335437387505831	94.6677807961541	0	3.1097667872657	3.24125582698163	3.17551130712366	4.18133983076766	4.18133983076766
SEnonacad	~1			3.16452467181028	0.0329203740505009	96.1266317009582	0	3.10000192431371	3.22904741930685	3.16452467181028	3.98784919712134	3.98784919712134
SEactivities	~1			3.16416436886741	0.0327064824287946	96.7442578319489	0	3.10006084124598	3.22826789648884	3.16416436886741	3.88492001972354	3.88492001972354
SEdiverse	~1			3.16769490862286	0.0328259439777462	96.4997354156924	0	3.10335724066794	3.23203257657777	3.16769490862286	4.09666455639654	4.09666455639654
sameinst	~1			3.39581904894139	0.0357643229038835	94.9499046317092	0	3.32572226411831	3.46591583376446	3.39581904894139	4.8794474428506	4.8794474428506
evalexp	~1			3.38889454607298	0.0350581410501799	96.6649812156994	0	3.3201818522497	3.45760723989626	3.38889454607298	4.83228003095908	4.83228003095908
MHWdacad	~1			2.57476112588914	0.0734104488762003	35.0734965567536	0	2.43087929000287	2.71864296177542	2.57476112588914	2.06979427878849	2.06979427878849
MHWdlonely	~1			2.55960914455725	0.0738713602393642	34.6495466749683	0	2.41482393899911	2.70439435011538	2.55960914455725	2.08449067710106	2.08449067710106
MHWdmental	~1			2.55088057252596	0.0742845147651052	34.339331428523	0	2.40528559897732	2.6964755460746	2.55088057252596	2.08940973061898	2.08940973061898
MHWdexhaust	~1			2.5557492273699	0.0742340519391028	34.428259816216	0	2.41025315914279	2.70124529559702	2.5557492273699	2.0746595165243	2.0746595165243
MHWdsleep	~1			2.56586398948217	0.0735914735893211	34.8663216584171	0	2.42162735167787	2.71010062728647	2.56586398948217	2.07663524266211	2.07663524266211
MHWdfinancial	~1			2.58428215588479	0.0736054598051334	35.1099247627356	0	2.44001810560122	2.72854620616836	2.58428215588479	2.00641006940546	2.00641006940546
QIadmin	~1			5.59966461052625	0.0728658001269631	76.849010108573	0	5.45685026657271	5.74247895447979	5.59966461052625	4.94970928255297	4.94970928255297
QIstudent	~1			5.61542878653631	0.0752177633786776	74.6556203521488	0	5.46800467931645	5.76285289375618	5.61542878653631	4.88870225818181	4.88870225818181
QIadvisor	~1			5.61275365316695	0.0741205431609353	75.7246697582906	0	5.46748005805697	5.75802724827693	5.61275365316695	5.03820980559244	5.03820980559244
QIfaculty	~1			5.62396456291114	0.0734255591282776	76.5940992439136	0	5.480053111475	5.76787601434728	5.62396456291114	5.12125508863725	5.12125508863725
QIstaff	~1			5.61135294259837	0.0734339903631307	76.4135642752117	0	5.46742496624557	5.75528091895116	5.61135294259837	5.06835985696755	5.06835985696755
x_FASt	~1			0.499999999999998	0	NA	NA	0.499999999999998	0.499999999999998	0.499999999999998	0.999999999999996	0.499999999999998
XZ_c	~1			0.79184254819474	0	NA	NA	0.79184254819474	0.79184254819474	0.79184254819474	0.551872789343315	0.79184254819474
cohort	~1			0.502199688889557	0	NA	NA	0.502199688889557	0.502199688889557	0.502199688889557	1.00440909775656	0.502199688889557
hgrades_c	~1			0.164345297231036	0	NA	NA	0.164345297231036	0.164345297231036	0.164345297231036	0.152907655740636	0.164345297231036
bparented_c	~1			0.31353221972894	0	NA	NA	0.31353221972894	0.31353221972894	0.31353221972894	0.159050844359173	0.31353221972894
pell	~1			1.38554774474962	0	NA	NA	1.38554774474962	1.38554774474962	1.38554774474962	2.84667797344202	1.38554774474962
hapcl	~1			0.330084699295842	0	NA	NA	0.330084699295842	0.330084699295842	0.330084699295842	0.701944455899627	0.330084699295842
hprecalc13	~1			0.420215337745375	0	NA	NA	0.420215337745375	0.420215337745375	0.420215337745375	0.851339117436375	0.420215337745375
hchallenge_c	~1			-0.0119902437665956	0	NA	NA	-0.0119902437665956	-0.0119902437665956	-0.0119902437665956	-0.0100661040309518	-0.0119902437665956
cSFcareer_c	~1			0.00477137487863306	0	NA	NA	0.00477137487863306	0.00477137487863306	0.00477137487863306	0.00588798705788497	0.00477137487863306
Belong	~1			0	0	NA	NA	0	0	0	0	0
Gains	~1			0	0	NA	NA	0	0	0	0	0
SupportEnv	~1			0	0	NA	NA	0	0	0	0	0
Satisf	~1			0	0	NA	NA	0	0	0	0	0
DevAdj	~1			0	0	NA	NA	0	0	0	0	0
EmoDiss	~1			0	0	NA	NA	0	0	0	0	0
QualEngag	~1			0	0	NA	NA	0	0	0	0	0
dir_z_low	:=	c+cz*-1.81733618622	dir_z_low	-0.0212141385232446	0.0204450652802979	-1.0376165706689	0.299448600138054	-0.0612857301341988	0.0188574530877096	-0.056809065428971	-0.0530232366065659	-0.056809065428971
dir_z_mid	:=	c+cz*0	dir_z_mid	-0.011379889220074	0.0139232320937783	-0.817331000691948	0.413739295252412	-0.0386689226722716	0.0159091442321236	-0.0304740572222281	-0.015237028611114	-0.0304740572222281
dir_z_high	:=	c+cz*1.81733618622	dir_z_high	-0.0015456399169035	0.0113933634720759	-0.135661424362676	0.892088944618003	-0.0238762219849466	0.0207849421511395	-0.00413904901548513	0.0225491793843379	-0.00413904901548513
a1_z_low	:=	a1+a1z*-1.81733618622	a1_z_low	0.154279426340202	0.0591815037532271	2.60688587744427	0.00913698074030211	0.0382858104329554	0.27027304224745	0.133513358592633	0.0588703970208929	0.133513358592633
a1_z_mid	:=	a1+a1z*0	a1_z_mid	0.164027614099115	0.0397959920651197	4.12171190080425	3.76067329208585e-05	0.0860289029224389	0.242026325275791	0.141949436680026	0.0709747183400129	0.141949436680026
a1_z_high	:=	a1+a1z*1.81733618622	a1_z_high	0.173775801858028	0.0327809992849049	5.30111362218444	1.15098424346982e-07	0.109526223882381	0.238025379833675	0.150385514767418	0.0830790396591329	0.150385514767418
a2_z_low	:=	a2+a2z*-1.81733618622	a2_z_low	0.0375489999400761	0.057578390419663	0.652137019920118	0.514312784214018	-0.0753025715702494	0.150400571450402	0.0369715449699296	0.0475312174293524	0.0369715449699296
a2_z_mid	:=	a2+a2z*0	a2_z_mid	0.00599335342404775	0.0380064373170644	0.157693113249444	0.874698627425246	-0.0684978948980776	0.0804846017461731	0.00590118341344602	0.00295059170672301	0.00590118341344602
a2_z_high	:=	a2+a2z*1.81733618622	a2_z_high	-0.0255622930919806	0.030860416519969	-0.828319769288918	0.407489429837652	-0.0860475980190246	0.0349230118350635	-0.0251691781430375	-0.0416300340159064	-0.0251691781430375
ind_EmoDiss_z_low	:=	a1_z_low*b1	ind_EmoDiss_z_low	-0.0305798694757017	0.0117861705042276	-2.59455515807555	0.00947134148811868	-0.053680339179636	-0.0074793997717673	-0.0818894344425556	-0.036107724112901	-0.0818894344425556
ind_EmoDiss_z_mid	:=	a1_z_mid*b1	ind_EmoDiss_z_mid	-0.0325120668941367	0.00798397228045236	-4.07216680520522	4.65778026528252e-05	-0.0481603650173895	-0.016863768770884	-0.0870636407599743	-0.0435318203799871	-0.0870636407599743
ind_EmoDiss_z_high	:=	a1_z_high*b1	ind_EmoDiss_z_high	-0.0344442643125718	0.0066309160659259	-5.19449559760974	2.05275630937862e-07	-0.0474406209862946	-0.021447907638849	-0.092237847077393	-0.0509559166470733	-0.092237847077393
ind_QualEngag_z_low	:=	a2_z_low*b2	ind_QualEngag_z_low	0.0050207129696183	0.00771312712098968	0.65093092475495	0.515091077663782	-0.0100967383957006	0.0201381643349372	0.0134449019119305	0.017284983806115	0.0134449019119305
ind_QualEngag_z_mid	:=	a2_z_mid*b2	ind_QualEngag_z_mid	0.000801377062388996	0.00508319939290307	0.157652100664759	0.874730946489637	-0.00916151067393689	0.0107642647987149	0.00214599720467792	0.00107299860233896	0.00214599720467792
ind_QualEngag_z_high	:=	a2_z_high*b2	ind_QualEngag_z_high	-0.00341795884484031	0.00413061920719869	-0.827468878971854	0.407971354290555	-0.0115138237247991	0.00467790603511851	-0.00915290750257465	-0.0151389866014371	-0.00915290750257465
total_z_low	:=	dir_z_low+ind_EmoDiss_z_low+ind_QualEngag_z_low	total_z_low	-0.0467732950293279	0.0252281994252377	-1.85400845462387	0.0637379504341393	-0.096219657297588	0.00267306723893212	-0.125253597959596	-0.071845976913352	-0.125253597959596
total_z_mid	:=	dir_z_mid+ind_EmoDiss_z_mid+ind_QualEngag_z_mid	total_z_mid	-0.0430905790518218	0.0168837032470933	-2.55219950393527	0.0107045203971019	-0.0761820293417865	-0.00999912876185701	-0.115391700777524	-0.0576958503887622	-0.115391700777524
total_z_high	:=	dir_z_high+ind_EmoDiss_z_high+ind_QualEngag_z_high	total_z_high	-0.0394078630743156	0.0139657213392156	-2.82175636453942	0.00477614464546217	-0.0667801739173007	-0.0120355522313306	-0.105529803595453	-0.0435457238641725	-0.105529803595453
index_MM_EmoDiss	:=	a1z*b1	index_MM_EmoDiss	-0.00106320307331467	0.00289591584739741	-0.367138801450389	0.71351548575294	-0.00673909383647239	0.00461268768984304	-0.00284713767141833	-0.00408515294164039	-0.00284713767141833
index_MM_QualEngag	:=	a2z*b2	index_MM_QualEngag	-0.00232171457280306	0.0019406377672381	-1.19636678827874	0.231553455866285	-0.00612529470362795	0.00148186555802183	-0.00621728923516013	-0.00892074087706162	-0.00621728923516013
