lhs	op	rhs	block	group	label	est	se	z	pvalue	std.lv	std.all	std.nox
Belong	=~	sbvalued	1	1		1	0	NA	NA	0.500270572112023	0.679685195815469	0.679685195815469
Belong	=~	sbmyself	1	1		0.984737264492148	0.0444302504608537	22.1636667423195	0	0.492635074687516	0.700483505528631	0.700483505528631
Belong	=~	sbcommunity	1	1		1.19884001219611	0.0516802897622783	23.197238593487	0	0.599744378772134	0.74852181148795	0.74852181148795
Gains	=~	pganalyze	1	1		1	0	NA	NA	0.396687583153511	0.625351991088371	0.625351991088371
Gains	=~	pgthink	1	1		0.645728982603385	0.049031267040506	13.1697388539834	0	0.256152669481113	0.438315603605018	0.438315603605018
Gains	=~	pgwork	1	1		0.761171394644738	0.052794471281953	14.4176345772958	0	0.301947240907209	0.515752724328641	0.515752724328641
Gains	=~	pgvalues	1	1		0.806991380864202	0.051297658846427	15.7315440706591	0	0.320123460500735	0.551006911787351	0.551006911787351
Gains	=~	pgprobsolve	1	1		0.938808633151819	0.0609165794851255	15.4113812871101	0	0.372413727728647	0.596169371499429	0.596169371499429
SupportEnv	=~	SEacademic	1	1		1	0	NA	NA	0.294547875115159	0.564405738711481	0.564405738711481
SupportEnv	=~	SEwellness	1	1		1.22014432404566	0.0739191132129246	16.5064794612866	0	0.359390917981471	0.608684254060618	0.608684254060618
SupportEnv	=~	SEnonacad	1	1		1.21759177777036	0.0768493702619779	15.8438744991614	0	0.35863907089995	0.597997265176276	0.597997265176276
SupportEnv	=~	SEactivities	1	1		1.3641111693267	0.0771864952233331	17.6729253657618	0	0.401796046346034	0.65130103643967	0.65130103643967
SupportEnv	=~	SEdiverse	1	1		1.08173780064271	0.0746631572218966	14.4882407989769	0	0.318623570611056	0.551093253169416	0.551093253169416
Satisf	=~	sameinst	1	1		1	0	NA	NA	0.501388970478932	0.767115798632756	0.767115798632756
Satisf	=~	evalexp	1	1		0.885140023182001	0.0810046298205283	10.9270300369632	0	0.443799444952922	0.657227017340658	0.657227017340658
DevAdj	=~	Belong	1	1		1	0	NA	NA	0.448504556677461	0.448504556677461	0.448504556677461
DevAdj	=~	Gains	1	1		1.09191732747523	0.129672670305514	8.42056637611171	0	0.61760807774407	0.61760807774407	0.61760807774407
DevAdj	=~	SupportEnv	1	1		0.539373661649737	0.068767561728678	7.84343152630352	4.44089209850063e-15	0.41087115964152	0.41087115964152	0.41087115964152
DevAdj	=~	Satisf	1	1		1.07435253067844	0.132274685308289	8.12213257717816	4.44089209850063e-16	0.480777186279486	0.480777186279486	0.480777186279486
EmoDiss	=~	MHWdacad	1	1		1	0	NA	NA	0.752355044836739	0.51569367801742	0.51569367801742
EmoDiss	=~	MHWdlonely	1	1		0.90148952978222	0.060192454743604	14.9767862703425	0	0.678240195599152	0.479028546467191	0.479028546467191
EmoDiss	=~	MHWdmental	1	1		1.23710346987187	0.0685044499467149	18.0587315252386	0	0.930741036543138	0.624217970992424	0.624217970992424
EmoDiss	=~	MHWdexhaust	1	1		1.00327733704149	0.0666888926233041	15.0441444980735	0	0.754820765893538	0.535467594482907	0.535467594482907
EmoDiss	=~	MHWdsleep	1	1		1.0845335386755	0.0610357923926556	17.7688123011244	0	0.81595427911715	0.58266313872455	0.58266313872455
EmoDiss	=~	MHWdfinancial	1	1		1.16978626553774	0.0711853447103127	16.4329648230005	0	0.880094598258045	0.594362387467237	0.594362387467237
QualEngag	=~	QIadmin	1	1		1	0	NA	NA	1.02608899084506	0.7176747521649	0.7176747521649
QualEngag	=~	QIstudent	1	1		0.876042507377637	0.0376029012572806	23.2972052178559	0	0.898897572332499	0.683743410086643	0.683743410086643
QualEngag	=~	QIadvisor	1	1		0.938708938068501	0.0371445355014049	25.2717910022861	0	0.96319890695995	0.708111165785397	0.708111165785397
QualEngag	=~	QIfaculty	1	1		0.931388394854238	0.035923721991273	25.9268345045233	0	0.95568737816079	0.697984880406356	0.697984880406356
QualEngag	=~	QIstaff	1	1		0.869530614790014	0.0347504190257529	25.0221620103522	0	0.892215791038774	0.67955585393268	0.67955585393268
EmoDiss	~	x_FASt	1	1	W3__a1_g1	0.00516972293535524	0.0707704202404439	0.0730492049897543	0.941766962149647	0.00687138734675073	0.0034356727909304	0.00687138734675073
EmoDiss	~	credit_dose_c	1	1	W3__a1c_g1	0.3303867731585	0.0708025333176752	4.66631288002264	3.06652644765926e-06	0.439136781797209	0.714278615873591	0.439136781797209
EmoDiss	~	XZ_c	1	1	W3__a1z_g1	-0.173146524921923	0.0727217793024514	-2.38094456135078	0.0172683105479297	-0.230139381812075	-0.32072019630523	-0.230139381812075
EmoDiss	~	cohort	1	1	W3__g1_g1	0.0217608202260488	0.0398532589476915	0.546023607620407	0.585049709604626	0.0289236051188716	0.0144617652701577	0.0289236051188716
EmoDiss	~	hgrades_c	1	1		0.0337204911742614	0.0188667130445187	1.78730079238991	0.0738888860355922	0.0448199176780675	0.0471919674136153	0.0448199176780675
EmoDiss	~	bparented_c	1	1		-0.0515861805589563	0.017000877869656	-3.03432451867852	0.00241074957246146	-0.0685662718858362	-0.0860296593025018	-0.0685662718858362
EmoDiss	~	hapcl	1	1		-0.0151570428346551	0.0393932965128768	-0.384761981767649	0.700413768806696	-0.0201461303923923	-0.010039487082759	-0.0201461303923923
EmoDiss	~	hprecalc13	1	1		-0.0570761199318064	0.0408437516877987	-1.39742598496056	0.162285509618841	-0.0758632780141615	-0.0361742582214039	-0.0758632780141615
EmoDiss	~	hchallenge_c	1	1		0.00568073884922581	0.0232870303193204	0.243944323141655	0.807273941000696	0.00755060910166228	0.00604044666241625	0.00755060910166228
EmoDiss	~	cSFcareer_c	1	1		0.0536438603657663	0.0215987263657865	2.48365850176892	0.0130040448366975	0.0713012569449933	0.0642328256921777	0.0713012569449933
QualEngag	~	x_FASt	1	1	W3__a2_g1	0.0488763106945043	0.0860538934903892	0.567973263173304	0.570053122940014	0.0476335981874738	0.0238166543331606	0.0476335981874738
QualEngag	~	credit_dose_c	1	1	W3__a2c_g1	-0.00407588579263223	0.0849479166446037	-0.0479809976939693	0.961731386805824	-0.00397225370216225	-0.00646107544138593	-0.00397225370216225
QualEngag	~	XZ_c	1	1	W3__a2z_g1	-0.257768528885148	0.0894073528284463	-2.88307975496994	0.00393807719624006	-0.251214593651234	-0.35009042414285	-0.251214593651234
QualEngag	~	cohort	1	1	W3__g2_g1	0.0140977882630366	0.0512104807131937	0.27529107453593	0.78309262114725	0.0137393426777009	0.0068696536256308	0.0137393426777009
QualEngag	~	hgrades_c	1	1		0.0362041359682255	0.0244602077506522	1.48012381322723	0.138840207582724	0.035283621880017	0.0371509726090127	0.035283621880017
QualEngag	~	bparented_c	1	1		0.0454342889433646	0.0202584762611715	2.24272982615412	0.0249142420627784	0.0442790921145601	0.0555566914179359	0.0442790921145601
QualEngag	~	hapcl	1	1		-0.0990185780650074	0.0519576894661876	-1.90575406801809	0.0566821207787178	-0.096500965265652	-0.0480896418015906	-0.096500965265652
QualEngag	~	hprecalc13	1	1		0.161301297904369	0.0530606684323523	3.03994093308518	0.00236624550481901	0.157200105783734	0.0749584959668004	0.157200105783734
QualEngag	~	hchallenge_c	1	1		0.0133643142571606	0.0309634090451345	0.431616371365305	0.666020257721581	0.0130245177332563	0.0104195441205014	0.0130245177332563
QualEngag	~	cSFcareer_c	1	1		-0.0621791502440793	0.0281837246189744	-2.20620769911362	0.0273694604561947	-0.0605982042482201	-0.0545908172942556	-0.0605982042482201
DevAdj	~	x_FASt	1	1	W3__c_g1	-0.0157323165131692	0.0234979055765038	-0.669519947722507	0.503163860376167	-0.0701166016325614	-0.0350580877288792	-0.0701166016325614
DevAdj	~	credit_dose_c	1	1	W3__cc_g1	0.0247069922238313	0.0225216312593156	1.09703386665705	0.272626587817309	0.110115400351057	0.179108375816811	0.110115400351057
DevAdj	~	XZ_c	1	1	W3__cz_g1	-0.00810415012580487	0.0240437207487608	-0.337058902425597	0.73607249757116	-0.0361189952837443	-0.0503351106904832	-0.0361189952837443
DevAdj	~	EmoDiss	1	1	W3__b1_g1	-0.154304842936578	0.0197884826485316	-7.79770969190648	6.21724893790088e-15	-0.51740494827256	-0.51740494827256	-0.51740494827256
DevAdj	~	QualEngag	1	1	W3__b2_g1	0.0991325427736727	0.0115762619513073	8.56343292771443	0	0.453345654954648	0.453345654954648	0.453345654954648
DevAdj	~	cohort	1	1	W3__g3_g1	-0.0191440219577032	0.0149405882568559	-1.28134325292837	0.200073126793462	-0.0853220668507183	-0.0426609234252997	-0.0853220668507183
DevAdj	~	hgrades_c	1	1		0.0448970348093919	0.00738464801419877	6.07977993305389	1.20347598553394e-09	0.200099426017664	0.210689489881184	0.200099426017664
DevAdj	~	bparented_c	1	1		0.00319636134154986	0.00650843496589448	0.491110590840878	0.623348231235606	0.0142457084861957	0.0178739985984762	0.0142457084861957
DevAdj	~	hapcl	1	1		0.0454520970515269	0.0150944640411027	3.01117660936881	0.00260237442391253	0.202573256116396	0.100948993602313	0.202573256116396
DevAdj	~	hprecalc13	1	1		0.0131941532170107	0.0149269003170656	0.88391782196911	0.376740575799803	0.0588043842254067	0.0280399823894167	0.0588043842254067
DevAdj	~	hchallenge_c	1	1		0.0167582959189047	0.00990907955741471	1.6912061127176	0.0907974439505581	0.0746892396935202	0.0597509899599767	0.0746892396935202
DevAdj	~	cSFcareer_c	1	1		0.0007485233496356	0.00800094369757025	0.0935543828239804	0.925463147844635	0.00333605756502144	0.00300533838047773	0.00333605756502144
sbvalued	~~	sbvalued	1	1		0.29147358173108	0.0141836810003904	20.5499250669172	0	0.29147358173108	0.538028034589288	0.538028034589288
sbmyself	~~	sbmyself	1	1		0.251911503722548	0.0112695470940457	22.3532943800062	0	0.251911503722548	0.50932285848232	0.50932285848232
sbcommunity	~~	sbcommunity	1	1		0.282289568496442	0.0162632002603253	17.3575657913466	0	0.282289568496442	0.439715097726797	0.439715097726797
pganalyze	~~	pganalyze	1	1		0.245029851007323	0.0112816884526099	21.7192534642842	0	0.245029851007323	0.60893488724181	0.60893488724181
pgthink	~~	pgthink	1	1		0.275911918450288	0.0110273035584949	25.0207965153675	0	0.275911918450288	0.807879431636369	0.807879431636369
pgwork	~~	pgwork	1	1		0.251579131335421	0.00992231516940384	25.3548821056585	0	0.251579131335421	0.733999127347585	0.733999127347585
pgvalues	~~	pgvalues	1	1		0.235057602002384	0.00965001078393565	24.3582735051119	0	0.235057602002384	0.696391383162567	0.696391383162567
pgprobsolve	~~	pgprobsolve	1	1		0.251530277659933	0.0117179381740347	21.4654040603567	0	0.251530277659933	0.644582080485976	0.644582080485976
SEacademic	~~	SEacademic	1	1		0.185592531784748	0.00734175930599837	25.2790270082969	0	0.185592531784748	0.681446162109547	0.681446162109547
SEwellness	~~	SEwellness	1	1		0.219456372447677	0.00894026150762354	24.5469746338563	0	0.219456372447677	0.629503478858669	0.629503478858669
SEnonacad	~~	SEnonacad	1	1		0.231058444430308	0.0104148292038346	22.1855241126023	0	0.231058444430308	0.642399270841695	0.642399270841695
SEactivities	~~	SEactivities	1	1		0.219141529977903	0.00959142629304248	22.8476478140551	0	0.219141529977903	0.575806959932611	0.575806959932611
SEdiverse	~~	SEdiverse	1	1		0.232755339955105	0.00885097245021644	26.2971488459907	0	0.232755339955105	0.69629622631115	0.69629622631115
sameinst	~~	sameinst	1	1		0.175805612359021	0.0230367509885306	7.6315280938076	2.30926389122033e-14	0.175805612359021	0.411533351488028	0.411533351488028
evalexp	~~	evalexp	1	1		0.259018796773123	0.0202344771645973	12.800864320147	0	0.259018796773123	0.568052647677503	0.568052647677503
MHWdacad	~~	MHWdacad	1	1		1.56240506282098	0.0556069237727307	28.0973115723257	0	1.56240506282098	0.734060030452866	0.734060030452866
MHWdlonely	~~	MHWdlonely	1	1		1.54466655201311	0.0498957248214059	30.9578938384402	0	1.54466655201311	0.77053165166953	0.77053165166953
MHWdmental	~~	MHWdmental	1	1		1.35695519486177	0.0570814750073807	23.7722517627009	0	1.35695519486177	0.610351924690102	0.610351924690102
MHWdexhaust	~~	MHWdexhaust	1	1		1.41735279130348	0.0551854277834292	25.6834611641639	0	1.41735279130348	0.713274455258689	0.713274455258689
MHWdsleep	~~	MHWdsleep	1	1		1.29530425934724	0.0482943996615196	26.8210034377822	0	1.29530425934724	0.660503666771655	0.660503666771655
MHWdfinancial	~~	MHWdfinancial	1	1		1.41801665609922	0.0522682758074667	27.1295854740372	0	1.41801665609922	0.646733352364246	0.646733352364246
QIadmin	~~	QIadmin	1	1		0.991300602409672	0.0440824539718819	22.4874187594451	0	0.991300602409672	0.484942950105049	0.484942950105049
QIstudent	~~	QIstudent	1	1		0.920342760621082	0.03807612852211	24.1711223368379	0	0.920342760621082	0.532494949163088	0.532494949163088
QIadvisor	~~	QIadvisor	1	1		0.922492174329949	0.0385797304859215	23.91131723086	0	0.922492174329949	0.498578576890045	0.498578576890045
QIfaculty	~~	QIfaculty	1	1		0.961395697897105	0.0404708911022102	23.7552391784277	0	0.961395697897105	0.512817106724124	0.512817106724124
QIstaff	~~	QIstaff	1	1		0.927761375464359	0.039172461148199	23.6840205662445	0	0.927761375464359	0.538203841385827	0.538203841385827
Belong	~~	Belong	1	1		0.199927118959625	0.0161432787458406	12.3845423291807	0	0.798843662639554	0.798843662639554	0.798843662639554
Gains	~~	Gains	1	1		0.0973372853304738	0.0100077229492626	9.7262170249873	0	0.618560262305275	0.618560262305275	0.618560262305275
SupportEnv	~~	SupportEnv	1	1		0.0721123133457894	0.00734997829403	9.81122806911721	0	0.831184890174833	0.831184890174833	0.831184890174833
Satisf	~~	Satisf	1	1		0.19328272212243	0.0220693602750654	8.75796668835964	0	0.76885329715318	0.76885329715318	0.76885329715318
DevAdj	~~	DevAdj	1	1		0.0237866546491286	0.00455637680946621	5.22051964616054	1.78421777352611e-07	0.4724868591494	0.4724868591494	0.4724868591494
EmoDiss	~~	EmoDiss	1	1		0.461997761337259	0.0435120191022538	10.6177045071514	0	0.81619550048968	0.81619550048968	0.81619550048968
QualEngag	~~	QualEngag	1	1		0.911720050989957	0.0556523128517185	16.3824287666025	0	0.865947275496728	0.865947275496728	0.865947275496728
x_FASt	~~	x_FASt	1	1		0.249996960965749	0	NA	NA	0.249996960965749	1	0.249996960965749
x_FASt	~~	credit_dose_c	1	1		0.589418501801772	0	NA	NA	0.589418501801772	0.724750570699053	0.589418501801772
x_FASt	~~	XZ_c	1	1		0.434658853034094	0	NA	NA	0.434658853034094	0.623800614345035	0.434658853034094
x_FASt	~~	cohort	1	1		-0.00016983862752179	0	NA	NA	-0.00016983862752179	-0.000679360390996287	-0.00016983862752179
x_FASt	~~	hgrades_c	1	1		-0.00792159517986762	0	NA	NA	-0.00792159517986762	-0.0150469421517356	-0.00792159517986762
x_FASt	~~	bparented_c	1	1		-0.0132677234019871	0	NA	NA	-0.0132677234019871	-0.0211490750246642	-0.0132677234019871
x_FASt	~~	hapcl	1	1		0.00306366912309075	0	NA	NA	0.00306366912309075	0.0122957382727821	0.00306366912309075
x_FASt	~~	hprecalc13	1	1		-0.0125236287531508	0	NA	NA	-0.0125236287531508	-0.0525284747378562	-0.0125236287531508
x_FASt	~~	hchallenge_c	1	1		0.00555935463421679	0	NA	NA	0.00555935463421679	0.0138985645217654	0.00555935463421679
x_FASt	~~	cSFcareer_c	1	1		0.00233720612791419	0	NA	NA	0.00233720612791419	0.00518883439292762	0.00233720612791419
credit_dose_c	~~	credit_dose_c	1	1		2.64566996539653	0	NA	NA	2.64566996539653	1	2.64566996539653
credit_dose_c	~~	XZ_c	1	1		2.21117005547194	0	NA	NA	2.21117005547194	0.975481290004287	2.21117005547194
credit_dose_c	~~	cohort	1	1		-0.0105133555790338	0	NA	NA	-0.0105133555790338	-0.0129272049773444	-0.0105133555790338
credit_dose_c	~~	hgrades_c	1	1		0.0489648597204143	0	NA	NA	0.0489648597204143	0.0285903618731278	0.0489648597204143
credit_dose_c	~~	bparented_c	1	1		-0.0476163721645288	0	NA	NA	-0.0476163721645288	-0.0233319374714595	-0.0476163721645288
credit_dose_c	~~	hapcl	1	1		0.0135876795048261	0	NA	NA	0.0135876795048261	0.0167632250763564	0.0135876795048261
credit_dose_c	~~	hprecalc13	1	1		-0.0378569656949451	0	NA	NA	-0.0378569656949451	-0.0488101270423983	-0.0378569656949451
credit_dose_c	~~	hchallenge_c	1	1		0.0396596807948175	0	NA	NA	0.0396596807948175	0.0304785508731344	0.0396596807948175
credit_dose_c	~~	cSFcareer_c	1	1		-0.064488370751298	0	NA	NA	-0.064488370751298	-0.0440102392714884	-0.064488370751298
XZ_c	~~	XZ_c	1	1		1.94209617885576	0	NA	NA	1.94209617885576	1	1.94209617885576
XZ_c	~~	cohort	1	1		-0.0152343265845197	0	NA	NA	-0.0152343265845197	-0.021863465931055	-0.0152343265845197
XZ_c	~~	hgrades_c	1	1		0.0520586481012621	0	NA	NA	0.0520586481012621	0.0354781111658528	0.0520586481012621
XZ_c	~~	bparented_c	1	1		-0.0528701017907487	0	NA	NA	-0.0528701017907487	-0.0302368895231407	-0.0528701017907487
XZ_c	~~	hapcl	1	1		0.011854145277415	0	NA	NA	0.011854145277415	0.0170692717952344	0.011854145277415
XZ_c	~~	hprecalc13	1	1		-0.0286130884479637	0	NA	NA	-0.0286130884479637	-0.0430587423113774	-0.0286130884479637
XZ_c	~~	hchallenge_c	1	1		0.03760681938925	0	NA	NA	0.03760681938925	0.033732161495585	0.03760681938925
XZ_c	~~	cSFcareer_c	1	1		-0.0527467969908159	0	NA	NA	-0.0527467969908159	-0.0420146629573269	-0.0527467969908159
cohort	~~	cohort	1	1		0.249998710768249	0	NA	NA	0.249998710768249	1	0.249998710768249
cohort	~~	hgrades_c	1	1		-0.0300998303183653	0	NA	NA	-0.0300998303183653	-0.0571739416462585	-0.0300998303183653
cohort	~~	bparented_c	1	1		0.0176570439478656	0	NA	NA	0.0176570439478656	0.02814566063717	0.0176570439478656
cohort	~~	hapcl	1	1		0.00324697927280293	0	NA	NA	0.00324697927280293	0.0130313901378605	0.00324697927280293
cohort	~~	hprecalc13	1	1		0.0163088585087942	0	NA	NA	0.0163088585087942	0.0684048114973468	0.0163088585087942
cohort	~~	hchallenge_c	1	1		0.00359153516078295	0	NA	NA	0.00359153516078295	0.00897892143189982	0.00359153516078295
cohort	~~	cSFcareer_c	1	1		-0.0135410051566766	0	NA	NA	-0.0135410051566766	-0.0300622981180597	-0.0135410051566766
hgrades_c	~~	hgrades_c	1	1		1.1086489691503	0	NA	NA	1.1086489691503	1	1.1086489691503
hgrades_c	~~	bparented_c	1	1		0.0735886979471705	0	NA	NA	0.0735886979471705	0.0557027226774938	0.0735886979471705
hgrades_c	~~	hapcl	1	1		-0.0678268894012969	0	NA	NA	-0.0678268894012969	-0.129266201405923	-0.0678268894012969
hgrades_c	~~	hprecalc13	1	1		-0.0173969006278121	0	NA	NA	-0.0173969006278121	-0.0346502860369851	-0.0173969006278121
hgrades_c	~~	hchallenge_c	1	1		-0.00285271457707154	0	NA	NA	-0.00285271457707154	-0.00338668049069904	-0.00285271457707154
hgrades_c	~~	cSFcareer_c	1	1		-0.0496791699339057	0	NA	NA	-0.0496791699339057	-0.0523742069976062	-0.0496791699339057
bparented_c	~~	bparented_c	1	1		1.57425591245572	0	NA	NA	1.57425591245572	1	1.57425591245572
bparented_c	~~	hapcl	1	1		0.0150786219147657	0	NA	NA	0.0150786219147657	0.024115934767443	0.0150786219147657
bparented_c	~~	hprecalc13	1	1		-0.00734422250863791	0	NA	NA	-0.00734422250863791	-0.0122755265450761	-0.00734422250863791
bparented_c	~~	hchallenge_c	1	1		-0.00742932432725606	0	NA	NA	-0.00742932432725606	-0.00740158250861347	-0.00742932432725606
bparented_c	~~	cSFcareer_c	1	1		0.0173388480649857	0	NA	NA	0.0173388480649857	0.0153399072162857	0.0173388480649857
hapcl	~~	hapcl	1	1		0.248336050287935	0	NA	NA	0.248336050287935	1	0.248336050287935
hapcl	~~	hprecalc13	1	1		-0.00651414933257255	0	NA	NA	-0.00651414933257255	-0.0274138350669566	-0.00651414933257255
hapcl	~~	hchallenge_c	1	1		-0.00881569979605645	0	NA	NA	-0.00881569979605645	-0.0221131107609982	-0.00881569979605645
hapcl	~~	cSFcareer_c	1	1		-0.00411903140476545	0	NA	NA	-0.00411903140476545	-0.00917519655559113	-0.00411903140476545
hprecalc13	~~	hprecalc13	1	1		0.227371517280303	0	NA	NA	0.227371517280303	1	0.227371517280303
hprecalc13	~~	hchallenge_c	1	1		0.0208536454395298	0	NA	NA	0.0208536454395298	0.0546672073487938	0.0208536454395298
hprecalc13	~~	cSFcareer_c	1	1		0.0109626080966237	0	NA	NA	0.0109626080966237	0.0255203142043717	0.0109626080966237
hchallenge_c	~~	hchallenge_c	1	1		0.639991392741655	0	NA	NA	0.639991392741655	1	0.639991392741655
hchallenge_c	~~	cSFcareer_c	1	1		0.00371030261774283	0	NA	NA	0.00371030261774283	0.00514828314804077	0.00371030261774283
cSFcareer_c	~~	cSFcareer_c	1	1		0.81155822466247	0	NA	NA	0.81155822466247	1	0.81155822466247
sbvalued	~1		1	1		2.71959665493306	0.0271217904396982	100.273492672975	0	2.71959665493306	3.69493967463141	3.69493967463141
sbmyself	~1		1	1		2.82517264037838	0.0257458569395376	109.733097912146	0	2.82517264037838	4.01714562470226	4.01714562470226
sbcommunity	~1		1	1		2.47219055897712	0.031425606161227	78.668030977468	0	2.47219055897712	3.08546210860283	3.08546210860283
pganalyze	~1		1	1		2.78484600499789	0.0266583718369108	104.464219421759	0	2.78484600499789	4.39012731443624	4.39012731443624
pgthink	~1		1	1		2.75373885877843	0.0201852040746645	136.423632309707	0	2.75373885877843	4.71205985282563	4.71205985282563
pgwork	~1		1	1		2.71276021663945	0.0220080757872391	123.262035393952	0	2.71276021663945	4.63363555824677	4.63363555824677
pgvalues	~1		1	1		2.71268404405765	0.0224282397534526	120.949484840426	0	2.71268404405765	4.66916000293454	4.66916000293454
pgprobsolve	~1		1	1		2.79035977442843	0.0257488100387591	108.36849431986	0	2.79035977442843	4.46687892823969	4.46687892823969
SEacademic	~1		1	1		2.73433735630916	0.0167440284980346	163.302239758497	0	2.73433735630916	5.23947319216171	5.23947319216171
SEwellness	~1		1	1		2.58257272011248	0.0196275856662895	131.57872618781	0	2.58257272011248	4.37398740771744	4.37398740771744
SEnonacad	~1		1	1		2.52772376135854	0.0200348383918101	126.166416315683	0	2.52772376135854	4.21474406740023	4.21474406740023
SEactivities	~1		1	1		2.49122663912592	0.0214637026856767	116.066956182187	0	2.49122663912592	4.03821418061309	4.03821418061309
SEdiverse	~1		1	1		2.64053542158168	0.0186889410525947	141.288659113999	0	2.64053542158168	4.5670860219091	4.5670860219091
sameinst	~1		1	1		3.2019420007775	0.0271646298208845	117.871733275592	0	3.2019420007775	4.8989117027364	4.8989117027364
evalexp	~1		1	1		3.1266416608969	0.0254579825034272	122.815767528947	0	3.1266416608969	4.63027477040287	4.63027477040287
MHWdacad	~1		1	1		4.03342242134641	0.0612528359007683	65.8487458095932	0	4.03342242134641	2.76466604130158	2.76466604130158
MHWdlonely	~1		1	1		3.48299546487021	0.0578639126236625	60.1928785480347	0	3.48299546487021	2.45997548613982	2.45997548613982
MHWdmental	~1		1	1		3.85142456505833	0.0757651979614351	50.8336897241228	0	3.85142456505833	2.5830261405044	2.5830261405044
MHWdexhaust	~1		1	1		4.37374113767912	0.062525654477368	69.9511452417064	0	4.37374113767912	3.10271888600147	3.10271888600147
MHWdsleep	~1		1	1		4.18286412586667	0.0671244757737196	62.3150360230349	0	4.18286412586667	2.98693297260824	2.98693297260824
MHWdfinancial	~1		1	1		3.67340452896174	0.0713666609129046	51.4722768583042	0	3.67340452896174	2.48079409905264	2.48079409905264
QIadmin	~1		1	1		4.21627840974245	0.0763450013031973	55.2266466405296	0	4.21627840974245	2.94898063400725	2.94898063400725
QIstudent	~1		1	1		4.96967572050478	0.0676473114569924	73.4644971613441	0	4.96967572050478	3.78016709439486	3.78016709439486
QIadvisor	~1		1	1		4.61576473833036	0.0730509392442173	63.1855631985695	0	4.61576473833036	3.39335367412968	3.39335367412968
QIfaculty	~1		1	1		4.88646261858567	0.072538952589897	67.3632916401696	0	4.88646261858567	3.5688208344945	3.5688208344945
QIstaff	~1		1	1		4.59674152572984	0.0674413098470372	68.1591377177527	0	4.59674152572984	3.50110662039314	3.50110662039314
x_FASt	~1		1	1		0.498256717392041	0	NA	NA	0.498256717392041	0.996519491716225	0.498256717392041
credit_dose_c	~1		1	1		0.555695071546256	0	NA	NA	0.555695071546256	0.341639998673262	0.555695071546256
XZ_c	~1		1	1		0.866297304021345	0	NA	NA	0.866297304021345	0.621629471139384	0.866297304021345
cohort	~1		1	1		0.498864556584027	0	NA	NA	0.498864556584027	0.997731685786108	0.498864556584027
hgrades_c	~1		1	1		0.414730756365971	0	NA	NA	0.414730756365971	0.393884793909284	0.414730756365971
bparented_c	~1		1	1		0.00640004526314589	0	NA	NA	0.00640004526314589	0.00510088319717148	0.00640004526314589
hapcl	~1		1	1		0.540791539711865	0	NA	NA	0.540791539711865	1.08520054703271	0.540791539711865
hprecalc13	~1		1	1		0.349572333928574	0	NA	NA	0.349572333928574	0.733109798480714	0.349572333928574
hchallenge_c	~1		1	1		0.00312176523571371	0	NA	NA	0.00312176523571371	0.00390223278498482	0.00312176523571371
cSFcareer_c	~1		1	1		-0.0375716708227358	0	NA	NA	-0.0375716708227358	-0.0417062043638356	-0.0375716708227358
Belong	~1		1	1		0	0	NA	NA	0	0	0
Gains	~1		1	1		0	0	NA	NA	0	0	0
SupportEnv	~1		1	1		0	0	NA	NA	0	0	0
Satisf	~1		1	1		0	0	NA	NA	0	0	0
DevAdj	~1		1	1		0	0	NA	NA	0	0	0
EmoDiss	~1		1	1		0	0	NA	NA	0	0	0
QualEngag	~1		1	1		0	0	NA	NA	0	0	0
Belong	=~	sbvalued	2	2		1	0	NA	NA	0.526266496143367	0.716285314645593	0.716285314645593
Belong	=~	sbmyself	2	2		0.959105349055651	0.0453095246363599	21.1678528246132	0	0.504745011479878	0.709242999176702	0.709242999176702
Belong	=~	sbcommunity	2	2		1.06435471864616	0.0519027032193411	20.5067299510045	0	0.560134228435573	0.723151844113114	0.723151844113114
Gains	=~	pganalyze	2	2		1	0	NA	NA	0.392347897388164	0.636028173479692	0.636028173479692
Gains	=~	pgthink	2	2		0.69556830436876	0.0526107836724303	13.2210215437878	0	0.272904761708933	0.482552176815427	0.482552176815427
Gains	=~	pgwork	2	2		0.776658333948195	0.0527941611859584	14.711064945469	0	0.304720264313569	0.524268952038232	0.524268952038232
Gains	=~	pgvalues	2	2		0.695778809869506	0.0644874803731424	10.7893626149376	0	0.27298735309954	0.477511205125191	0.477511205125191
Gains	=~	pgprobsolve	2	2		0.886037406270276	0.0588016032798754	15.068252510957	0	0.347634913357406	0.600136132775275	0.600136132775275
SupportEnv	=~	SEacademic	2	2		1	0	NA	NA	0.286310321215575	0.544386759462893	0.544386759462893
SupportEnv	=~	SEwellness	2	2		1.31635765541905	0.085300824166237	15.4319453333029	0	0.37688678315761	0.630812294347433	0.630812294347433
SupportEnv	=~	SEnonacad	2	2		1.37516086850768	0.0830532764741694	16.5575751720688	0	0.393722749985521	0.635481292515952	0.635481292515952
SupportEnv	=~	SEactivities	2	2		1.53029583166694	0.0959843314568365	15.9431837305144	0	0.438139491119417	0.691003227596548	0.691003227596548
SupportEnv	=~	SEdiverse	2	2		1.14536063910147	0.0756163338535767	15.1470003996669	0	0.327928572488819	0.565374297234238	0.565374297234238
Satisf	=~	sameinst	2	2		1	0	NA	NA	0.41420497746486	0.637362308056804	0.637362308056804
Satisf	=~	evalexp	2	2		1.43614357063728	0.151859927271088	9.45702791015828	0	0.594857815312118	0.837147330342729	0.837147330342729
DevAdj	=~	Belong	2	2		1	0	NA	NA	0.560223687160625	0.560223687160625	0.560223687160625
DevAdj	=~	Gains	2	2		0.70614347543418	0.10661158607844	6.6235153364535	3.50754980615875e-11	0.530626348151544	0.530626348151544	0.530626348151544
DevAdj	=~	SupportEnv	2	2		0.366251186614559	0.0602478778765667	6.07907198598629	1.20880083720465e-09	0.377145756924169	0.377145756924169	0.377145756924169
DevAdj	=~	Satisf	2	2		0.843501267379687	0.138757611567285	6.07895493337073	1.20968346450923e-09	0.600395758939697	0.600395758939697	0.600395758939697
EmoDiss	=~	MHWdacad	2	2		1	0	NA	NA	0.852859234876132	0.571456918905783	0.571456918905783
EmoDiss	=~	MHWdlonely	2	2		0.83396385345177	0.057347981891105	14.5421656691484	0	0.711253773969227	0.494140360769216	0.494140360769216
EmoDiss	=~	MHWdmental	2	2		1.05357923140682	0.0590641878000943	17.8378687771464	0	0.898554777179	0.60322597225854	0.60322597225854
EmoDiss	=~	MHWdexhaust	2	2		1.06405738849188	0.0647186477079624	16.441279695666	0	0.907491170213484	0.597393828667042	0.597393828667042
EmoDiss	=~	MHWdsleep	2	2		1.00044530704361	0.064042081211571	15.6216863680384	0	0.853239019100626	0.578242165721355	0.578242165721355
EmoDiss	=~	MHWdfinancial	2	2		1.02584879813209	0.0622333929555837	16.4838963362361	0	0.874904621073534	0.575775998063822	0.575775998063822
QualEngag	=~	QIadmin	2	2		1	0	NA	NA	1.0861215818318	0.750939424365747	0.750939424365747
QualEngag	=~	QIstudent	2	2		0.846151820126198	0.0326422615254044	25.9219729450322	0	0.919023753345319	0.682546123483021	0.682546123483021
QualEngag	=~	QIadvisor	2	2		0.912986695384994	0.0340713202636351	26.7963403918762	0	0.991614553782934	0.722842393523039	0.722842393523039
QualEngag	=~	QIfaculty	2	2		0.864153323079356	0.0349350199302766	24.7360191808688	0	0.938575574208154	0.693127689596342	0.693127689596342
QualEngag	=~	QIstaff	2	2		0.875252042450311	0.0365378445557761	23.9546709197422	0	0.950630132847642	0.704169395833093	0.704169395833093
EmoDiss	~	x_FASt	2	2	W3__a1_g2	-0.119295440025149	0.0823080603356717	-1.44937737007329	0.147232224894917	-0.139877057252567	-0.069937919815827	-0.139877057252567
EmoDiss	~	credit_dose_c	2	2	W3__a1c_g2	0.538555601597833	0.0864787209781677	6.22760831226674	4.73609373941031e-10	0.631470680710929	0.920323178330544	0.631470680710929
EmoDiss	~	XZ_c	2	2	W3__a1z_g2	-0.356075531847057	0.0880588624521702	-4.04360812678522	5.26348652858388e-05	-0.41750797468796	-0.505910771100681	-0.41750797468796
EmoDiss	~	cohort	2	2	W3__g1_g2	0.00619716177605615	0.0480034056421427	0.129098377357951	0.897279805945921	0.00726633601728686	0.00363224297534915	0.00726633601728686
EmoDiss	~	hgrades_c	2	2		-0.00730530412342414	0.0234514689607852	-0.311507314771618	0.755414982946765	-0.0085656622156236	-0.00897885449118396	-0.0085656622156236
EmoDiss	~	bparented_c	2	2		-0.0750777562975891	0.0189709430910093	-3.95751312612233	7.57341269710388e-05	-0.0880306540955651	-0.104087578761099	-0.0880306540955651
EmoDiss	~	hapcl	2	2		0.017531368217012	0.0479798708337775	0.365390066966792	0.714820254856849	0.0205559927126289	0.0102720722202644	0.0205559927126289
EmoDiss	~	hprecalc13	2	2		-0.0467944148349609	0.0519943276204482	-0.899990767772863	0.36812516383286	-0.0548676885016755	-0.0265628820537535	-0.0548676885016755
EmoDiss	~	hchallenge_c	2	2		0.0840685625916559	0.0303051592104969	2.77406767632281	0.0055360160350133	0.0985726121660228	0.0828988705195988	0.0985726121660228
EmoDiss	~	cSFcareer_c	2	2		0.000772376514371162	0.0261634471606011	0.0295212060410092	0.976448906335933	0.000905631882479811	0.000856994371338492	0.000905631882479811
QualEngag	~	x_FASt	2	2	W3__a2_g2	-0.0170807910738842	0.106570090835176	-0.160277531341339	0.872662457444423	-0.0157264079451185	-0.0078631355238673	-0.0157264079451185
QualEngag	~	credit_dose_c	2	2	W3__a2c_g2	0.0808563202291029	0.103363728446471	0.782250422313043	0.434067416969657	0.074444999143406	0.10849824119362	0.074444999143406
QualEngag	~	XZ_c	2	2	W3__a2z_g2	-0.342318912670641	0.108243357211836	-3.16249349140853	0.00156424232272712	-0.315175500051572	-0.381910502146228	-0.315175500051572
QualEngag	~	cohort	2	2	W3__g2_g2	0.0708947597073471	0.0610593084338417	1.16108029268235	0.245609248297144	0.0652733182852142	0.0326283495912048	0.0652733182852142
QualEngag	~	hgrades_c	2	2		0.00959063126058953	0.0298384241083409	0.321418826469076	0.747893017955582	0.00883016360324455	0.00925611495422591	0.00883016360324455
QualEngag	~	bparented_c	2	2		0.0329613740343407	0.0246117524789177	1.33925343441411	0.180488182373219	0.0303477755950211	0.0358832558376965	0.0303477755950211
QualEngag	~	hapcl	2	2		0.136721141229208	0.0602492854110667	2.26925747411595	0.0232526729842428	0.125880144098252	0.0629037940104024	0.125880144098252
QualEngag	~	hprecalc13	2	2		0.109917579604188	0.0659633925184179	1.66634212413343	0.0956452911357462	0.101201910948871	0.0489944901554806	0.101201910948871
QualEngag	~	hchallenge_c	2	2		-0.0608029334884825	0.03523074577251	-1.72584860624569	0.084374652710248	-0.0559817008570398	-0.0470802149688218	-0.0559817008570398
QualEngag	~	cSFcareer_c	2	2		0.0163593152023202	0.0310255590913487	0.527285105617384	0.59799561586176	0.0150621398892833	0.0142532185042818	0.0150621398892833
DevAdj	~	x_FASt	2	2	W3__c_g2	-0.0405763037847569	0.0378262869428398	-1.07270121030046	0.283405197174056	-0.137627522976878	-0.0688131624690091	-0.137627522976878
DevAdj	~	credit_dose_c	2	2	W3__cc_g2	-0.00528823354063819	0.0346895953323225	-0.152444370998782	0.878836463013171	-0.017936736844786	-0.0261415061159883	-0.017936736844786
DevAdj	~	XZ_c	2	2	W3__cz_g2	0.0434303376628618	0.0377705633964456	1.14984617007192	0.250207235201375	0.147307892465911	0.178498744897852	0.147307892465911
DevAdj	~	EmoDiss	2	2	W3__b1_g2	-0.146020626837124	0.0177873096275552	-8.20925872965726	2.22044604925031e-16	-0.422400452762194	-0.422400452762194	-0.422400452762194
DevAdj	~	QualEngag	2	2	W3__b2_g2	0.12267355015606	0.0185924005032203	6.59804795700328	4.16606749098491e-11	0.451920651171235	0.451920651171235	0.451920651171235
DevAdj	~	cohort	2	2	W3__g3_g2	-0.0262194059459492	0.021509987791891	-1.21894099613732	0.222866588141541	-0.0889315082371256	-0.0444544327860736	-0.0889315082371256
DevAdj	~	hgrades_c	2	2		0.0102837210307183	0.00892603948496516	1.15210346627304	0.249278558932757	0.0348805317495351	0.0365631064207681	0.0348805317495351
DevAdj	~	bparented_c	2	2		-0.00827072738039377	0.00867769912237557	-0.953101422826195	0.340538685307286	-0.0280528194144744	-0.0331696961731664	-0.0280528194144744
DevAdj	~	hapcl	2	2		0.00711222045604305	0.0214457937403805	0.331637081944483	0.740163315410076	0.0241233723363044	0.0120547339308313	0.0241233723363044
DevAdj	~	hprecalc13	2	2		-0.0228989895683809	0.0220541421544567	-1.03830787921867	0.299126741605462	-0.0776692532096421	-0.0376017154822886	-0.0776692532096421
DevAdj	~	hchallenge_c	2	2		0.0188798476890268	0.0141026664533704	1.33874312006541	0.180654313495296	0.0640370469770985	0.0538547041532271	0.0640370469770985
DevAdj	~	cSFcareer_c	2	2		0.0124539090650507	0.0107502905972728	1.15847185267811	0.246671531778635	0.0422414191567174	0.0399728180455968	0.0422414191567174
sbvalued	~~	sbvalued	2	2		0.26285161656908	0.0139370398866456	18.8599314278309	0	0.26285161656908	0.486935348023064	0.486935348023064
sbmyself	~~	sbmyself	2	2		0.251702741434088	0.0148318263488391	16.9704482451542	0	0.251702741434088	0.496974368118837	0.496974368118837
sbcommunity	~~	sbcommunity	2	2		0.286213696288617	0.0175165094788365	16.3396535499507	0	0.286213696288617	0.477051410355803	0.477051410355803
pganalyze	~~	pganalyze	2	2		0.226594048173994	0.0117375309433577	19.3050863309735	0	0.226594048173994	0.595468162540086	0.595468162540086
pgthink	~~	pgthink	2	2		0.245363647870733	0.0104008326867228	23.5907696298155	0	0.245363647870733	0.767143396650693	0.767143396650693
pgwork	~~	pgwork	2	2		0.24497259031329	0.0100594045163903	24.3525936266053	0	0.24497259031329	0.725142065928735	0.725142065928735
pgvalues	~~	pgvalues	2	2		0.252304900228955	0.0114521060619916	22.0313101243735	0	0.252304900228955	0.771983048979888	0.771983048979888
pgprobsolve	~~	pgprobsolve	2	2		0.21469222481545	0.00975572250827734	22.0067990487934	0	0.21469222481545	0.639836622137538	0.639836622137538
SEacademic	~~	SEacademic	2	2		0.194630683171197	0.00747304853636578	26.0443488656702	0	0.194630683171197	0.70364305612149	0.70364305612149
SEwellness	~~	SEwellness	2	2		0.214917967272894	0.00919496122696734	23.3734500850938	0	0.214917967272894	0.602075849300127	0.602075849300127
SEnonacad	~~	SEnonacad	2	2		0.22884471212461	0.00962047818226637	23.7872492186973	0	0.22884471212461	0.596163526862255	0.596163526862255
SEactivities	~~	SEactivities	2	2		0.210069512095814	0.0106982478553227	19.6358800933274	0	0.210069512095814	0.522514539451153	0.522514539451153
SEdiverse	~~	SEdiverse	2	2		0.228886405902146	0.00947929569973914	24.1459295239038	0	0.228886405902146	0.680351904026891	0.680351904026891
sameinst	~~	sameinst	2	2		0.250770013831111	0.0188376566271465	13.3121660934053	0	0.250770013831111	0.593769288268503	0.593769288268503
evalexp	~~	evalexp	2	2		0.15106415256019	0.0329213512432315	4.58863767298278	4.46148027322124e-06	0.15106415256019	0.299184347300042	0.299184347300042
MHWdacad	~~	MHWdacad	2	2		1.49997730944451	0.0602900383913738	24.8793556857168	0	1.49997730944451	0.673436989834709	0.673436989834709
MHWdlonely	~~	MHWdlonely	2	2		1.5659213270109	0.0569175688910537	27.512090862634	0	1.5659213270109	0.755825303858869	0.755825303858869
MHWdmental	~~	MHWdmental	2	2		1.41145496807504	0.0583419981943243	24.1927772746795	0	1.41145496807504	0.63611842639274	0.63611842639274
MHWdexhaust	~~	MHWdexhaust	2	2		1.48407477169528	0.065377024243783	22.7002496498057	0	1.48407477169528	0.643120613470533	0.643120613470533
MHWdsleep	~~	MHWdsleep	2	2		1.44930136510309	0.0602296048744803	24.0629399466171	0	1.44930136510309	0.665635997781877	0.665635997781877
MHWdfinancial	~~	MHWdfinancial	2	2		1.54349072761628	0.0634748785606716	24.3165605451447	0	1.54349072761628	0.66848200005361	0.66848200005361
QIadmin	~~	QIadmin	2	2		0.912269562499154	0.0458873108126753	19.8806499300709	0	0.912269562499154	0.436089980933241	0.436089980933241
QIstudent	~~	QIstudent	2	2		0.968360524678547	0.0476694894818777	20.3140527663231	0	0.968360524678547	0.534130789318301	0.534130789318301
QIadvisor	~~	QIadvisor	2	2		0.898609293437478	0.0438751454748987	20.4810555887861	0	0.898609293437478	0.477498874125884	0.477498874125884
QIfaculty	~~	QIfaculty	2	2		0.952707125749846	0.0440710728287629	21.6175160847926	0	0.952707125749846	0.519574005914837	0.519574005914837
QIstaff	~~	QIstaff	2	2		0.918807904412962	0.0392373098775983	23.4166895559152	0	0.918807904412962	0.504145461972058	0.504145461972058
Belong	~~	Belong	2	2		0.190033490448963	0.0182805500727385	10.3953923537759	0	0.686149420344154	0.686149420344154	0.686149420344154
Gains	~~	Gains	2	2		0.110593741524394	0.0115727029957886	9.55643133368585	0	0.718435678647357	0.718435678647357	0.718435678647357
SupportEnv	~~	SupportEnv	2	2		0.0703137635359848	0.00699574744429908	10.050929381861	0	0.857761078034096	0.857761078034096	0.857761078034096
Satisf	~~	Satisf	2	2		0.109720583255241	0.0149192568976024	7.35429277800517	1.91846538655227e-13	0.639524932647225	0.639524932647225	0.639524932647225
DevAdj	~~	DevAdj	2	2		0.0539040634642313	0.00892052160717297	6.04270308822381	1.5155339205819e-09	0.620136259384066	0.620136259384066	0.620136259384066
EmoDiss	~~	EmoDiss	2	2		0.601439189380086	0.0539607140788863	11.1458715779934	0	0.82686957120946	0.82686957120946	0.82686957120946
QualEngag	~~	QualEngag	2	2		1.07082546885114	0.0675659551054353	15.8485951568381	0	0.907740693658959	0.907740693658959	0.907740693658959
x_FASt	~~	x_FASt	2	2		0.24999564755065	0	NA	NA	0.24999564755065	1	0.24999564755065
x_FASt	~~	credit_dose_c	2	2		0.548839124882311	0	NA	NA	0.548839124882311	0.753167671742604	0.548839124882311
x_FASt	~~	XZ_c	2	2		0.393041211511703	0	NA	NA	0.393041211511703	0.648728107938321	0.393041211511703
x_FASt	~~	cohort	2	2		0.000224421001051134	0	NA	NA	0.000224421001051134	0.00089792043619578	0.000224421001051134
x_FASt	~~	hgrades_c	2	2		0.0092868084176323	0	NA	NA	0.0092868084176323	0.0177190434499529	0.0092868084176323
x_FASt	~~	bparented_c	2	2		0.0160433088300221	0	NA	NA	0.0160433088300221	0.0271370567187531	0.0160433088300221
x_FASt	~~	hapcl	2	2		-0.00361671943843173	0	NA	NA	-0.00361671943843173	-0.014475347135849	-0.00361671943843173
x_FASt	~~	hprecalc13	2	2		0.0149344273431959	0	NA	NA	0.0149344273431959	0.0616969678816249	0.0149344273431959
x_FASt	~~	hchallenge_c	2	2		-0.00654927945412398	0	NA	NA	-0.00654927945412398	-0.0155752472700794	-0.00654927945412398
x_FASt	~~	cSFcareer_c	2	2		-0.00284051148432404	0	NA	NA	-0.00284051148432404	-0.00600349370326136	-0.00284051148432404
credit_dose_c	~~	credit_dose_c	2	2		2.12409696179836	0	NA	NA	2.12409696179836	1	2.12409696179836
credit_dose_c	~~	XZ_c	2	2		1.71325610847804	0	NA	NA	1.71325610847804	0.970121142194616	1.71325610847804
credit_dose_c	~~	cohort	2	2		-0.00818885270548375	0	NA	NA	-0.00818885270548375	-0.0112402630552478	-0.00818885270548375
credit_dose_c	~~	hgrades_c	2	2		0.031633031139998	0	NA	NA	0.031633031139998	0.0207058779885924	0.031633031139998
credit_dose_c	~~	bparented_c	2	2		0.00492821581854984	0	NA	NA	0.00492821581854984	0.00285981257864713	0.00492821581854984
credit_dose_c	~~	hapcl	2	2		0.00257772344319435	0	NA	NA	0.00257772344319435	0.00353939915847866	0.00257772344319435
credit_dose_c	~~	hprecalc13	2	2		0.0420827935911612	0	NA	NA	0.0420827935911612	0.05964291533937	0.0420827935911612
credit_dose_c	~~	hchallenge_c	2	2		0.0831459397906238	0	NA	NA	0.0831459397906238	0.0678362027679326	0.0831459397906238
credit_dose_c	~~	cSFcareer_c	2	2		-0.0391913024706211	0	NA	NA	-0.0391913024706211	-0.0284168713958566	-0.0391913024706211
XZ_c	~~	XZ_c	2	2		1.46831184155926	0	NA	NA	1.46831184155926	1	1.46831184155926
XZ_c	~~	cohort	2	2		-0.00836166870166438	0	NA	NA	-0.00836166870166438	-0.013804617900273	-0.00836166870166438
XZ_c	~~	hgrades_c	2	2		0.02339683018155	0	NA	NA	0.02339683018155	0.018419926070884	0.02339683018155
XZ_c	~~	bparented_c	2	2		-0.0009615605616239	0	NA	NA	-0.0009615605616239	-0.000671123605136696	-0.0009615605616239
XZ_c	~~	hapcl	2	2		0.00789362122303577	0	NA	NA	0.00789362122303577	0.0130360951923941	0.00789362122303577
XZ_c	~~	hprecalc13	2	2		0.0293951833951289	0	NA	NA	0.0293951833951289	0.0501081644321365	0.0293951833951289
XZ_c	~~	hchallenge_c	2	2		0.0912109232202674	0	NA	NA	0.0912109232202674	0.0895045993806381	0.0912109232202674
XZ_c	~~	cSFcareer_c	2	2		-0.035945846135628	0	NA	NA	-0.035945846135628	-0.031348249463841	-0.035945846135628
cohort	~~	cohort	2	2		0.249872712253922	0	NA	NA	0.249872712253922	1	0.249872712253922
cohort	~~	hgrades_c	2	2		-0.0274015321147581	0	NA	NA	-0.0274015321147581	-0.0522944309508709	-0.0274015321147581
cohort	~~	bparented_c	2	2		0.00788160944719401	0	NA	NA	0.00788160944719401	0.0133349231693424	0.00788160944719401
cohort	~~	hapcl	2	2		-0.00426041682337303	0	NA	NA	-0.00426041682337303	-0.0170558381591334	-0.00426041682337303
cohort	~~	hprecalc13	2	2		0.0219449649587799	0	NA	NA	0.0219449649587799	0.090681134885	0.0219449649587799
cohort	~~	hchallenge_c	2	2		-0.019634997801874	0	NA	NA	-0.019634997801874	-0.0467066902914587	-0.019634997801874
cohort	~~	cSFcareer_c	2	2		-0.0168518366572464	0	NA	NA	-0.0168518366572464	-0.0356255484731916	-0.0168518366572464
hgrades_c	~~	hgrades_c	2	2		1.09880336027796	0	NA	NA	1.09880336027796	1	1.09880336027796
hgrades_c	~~	bparented_c	2	2		0.0538239736020769	0	NA	NA	0.0538239736020769	0.0434260961764741	0.0538239736020769
hgrades_c	~~	hapcl	2	2		-0.0707530203457787	0	NA	NA	-0.0707530203457787	-0.135072017104493	-0.0707530203457787
hgrades_c	~~	hprecalc13	2	2		-0.0650939403504903	0	NA	NA	-0.0650939403504903	-0.12826909856006	-0.0650939403504903
hgrades_c	~~	hchallenge_c	2	2		0.0573153099207678	0	NA	NA	0.0573153099207678	0.0650157097205065	0.0573153099207678
hgrades_c	~~	cSFcareer_c	2	2		0.0600190900006792	0	NA	NA	0.0600190900006792	0.0605066558871594	0.0600190900006792
bparented_c	~~	bparented_c	2	2		1.39807334246106	0	NA	NA	1.39807334246106	1	1.39807334246106
bparented_c	~~	hapcl	2	2		-0.00762182035892592	0	NA	NA	-0.00762182035892592	-0.0128995369824972	-0.00762182035892592
bparented_c	~~	hprecalc13	2	2		0.00498660837942311	0	NA	NA	0.00498660837942311	0.00871127563360002	0.00498660837942311
bparented_c	~~	hchallenge_c	2	2		0.0030124334139576	0	NA	NA	0.0030124334139576	0.00302942448157027	0.0030124334139576
bparented_c	~~	cSFcareer_c	2	2		-0.0294583344722167	0	NA	NA	-0.0294583344722167	-0.0263279439787967	-0.0294583344722167
hapcl	~~	hapcl	2	2		0.249711887972237	0	NA	NA	0.249711887972237	1	0.249711887972237
hapcl	~~	hprecalc13	2	2		-0.00454869482825163	0	NA	NA	-0.00454869482825163	-0.018802199757563	-0.00454869482825163
hapcl	~~	hchallenge_c	2	2		-0.0202858978683891	0	NA	NA	-0.0202858978683891	-0.0482705533751526	-0.0202858978683891
hapcl	~~	cSFcareer_c	2	2		0.0192384720189402	0	NA	NA	0.0192384720189402	0.0406840988365437	0.0192384720189402
hprecalc13	~~	hprecalc13	2	2		0.234378116055685	0	NA	NA	0.234378116055685	1	0.234378116055685
hprecalc13	~~	hchallenge_c	2	2		-0.00295763280233574	0	NA	NA	-0.00295763280233574	-0.0072642934006263	-0.00295763280233574
hprecalc13	~~	cSFcareer_c	2	2		-0.0439506579082248	0	NA	NA	-0.0439506579082248	-0.0959357742278223	-0.0439506579082248
hchallenge_c	~~	hchallenge_c	2	2		0.707269118485612	0	NA	NA	0.707269118485612	1	0.707269118485612
hchallenge_c	~~	cSFcareer_c	2	2		0.0568208259783276	0	NA	NA	0.0568208259783276	0.071398473789605	0.0568208259783276
cSFcareer_c	~~	cSFcareer_c	2	2		0.895473075769422	0	NA	NA	0.895473075769422	1	0.895473075769422
sbvalued	~1		2	2		2.82006753444968	0.0335865417797223	83.9642125987583	0	2.82006753444968	3.838308112027	3.838308112027
sbmyself	~1		2	2		2.87250147458034	0.0330735201362395	86.8520031356707	0	2.87250147458034	4.0362985559731	4.0362985559731
sbcommunity	~1		2	2		2.52135696344983	0.0356037899707691	70.8170946272819	0	2.52135696344983	3.25515536316828	3.25515536316828
pganalyze	~1		2	2		2.83225502313493	0.0258224940914281	109.681698952353	0	2.83225502313493	4.59131806538269	4.59131806538269
pgthink	~1		2	2		2.79326938691041	0.0201949091702645	138.315521172202	0	2.79326938691041	4.93907916683077	4.93907916683077
pgwork	~1		2	2		2.75261023696376	0.0217222398275044	126.71852713266	0	2.75261023696376	4.73584547307193	4.73584547307193
pgvalues	~1		2	2		2.75514317442222	0.0210372320141235	130.965099047847	0	2.75514317442222	4.81931387140519	4.81931387140519
pgprobsolve	~1		2	2		2.82689684751016	0.0232049103495984	121.823217798344	0	2.82689684751016	4.88018572540543	4.88018572540543
SEacademic	~1		2	2		2.77493454142572	0.0172044913161261	161.291286701672	0	2.77493454142572	5.27622481898226	5.27622481898226
SEwellness	~1		2	2		2.5947307530904	0.0208135129923261	124.665680130359	0	2.5947307530904	4.34291711122783	4.34291711122783
SEnonacad	~1		2	2		2.5272525461287	0.0219341280504893	115.220105413414	0	2.5272525461287	4.07906760426508	4.07906760426508
SEactivities	~1		2	2		2.467408765641	0.0234506427651936	105.217106002025	0	2.467408765641	3.89142603078717	3.89142603078717
SEdiverse	~1		2	2		2.67922165241134	0.019429889018665	137.89176303774	0	2.67922165241134	4.61918596287752	4.61918596287752
sameinst	~1		2	2		3.28308265146739	0.0305932574368474	107.313928836919	0	3.28308265146739	5.05187829728105	5.05187829728105
evalexp	~1		2	2		3.1899392631174	0.0392309352642716	81.3118331650517	0	3.1899392631174	4.48922258283353	4.48922258283353
MHWdacad	~1		2	2		4.08952265991073	0.0733004644209814	55.7912244105803	0	4.08952265991073	2.7401778903964	2.7401778903964
MHWdlonely	~1		2	2		3.34616113142748	0.0650866895095233	51.4108361731608	0	3.34616113142748	2.32473039748966	2.32473039748966
MHWdmental	~1		2	2		3.75635739293827	0.0749396566043584	50.1250948182194	0	3.75635739293827	2.52175203788867	2.52175203788867
MHWdexhaust	~1		2	2		4.28530578702833	0.077510703735532	55.2866324327266	0	4.28530578702833	2.8209808702818	2.8209808702818
MHWdsleep	~1		2	2		4.1210478542349	0.0740876307177763	55.6239660292729	0	4.1210478542349	2.79284418894244	2.79284418894244
MHWdfinancial	~1		2	2		3.57665091950664	0.0752939072228793	47.5025277798283	0	3.57665091950664	2.35379914941807	2.35379914941807
QIadmin	~1		2	2		4.33153884637278	0.0916444315540589	47.2646157864781	0	4.33153884637278	2.99480586918011	2.99480586918011
QIstudent	~1		2	2		4.99304293107422	0.0801807956278605	62.2723046332466	0	4.99304293107422	3.70826334421029	3.70826334421029
QIadvisor	~1		2	2		4.71913975976339	0.0856003896185415	55.1298864502037	0	4.71913975976339	3.44004055437031	3.44004055437031
QIfaculty	~1		2	2		4.90457497853721	0.0815618287353614	60.1332149436078	0	4.90457497853721	3.62197442245775	3.62197442245775
QIstaff	~1		2	2		4.56707579529436	0.0807751459970866	56.5406071251061	0	4.56707579529436	3.38301395292695	3.38301395292695
x_FASt	~1		2	2		0.502086252465431	0	NA	NA	0.502086252465431	1.00418124626493	0.502086252465431
credit_dose_c	~1		2	2		0.479075004790606	0	NA	NA	0.479075004790606	0.328712594129691	0.479075004790606
XZ_c	~1		2	2		0.789376098687485	0	NA	NA	0.789376098687485	0.651440599916596	0.789376098687485
cohort	~1		2	2		0.488717812885899	0	NA	NA	0.488717812885899	0.977684551987083	0.488717812885899
hgrades_c	~1		2	2		0.50736825421049	0	NA	NA	0.50736825421049	0.484019992613183	0.50736825421049
bparented_c	~1		2	2		-0.072842828937408	0	NA	NA	-0.072842828937408	-0.0616058318759538	-0.072842828937408
hapcl	~1		2	2		0.516973863077191	0	NA	NA	0.516973863077191	1.03454402716035	0.516973863077191
hprecalc13	~1		2	2		0.375012464844231	0	NA	NA	0.375012464844231	0.774617267195645	0.375012464844231
hchallenge_c	~1		2	2		-0.0466379118353672	0	NA	NA	-0.0466379118353672	-0.0554557711916467	-0.0466379118353672
cSFcareer_c	~1		2	2		-0.0167265429394494	0	NA	NA	-0.0167265429394494	-0.0176758343768046	-0.0167265429394494
Belong	~1		2	2		0	0	NA	NA	0	0	0
Gains	~1		2	2		0	0	NA	NA	0	0	0
SupportEnv	~1		2	2		0	0	NA	NA	0	0	0
Satisf	~1		2	2		0	0	NA	NA	0	0	0
DevAdj	~1		2	2		0	0	NA	NA	0	0	0
EmoDiss	~1		2	2		0	0	NA	NA	0	0	0
QualEngag	~1		2	2		0	0	NA	NA	0	0	0
W3__dir_z_low_g1	:=	W3__c_g1+W3__cz_g1*-1.30278493088	0	0	W3__dir_z_low_g1	-0.0051743518516814	0.032424175314139	-0.159583144414626	0.873209457611422	-0.0230613188583735	0.030517735972859	-0.0230613188583735
W3__dir_z_low_g2	:=	W3__c_g2+W3__cz_g2*-1.30278493088	0	0	W3__dir_z_low_g2	-0.0971566932349634	0.0506866503836496	-1.91681029422106	0.0552620366740784	-0.329538025481158	-0.301358637502924	-0.329538025481158
W3__dir_z_mid_g1	:=	W3__c_g1+W3__cz_g1*0	0	0	W3__dir_z_mid_g1	-0.0157323165131692	0.0234979055765038	-0.669519947722507	0.503163860376167	-0.0701166016325614	-0.0350580877288792	-0.0701166016325614
W3__dir_z_mid_g2	:=	W3__c_g2+W3__cz_g2*0	0	0	W3__dir_z_mid_g2	-0.0405763037847569	0.0378262869428398	-1.07270121030046	0.283405197174056	-0.137627522976878	-0.0688131624690091	-0.137627522976878
W3__dir_z_high_g1	:=	W3__c_g1+W3__cz_g1*1.30278493088	0	0	W3__dir_z_high_g1	-0.0262902811746571	0.0448924995338898	-0.585627475583316	0.558125880469931	-0.117171884406749	-0.100633911430617	-0.117171884406749
W3__dir_z_high_g2	:=	W3__c_g2+W3__cz_g2*1.30278493088	0	0	W3__dir_z_high_g2	0.0160040856654496	0.0716600415472727	0.223333468972273	0.823275980534099	0.0542829795274018	0.163732312564906	0.0542829795274018
W3__a1_z_low_g1	:=	W3__a1_g1+W3__a1z_g1*-1.30278493088	0	0	W3__a1_z_low_g1	0.230742406437875	0.0921821639814459	2.50311336241052	0.0123106105788793	0.306693505973561	0.42126511156626	0.306693505973561
W3__a1_z_low_g2	:=	W3__a1_g2+W3__a1z_g2*-1.30278493088	0	0	W3__a1_z_low_g2	0.344594397120278	0.109447877594429	3.14847948351461	0.00164122243663223	0.404046040693136	0.589155009144021	0.404046040693136
W3__a1_z_mid_g1	:=	W3__a1_g1+W3__a1z_g1*0	0	0	W3__a1_z_mid_g1	0.00516972293535524	0.0707704202404439	0.0730492049897543	0.941766962149647	0.00687138734675073	0.0034356727909304	0.00687138734675073
W3__a1_z_mid_g2	:=	W3__a1_g2+W3__a1z_g2*0	0	0	W3__a1_z_mid_g2	-0.119295440025149	0.0823080603356717	-1.44937737007329	0.147232224894917	-0.139877057252567	-0.069937919815827	-0.139877057252567
W3__a1_z_high_g1	:=	W3__a1_g1+W3__a1z_g1*1.30278493088	0	0	W3__a1_z_high_g1	-0.220402960567165	0.139538547576416	-1.57951307645985	0.114218419542085	-0.292950731280059	-0.414393765984399	-0.292950731280059
W3__a1_z_high_g2	:=	W3__a1_g2+W3__a1z_g2*1.30278493088	0	0	W3__a1_z_high_g2	-0.583185277170577	0.167010657366	-3.4919045668597	0.00047958956585803	-0.68380015519827	-0.729030848775675	-0.68380015519827
W3__a2_z_low_g1	:=	W3__a2_g1+W3__a2z_g1*-1.30278493088	0	0	W3__a2_z_low_g1	0.384693265781181	0.112400289559332	3.42252913483923	0.000620414485272169	0.374912185213444	0.479909183351853	0.374912185213444
W3__a2_z_low_g2	:=	W3__a2_g2+W3__a2z_g2*-1.30278493088	0	0	W3__a2_z_low_g2	0.428887129908654	0.135664020612936	3.16139185593146	0.00157017110901281	0.394879484104639	0.489684111617053	0.394879484104639
W3__a2_z_mid_g1	:=	W3__a2_g1+W3__a2z_g1*0	0	0	W3__a2_z_mid_g1	0.0488763106945043	0.0860538934903892	0.567973263173304	0.570053122940014	0.0476335981874738	0.0238166543331606	0.0476335981874738
W3__a2_z_mid_g2	:=	W3__a2_g2+W3__a2z_g2*0	0	0	W3__a2_z_mid_g2	-0.0170807910738842	0.106570090835176	-0.160277531341339	0.872662457444423	-0.0157264079451185	-0.0078631355238673	-0.0157264079451185
W3__a2_z_high_g1	:=	W3__a2_g1+W3__a2z_g1*1.30278493088	0	0	W3__a2_z_high_g1	-0.286940644392172	0.171205216675683	-1.676004095925	0.0937373903250549	-0.279644988838497	-0.432275874685531	-0.279644988838497
W3__a2_z_high_g2	:=	W3__a2_g2+W3__a2z_g2*1.30278493088	0	0	W3__a2_z_high_g2	-0.463048712056422	0.209956400535902	-2.20545175510018	0.0274224096932962	-0.426332299994876	-0.505410382664787	-0.426332299994876
W3__ind_EmoDiss_z_low_g1	:=	W3__a1_z_low_g1*W3__b1_g1	0	0	W3__ind_EmoDiss_z_low_g1	-0.0356046707842044	0.0151923656169833	-2.34358964771111	0.0190991717166533	-0.15868473759378	-0.217964653258975	-0.15868473759378
W3__ind_EmoDiss_z_low_g2	:=	W3__a1_z_low_g2*W3__b1_g2	0	0	W3__ind_EmoDiss_z_low_g2	-0.050317889872064	0.0165605446269048	-3.03841999195581	0.00237822246818964	-0.170669230525552	-0.248859342609549	-0.170669230525552
W3__ind_EmoDiss_z_mid_g1	:=	W3__a1_z_mid_g1*W3__b1_g1	0	0	W3__ind_EmoDiss_z_mid_g1	-0.000797713285565617	0.0109291140155216	-0.0729897487054024	0.941814275100052	-0.00355528981470628	-0.00177763410267279	-0.00355528981470628
W3__ind_EmoDiss_z_mid_g2	:=	W3__a1_z_mid_g2*W3__b1_g2	0	0	W3__ind_EmoDiss_z_mid_g2	0.0174195949312829	0.012125376487978	1.4366230152568	0.15082514033175	0.0590841323145277	0.0295418089954513	0.0590841323145277
W3__ind_EmoDiss_z_high_g1	:=	W3__a1_z_high_g1*W3__b1_g1	0	0	W3__ind_EmoDiss_z_high_g1	0.0340092442130732	0.021776986070365	1.5617057430805	0.118357325238022	0.151574157964368	0.214409385053629	0.151574157964368
W3__ind_EmoDiss_z_high_g2	:=	W3__a1_z_high_g2*W3__b1_g2	0	0	W3__ind_EmoDiss_z_high_g2	0.0851570797346297	0.0255302948513347	3.33553060121347	0.000851367831468774	0.288837495154608	0.307942960600451	0.288837495154608
W3__ind_QualEngag_z_low_g1	:=	W3__a2_z_low_g1*W3__b2_g1	0	0	W3__ind_QualEngag_z_low_g1	0.0381356216247968	0.0116519350156475	3.27290030141638	0.00106450018396753	0.169964810156067	0.217564743045396	0.169964810156067
W3__ind_QualEngag_z_low_g2	:=	W3__a2_z_low_g2*W3__b2_g2	0	0	W3__ind_QualEngag_z_low_g2	0.0526131068421377	0.0189806333506301	2.77193631372639	0.0055723937605725	0.17845419359073	0.221298362590186	0.17845419359073
W3__ind_QualEngag_z_mid_g1	:=	W3__a2_z_mid_g1*W3__b2_g1	0	0	W3__ind_QualEngag_z_mid_g1	0.00484523296054227	0.00856664642411442	0.565592732636114	0.571670669256113	0.0215944847681469	0.0107971767574951	0.0215944847681469
W3__ind_QualEngag_z_mid_g2	:=	W3__a2_z_mid_g2*W3__b2_g2	0	0	W3__ind_QualEngag_z_mid_g2	-0.00209536128050731	0.013087607454291	-0.160102699276812	0.872800174890158	-0.00710708851914243	-0.00355351332619378	-0.00710708851914243
W3__ind_QualEngag_z_high_g1	:=	W3__a2_z_high_g1*W3__b2_g1	0	0	W3__ind_QualEngag_z_high_g1	-0.0284451557037123	0.0170147655855059	-1.6717923947153	0.0945652670365962	-0.126775840619774	-0.195970389530406	-0.126775840619774
W3__ind_QualEngag_z_high_g2	:=	W3__a2_z_high_g2*W3__b2_g2	0	0	W3__ind_QualEngag_z_high_g2	-0.0568038294031523	0.0278128725952977	-2.04235751659669	0.0411160806156676	-0.192668370629014	-0.228405389242574	-0.192668370629014
W3__total_z_low_g1	:=	W3__dir_z_low_g1+W3__ind_EmoDiss_z_low_g1+W3__ind_QualEngag_z_low_g1	0	0	W3__total_z_low_g1	-0.00264340101108901	0.0350831485771049	-0.0753467439012609	0.93993883089921	-0.0117812462960867	0.03011782575928	-0.0117812462960867
W3__total_z_low_g2	:=	W3__dir_z_low_g2+W3__ind_EmoDiss_z_low_g2+W3__ind_QualEngag_z_low_g2	0	0	W3__total_z_low_g2	-0.0948614762648897	0.0538322464720273	-1.7621682631094	0.0780408725309161	-0.321753062415981	-0.328919617522287	-0.321753062415981
W3__total_z_mid_g1	:=	W3__dir_z_mid_g1+W3__ind_EmoDiss_z_mid_g1+W3__ind_QualEngag_z_mid_g1	0	0	W3__total_z_mid_g1	-0.0116847968381926	0.026353048884996	-0.443394496370599	0.657480416040041	-0.0520774066791208	-0.0260385450740568	-0.0520774066791208
W3__total_z_mid_g2	:=	W3__dir_z_mid_g2+W3__ind_EmoDiss_z_mid_g2+W3__ind_QualEngag_z_mid_g2	0	0	W3__total_z_mid_g2	-0.0252520701339813	0.0410864115751034	-0.614608800474631	0.538813101142319	-0.085650479181493	-0.0428248667997515	-0.085650479181493
W3__total_z_high_g1	:=	W3__dir_z_high_g1+W3__ind_EmoDiss_z_high_g1+W3__ind_QualEngag_z_high_g1	0	0	W3__total_z_high_g1	-0.0207261926652962	0.0517380317133684	-0.400598785437383	0.688715540023832	-0.0923735670621551	-0.0821949159073936	-0.0923735670621551
W3__total_z_high_g2	:=	W3__dir_z_high_g2+W3__ind_EmoDiss_z_high_g2+W3__ind_QualEngag_z_high_g2	0	0	W3__total_z_high_g2	0.044357335996927	0.0765967431522494	0.579102115461477	0.562520272722964	0.150452104052995	0.243269883922784	0.150452104052995
W3__index_MM_EmoDiss_g1	:=	W3__a1z_g1*W3__b1_g1	0	0	W3__index_MM_EmoDiss_g1	0.0267173473330917	0.0117186341707954	2.27990284052686	0.0226134515630825	0.119075254941956	0.165942216579273	0.119075254941956
W3__index_MM_EmoDiss_g2	:=	W3__a1z_g2*W3__b1_g2	0	0	W3__index_MM_EmoDiss_g2	0.0519943723616697	0.0136448936901019	3.81053700692345	0.000138665251951275	0.176355557540021	0.213696938770198	0.176355557540021
W3__index_MM_QualEngag_g1	:=	W3__a2z_g1*W3__b2_g1	0	0	W3__index_MM_QualEngag_g1	-0.0255532497154136	0.00905776310138685	-2.8211435240011	0.00478527882738011	-0.113887044492985	-0.158711972626391	-0.113887044492985
W3__index_MM_QualEngag_g2	:=	W3__a2z_g2*W3__b2_g2	0	0	W3__index_MM_QualEngag_g2	-0.0419934763028697	0.0152675365673589	-2.7505076616387	0.00595030000671382	-0.142434317216526	-0.172593242819057	-0.142434317216526
W3__diff_ind_EmoDiss_z_low_g2	:=	W3__ind_EmoDiss_z_low_g2-W3__ind_EmoDiss_z_low_g1	0	0	W3__diff_ind_EmoDiss_z_low_g2	-0.0147132190878596	0.0224735313508982	-0.654691016651086	0.512666710261938	-0.0119844929317719	-0.0308946893505739	-0.0119844929317719
W3__diff_ind_EmoDiss_z_mid_g2	:=	W3__ind_EmoDiss_z_mid_g2-W3__ind_EmoDiss_z_mid_g1	0	0	W3__diff_ind_EmoDiss_z_mid_g2	0.0182173082168485	0.0163239176713031	1.11598873405702	0.26442695700376	0.062639422129234	0.0313194430981241	0.062639422129234
W3__diff_ind_EmoDiss_z_high_g2	:=	W3__ind_EmoDiss_z_high_g2-W3__ind_EmoDiss_z_high_g1	0	0	W3__diff_ind_EmoDiss_z_high_g2	0.0511478355215566	0.0335564163388309	1.5242341436314	0.127450231650985	0.13726333719024	0.093533575546822	0.13726333719024
W3__diff_ind_QualEngag_z_low_g2	:=	W3__ind_QualEngag_z_low_g2-W3__ind_QualEngag_z_low_g1	0	0	W3__diff_ind_QualEngag_z_low_g2	0.0144774852173409	0.0222717765793375	0.650037286687419	0.515668136764761	0.00848938343466232	0.00373361954479023	0.00848938343466232
W3__diff_ind_QualEngag_z_mid_g2	:=	W3__ind_QualEngag_z_mid_g2-W3__ind_QualEngag_z_mid_g1	0	0	W3__diff_ind_QualEngag_z_mid_g2	-0.00694059424104958	0.0156420235210604	-0.443714601995374	0.657248936996764	-0.0287015732872893	-0.0143506900836889	-0.0287015732872893
W3__diff_ind_QualEngag_z_high_g2	:=	W3__ind_QualEngag_z_high_g2-W3__ind_QualEngag_z_high_g1	0	0	W3__diff_ind_QualEngag_z_high_g2	-0.0283586736994401	0.0326045722243365	-0.869775978176237	0.384422841568914	-0.0658925300092409	-0.0324349997121681	-0.0658925300092409
W3__diff_total_z_low_g2	:=	W3__total_z_low_g2-W3__total_z_low_g1	0	0	W3__diff_total_z_low_g2	-0.0922180752538007	0.0642552571725327	-1.43518335015273	0.151234856875096	-0.309971816119894	-0.359037443281567	-0.309971816119894
W3__diff_total_z_mid_g2	:=	W3__total_z_mid_g2-W3__total_z_mid_g1	0	0	W3__diff_total_z_mid_g2	-0.0135672732957887	0.0488116420708603	-0.277951585322473	0.781049524085187	-0.0335730725023722	-0.0167863217256947	-0.0335730725023722
W3__diff_total_z_high_g2	:=	W3__total_z_high_g2-W3__total_z_high_g1	0	0	W3__diff_total_z_high_g2	0.0650835286622232	0.0924331379273968	0.704114672741546	0.481361363272472	0.24282567111515	0.325464799830177	0.24282567111515
W3__diff_index_MM_EmoDiss_g2	:=	W3__index_MM_EmoDiss_g2-W3__index_MM_EmoDiss_g1	0	0	W3__diff_index_MM_EmoDiss_g2	0.025277025028578	0.0179863701352751	1.40534331488066	0.15991921397234	0.0572803025980652	0.0477547221909251	0.0572803025980652
W3__diff_index_MM_QualEngag_g2	:=	W3__index_MM_QualEngag_g2-W3__index_MM_QualEngag_g1	0	0	W3__diff_index_MM_QualEngag_g2	-0.0164402265874561	0.0177522039543401	-0.926094958673386	0.354396633669913	-0.0285472727235416	-0.0138812701926662	-0.0285472727235416
