lhs	op	rhs	block	group	label	est	se	z	pvalue	std.lv	std.all	std.nox
Belong	=~	sbvalued	1	1		1	0	NA	NA	0.646458562474649	0.852852228770708	0.852852228770708
Belong	=~	sbmyself	1	1		1.019741512343	0.0278164210180763	36.6596950657431	0	0.659220632164983	0.824563500286009	0.824563500286009
Belong	=~	sbcommunity	1	1		1.02340153526895	0.0262689072857193	38.9586641019251	0	0.661586685324316	0.890743000774285	0.890743000774285
Gains	=~	pganalyze	1	1		1	0	NA	NA	0.510953784751786	0.714552049075453	0.714552049075453
Gains	=~	pgthink	1	1		1.02732400148899	0.0419895193303494	24.4662005632072	0	0.524915086727151	0.787147114133728	0.787147114133728
Gains	=~	pgwork	1	1		0.94262564354726	0.0396666384015071	23.7636886192868	0	0.481638140174561	0.706792491472022	0.706792491472022
Gains	=~	pgvalues	1	1		0.984999157639456	0.0446627892636605	22.0541344120863	0	0.503289047573201	0.681110068657063	0.681110068657063
Gains	=~	pgprobsolve	1	1		1.01609128066028	0.0432759546510997	23.4793498803719	0	0.519175685506658	0.758850142418761	0.758850142418761
SupportEnv	=~	SEacademic	1	1		1	0	NA	NA	0.621153881052421	0.834867020749327	0.834867020749327
SupportEnv	=~	SEwellness	1	1		0.974072572991415	0.0295380260145009	32.976901452833	0	0.605048959140335	0.817415589260305	0.817415589260305
SupportEnv	=~	SEnonacad	1	1		0.977819362780929	0.0300419764431836	32.5484365061737	0	0.607376292159579	0.770058293662519	0.770058293662519
SupportEnv	=~	SEactivities	1	1		0.943965086271709	0.0307477592656662	30.7002886979725	0	0.586347576915656	0.734943989644247	0.734943989644247
SupportEnv	=~	SEdiverse	1	1		0.966240903282348	0.0297405911331092	32.4889609274331	0	0.600184287105427	0.776067626613236	0.776067626613236
Satisf	=~	sameinst	1	1		1	0	NA	NA	0.522618520801631	0.803143624203832	0.803143624203832
Satisf	=~	evalexp	1	1		1.16852927012124	0.0671543734672308	17.4006428738621	0	0.610695038664174	0.901751925067664	0.901751925067664
DevAdj	=~	Belong	1	1		1	0	NA	NA	0.49296190370131	0.49296190370131	0.49296190370131
DevAdj	=~	Gains	1	1		0.495818662191475	0.0647621728160346	7.65599177161508	1.90958360235527e-14	0.309239739717557	0.309239739717557	0.309239739717557
DevAdj	=~	SupportEnv	1	1		0.810152234061984	0.0764847407218283	10.592338111055	0	0.415643966938061	0.415643966938061	0.415643966938061
DevAdj	=~	Satisf	1	1		0.869852070449014	0.0766092080146574	11.3544062520864	0	0.530413605355047	0.530413605355047	0.530413605355047
EmoDiss	=~	MHWdacad	1	1		1	0	NA	NA	0.971614313865084	0.898010318174951	0.898010318174951
EmoDiss	=~	MHWdlonely	1	1		0.986724674876113	0.0181466262333633	54.3751032388588	0	0.958715817953503	0.921568542933361	0.921568542933361
EmoDiss	=~	MHWdmental	1	1		1.00432168644662	0.01608236583344	62.4486283204889	0	0.97581332627666	0.945448183459405	0.945448183459405
EmoDiss	=~	MHWdexhaust	1	1		1.00541748683015	0.0175352759366949	57.3368500421587	0	0.976878021614434	0.936161080172216	0.936161080172216
EmoDiss	=~	MHWdsleep	1	1		0.993530770399559	0.0179765996889973	55.2680032702545	0	0.965328717785616	0.914633321937679	0.914633321937679
EmoDiss	=~	MHWdfinancial	1	1		0.976671102905721	0.020245873151714	48.240502920618	0	0.948947623521597	0.85171159894796	0.85171159894796
QualEngag	=~	QIadmin	1	1		1	0	NA	NA	0.95424021982989	0.881855780105173	0.881855780105173
QualEngag	=~	QIstudent	1	1		0.984468936260146	0.020406493947087	48.2429239835527	0	0.93941985415258	0.896039606106275	0.896039606106275
QualEngag	=~	QIadvisor	1	1		0.990690094654923	0.0212262405618911	46.6728948899965	0	0.945356333706808	0.907675980409014	0.907675980409014
QualEngag	=~	QIfaculty	1	1		0.989228236747275	0.0193421640506954	51.143617340569	0	0.943961370095654	0.924231409503552	0.924231409503552
QualEngag	=~	QIstaff	1	1		1.00695811192668	0.0202344864170789	49.764451203306	0	0.960879930084407	0.913319497456056	0.913319497456056
EmoDiss	~	x_FASt	1	1	W5__a1_g1	0.19072039249172	0.14026971223418	1.35966909359101	0.173934662652813	0.196292283646001	0.0979858590558662	0.196292283646001
EmoDiss	~	credit_dose_c	1	1	W5__a1c_g1	-0.0459308533317632	0.0977845349752338	-0.469714902703135	0.638558719158807	-0.0472727219806491	-0.0823753245900864	-0.0472727219806491
EmoDiss	~	XZ_c	1	1	W5__a1z_g1	0.0529308971961484	0.101923872743359	0.519317955366814	0.603539034262092	0.0544772719388922	0.0706347009981161	0.0544772719388922
EmoDiss	~	cohort	1	1	W5__g1_g1	0.0558244921346165	0.0561010773087997	0.995069877666327	0.319702279751292	0.0574554031759233	0.0287189445997001	0.0574554031759233
EmoDiss	~	hgrades_c	1	1		0.0162786649414219	0.0284810053007596	0.57156216114983	0.567618636450476	0.0167542457013271	0.0163086383392954	0.0167542457013271
EmoDiss	~	bparented_c	1	1		-0.0430747723490566	0.0306263395264949	-1.40646166061708	0.1595870815848	-0.0443332006685915	-0.0428461355740161	-0.0443332006685915
EmoDiss	~	pell	1	1		0.120120471792833	0.056175695092408	2.13829969696392	0.0324924271483225	0.123629788156366	0.0618148674066243	0.123629788156366
EmoDiss	~	hapcl	1	1		-0.171041112318406	0.0689367036473223	-2.48113273871413	0.0130965592551771	-0.176038073829937	-0.0723909119073962	-0.176038073829937
EmoDiss	~	hprecalc13	1	1		-0.087983327675244	0.061223412865875	-1.43708629683865	0.150693474380465	-0.0905537582348351	-0.0420341642975015	-0.0905537582348351
EmoDiss	~	hchallenge_c	1	1		-0.0103486011659733	0.021678603291626	-0.47736475578068	0.633102406562458	-0.0106509352716373	-0.0132017425374382	-0.0106509352716373
EmoDiss	~	cSFcareer_c	1	1		-0.0179166428635449	0.0331049049199106	-0.541208105170213	0.588364151519015	-0.0184400771045379	-0.0155546601030729	-0.0184400771045379
QualEngag	~	x_FASt	1	1	W5__a2_g1	-0.0491130995488192	0.146648104285204	-0.334904428449366	0.737697181408522	-0.0514682765704158	-0.0256921117845472	-0.0514682765704158
QualEngag	~	credit_dose_c	1	1	W5__a2c_g1	-0.0337088633073356	0.0977785998151967	-0.344746840014542	0.730284701120229	-0.035325343248836	-0.0615563583914262	-0.035325343248836
QualEngag	~	XZ_c	1	1	W5__a2z_g1	0.0194109680561932	0.102351538881092	0.189649987370918	0.84958341372108	0.0203418045611759	0.0263749859675883	0.0203418045611759
QualEngag	~	cohort	1	1	W5__g2_g1	-0.0564729038363431	0.0554749843148417	-1.0179886399938	0.308683354740142	-0.059181014028533	-0.0295814870193398	-0.059181014028533
QualEngag	~	hgrades_c	1	1		0.0322263234483103	0.0286243590876286	1.12583563354746	0.260235098240081	0.0337717094486494	0.0328734939976535	0.0337717094486494
QualEngag	~	bparented_c	1	1		0.00366405418353345	0.0288274460968444	0.127102975796893	0.898858896221603	0.00383976079334262	0.003710963996333	0.00383976079334262
QualEngag	~	pell	1	1		-0.067371276997078	0.0553419573106756	-1.21736346654443	0.22346595665402	-0.0706020094280748	-0.0353009894825493	-0.0706020094280748
QualEngag	~	hapcl	1	1		0.152160024340043	0.0666859785135514	2.28173939607293	0.0225047306833548	0.159456729215593	0.0655722809648493	0.159456729215593
QualEngag	~	hprecalc13	1	1		0.0687933141906761	0.0607432890876818	1.13252534105248	0.257413636704446	0.0720922392088438	0.0334645086692115	0.0720922392088438
QualEngag	~	hchallenge_c	1	1		-0.030809257771667	0.0220625671783476	-1.3964493579833	0.162579220542589	-0.0322866895897129	-0.0400190736755881	-0.0322866895897129
QualEngag	~	cSFcareer_c	1	1		0.0153217294704652	0.0332924440007084	0.460216422385187	0.64536088444861	0.0160564700083555	0.0135440286946355	0.0160564700083555
DevAdj	~	x_FASt	1	1	W5__c_g1	-0.0624621258014521	0.061689404445001	-1.01252599799598	0.311286622609896	-0.196002996276209	-0.0978414515890181	-0.196002996276209
DevAdj	~	credit_dose_c	1	1	W5__cc_g1	0.0679920711144222	0.0425757551421809	1.59696688613893	0.110273088765915	0.213355685392667	0.371784045872283	0.213355685392667
DevAdj	~	XZ_c	1	1	W5__cz_g1	-0.0527706115009889	0.0443482026833884	-1.18991544883408	0.234079625792683	-0.165591513846317	-0.214704346456264	-0.165591513846317
DevAdj	~	EmoDiss	1	1	W5__b1_g1	-0.216415028235128	0.0166986256486417	-12.9600502932846	0	-0.659822725869005	-0.659822725869005	-0.659822725869005
DevAdj	~	QualEngag	1	1	W5__b2_g1	0.1701576418062	0.0139052761751803	12.2369120657895	0	0.509512831068346	0.509512831068346	0.509512831068346
DevAdj	~	cohort	1	1	W5__g3_g1	-0.0493695093092297	0.0219079087246606	-2.25350168880596	0.0242275343679801	-0.154919026932481	-0.0774359016904048	-0.154919026932481
DevAdj	~	hgrades_c	1	1		0.0090091923031694	0.0114710009523107	0.785388506253641	0.432225817600383	0.0282703904612979	0.0275184918475593	0.0282703904612979
DevAdj	~	bparented_c	1	1		-0.00297670856697255	0.0112937778012725	-0.263570668677151	0.792110762505986	-0.00934076115216231	-0.00902744472887986	-0.00934076115216231
DevAdj	~	pell	1	1		-0.0207146053277629	0.0217073694583257	-0.954266032442634	0.33994899733721	-0.065001385380743	-0.032500678667147	-0.065001385380743
DevAdj	~	hapcl	1	1		0.0491611499921049	0.0271153251488504	1.81303929501982	0.0698257608566064	0.154265205917994	0.0634374069712567	0.154265205917994
DevAdj	~	hprecalc13	1	1		0.0127363994890339	0.0245155558305607	0.519523178550855	0.603395953695699	0.0399661783775437	0.0185519070772114	0.0399661783775437
DevAdj	~	hchallenge_c	1	1		0.00218064046567611	0.00905918356098481	0.240710484669665	0.80977951228202	0.00684273965366271	0.00848151686724942	0.00684273965366271
DevAdj	~	cSFcareer_c	1	1		0.00736077368497802	0.013369397679028	0.550568833517798	0.581929278704234	0.023097736086549	0.0194835103964037	0.023097736086549
sbvalued	~~	sbvalued	1	1		0.156649235423318	0.0105321589127433	14.8734211780436	0	0.156649235423318	0.272643075880836	0.272643075880836
sbmyself	~~	sbmyself	1	1		0.204593723318912	0.0118764121749755	17.2268964990965	0	0.204593723318912	0.320095033996086	0.320095033996086
sbcommunity	~~	sbcommunity	1	1		0.113959476456012	0.00907003541338726	12.5643915665212	0	0.113959476456012	0.206576906571623	0.206576906571623
pganalyze	~~	pganalyze	1	1		0.250249435412635	0.0117424828288592	21.3114584930543	0	0.250249435412635	0.489415369162072	0.489415369162072
pgthink	~~	pgthink	1	1		0.169163297407996	0.00880929518725428	19.2028185924283	0	0.169163297407996	0.380399420710943	0.380399420710943
pgwork	~~	pgwork	1	1		0.232388000022123	0.010610976823026	21.9007169554679	0	0.232388000022123	0.500444373998772	0.500444373998772
pgvalues	~~	pgvalues	1	1		0.292709834763906	0.0131409850058756	22.2745733773403	0	0.292709834763906	0.536089074373971	0.536089074373971
pgprobsolve	~~	pgprobsolve	1	1		0.19853290533609	0.0102007958150123	19.4624918424416	0	0.19853290533609	0.424146461351026	0.424146461351026
SEacademic	~~	SEacademic	1	1		0.16772670137776	0.00945230764156828	17.7445241667919	0	0.16772670137776	0.302997057665143	0.302997057665143
SEwellness	~~	SEwellness	1	1		0.181808066182822	0.00949447439668043	19.1488289490135	0	0.181808066182822	0.331831754434228	0.331831754434228
SEnonacad	~~	SEnonacad	1	1		0.253205879476115	0.0121356846483519	20.8645731009912	0	0.253205879476115	0.40701022436157	0.40701022436157
SEactivities	~~	SEactivities	1	1		0.292701467418281	0.0138893463492322	21.0738115429357	0	0.292701467418281	0.459857332085797	0.459857332085797
SEdiverse	~~	SEdiverse	1	1		0.237873733633894	0.0106780349981998	22.2769202080716	0	0.237873733633894	0.397719038922898	0.397719038922898
sameinst	~~	sameinst	1	1		0.15030137947882	0.0162249029984213	9.26362268504433	0	0.15030137947882	0.354960318900733	0.354960318900733
evalexp	~~	evalexp	1	1		0.0856944195450481	0.0198912782087487	4.30814041439315	1.64632861685554e-05	0.0856944195450481	0.186843465636763	0.186843465636763
MHWdacad	~~	MHWdacad	1	1		0.226610464460459	0.0117796919238301	19.2373846383902	0	0.226610464460459	0.193577468451323	0.193577468451323
MHWdlonely	~~	MHWdlonely	1	1		0.163106273508881	0.00898425370369802	18.1546825020919	0	0.163106273508881	0.150711420675681	0.150711420675681
MHWdmental	~~	MHWdmental	1	1		0.113054254612491	0.0070886820266218	15.948557741469	0	0.113054254612491	0.106127732393312	0.106127732393312
MHWdexhaust	~~	MHWdexhaust	1	1		0.134588058904231	0.00803830798306851	16.7433319534062	0	0.134588058904231	0.12360243197079	0.12360243197079
MHWdsleep	~~	MHWdsleep	1	1		0.182066652902821	0.00939519837798543	19.3786917080362	0	0.182066652902821	0.163445886401247	0.163445886401247
MHWdfinancial	~~	MHWdfinancial	1	1		0.340863022752947	0.0155758071594634	21.884132184177	0	0.340863022752947	0.27458735221751	0.27458735221751
QIadmin	~~	QIadmin	1	1		0.260326943668805	0.0128345266989302	20.2833302524903	0	0.260326943668805	0.222330383095096	0.222330383095096
QIstudent	~~	QIstudent	1	1		0.216660817496841	0.0103687165710994	20.8956254143099	0	0.216660817496841	0.197113024288912	0.197113024288912
QIadvisor	~~	QIadvisor	1	1		0.191050732230847	0.0097227065091116	19.6499536473516	0	0.191050732230847	0.176124314588535	0.176124314588535
QIfaculty	~~	QIfaculty	1	1		0.152087494089378	0.00838166142800796	18.1452681423239	0	0.152087494089378	0.145796301687077	0.145796301687077
QIstaff	~~	QIstaff	1	1		0.183569998504753	0.0103515236466852	17.7336211334972	0	0.183569998504753	0.165847495566618	0.165847495566618
Belong	~~	Belong	1	1		0.316352085209871	0.0183787568464208	17.212920757014	0	0.75698856149918	0.75698856149918	0.75698856149918
Gains	~~	Gains	1	1		0.23610749003234	0.0173781636898441	13.5864464304892	0	0.904370783379417	0.904370783379417	0.904370783379417
SupportEnv	~~	SupportEnv	1	1		0.319175818543447	0.0178778311119147	17.853162195426	0	0.827240092747992	0.827240092747992	0.827240092747992
Satisf	~~	Satisf	1	1		0.196288075170138	0.0154529737406821	12.7022849105983	0	0.71866140725426	0.71866140725426	0.71866140725426
DevAdj	~~	DevAdj	1	1		0.0269867180711612	0.0070041839878496	3.85294248665883	0.000116706810867173	0.265730846804183	0.265730846804183	0.265730846804183
EmoDiss	~~	EmoDiss	1	1		0.925639951042684	0.043273091668816	21.3906590757815	0	0.980515091024481	0.980515091024481	0.980515091024481
QualEngag	~~	QualEngag	1	1		0.898186150155902	0.0447405417835904	20.075441967163	0	0.986395129245902	0.986395129245902	0.986395129245902
x_FASt	~~	x_FASt	1	1		0.249184115213197	0	NA	NA	0.249184115213197	1	0.249184115213197
x_FASt	~~	credit_dose_c	1	1		0.663546664280829	0	NA	NA	0.663546664280829	0.762824730602414	0.663546664280829
x_FASt	~~	XZ_c	1	1		0.344302397978071	0	NA	NA	0.344302397978071	0.531957713601474	0.344302397978071
x_FASt	~~	cohort	1	1		0.00534834667957257	0	NA	NA	0.00534834667957257	0.0214349154220187	0.00534834667957257
x_FASt	~~	hgrades_c	1	1		-0.0194320019418311	0	NA	NA	-0.0194320019418311	-0.0399912101693641	-0.0194320019418311
x_FASt	~~	bparented_c	1	1		0.0156505330493538	0	NA	NA	0.0156505330493538	0.0324404138571826	0.0156505330493538
x_FASt	~~	pell	1	1		0.00502155901290957	0	NA	NA	0.00502155901290957	0.0201191012847482	0.00502155901290957
x_FASt	~~	hapcl	1	1		-0.00703039857213265	0	NA	NA	-0.00703039857213265	-0.034248561148808	-0.00703039857213265
x_FASt	~~	hprecalc13	1	1		-0.00380145775885857	0	NA	NA	-0.00380145775885857	-0.0164056731246785	-0.00380145775885857
x_FASt	~~	hchallenge_c	1	1		-0.0215593449523986	0	NA	NA	-0.0215593449523986	-0.0348443101699368	-0.0215593449523986
x_FASt	~~	cSFcareer_c	1	1		-0.00369198138689784	0	NA	NA	-0.00369198138689784	-0.00876802002829662	-0.00369198138689784
credit_dose_c	~~	credit_dose_c	1	1		3.03649841011003	0	NA	NA	3.03649841011003	1	3.03649841011003
credit_dose_c	~~	XZ_c	1	1		2.1222521727863	0	NA	NA	2.1222521727863	0.939307301013617	2.1222521727863
credit_dose_c	~~	cohort	1	1		0.014033021226282	0	NA	NA	0.014033021226282	0.0161111690185491	0.014033021226282
credit_dose_c	~~	hgrades_c	1	1		0.133966183164535	0	NA	NA	0.133966183164535	0.0789797642747707	0.133966183164535
credit_dose_c	~~	bparented_c	1	1		0.0264702687073044	0	NA	NA	0.0264702687073044	0.0157177092174526	0.0264702687073044
credit_dose_c	~~	pell	1	1		0.0210579767185811	0	NA	NA	0.0210579767185811	0.02416908979395	0.0210579767185811
credit_dose_c	~~	hapcl	1	1		0.0317805194177144	0	NA	NA	0.0317805194177144	0.0443503470338088	0.0317805194177144
credit_dose_c	~~	hprecalc13	1	1		-0.0132117934523629	0	NA	NA	-0.0132117934523629	-0.0163335019425828	-0.0132117934523629
credit_dose_c	~~	hchallenge_c	1	1		-0.118685591101921	0	NA	NA	-0.118685591101921	-0.0549500326269654	-0.118685591101921
credit_dose_c	~~	cSFcareer_c	1	1		-0.0450597457559669	0	NA	NA	-0.0450597457559669	-0.0306552184399737	-0.0450597457559669
XZ_c	~~	XZ_c	1	1		1.68114634092079	0	NA	NA	1.68114634092079	1	1.68114634092079
XZ_c	~~	cohort	1	1		0.00669975364112246	0	NA	NA	0.00669975364112246	0.0103375702588831	0.00669975364112246
XZ_c	~~	hgrades_c	1	1		0.156161558852007	0	NA	NA	0.156161558852007	0.123731008836079	0.156161558852007
XZ_c	~~	bparented_c	1	1		0.00507692905198222	0	NA	NA	0.00507692905198222	0.00405149925615051	0.00507692905198222
XZ_c	~~	pell	1	1		0.0179837722077408	0	NA	NA	0.0179837722077408	0.0277401123788478	0.0179837722077408
XZ_c	~~	hapcl	1	1		0.0420768257813768	0	NA	NA	0.0420768257813768	0.078915583213729	0.0420768257813768
XZ_c	~~	hprecalc13	1	1		-0.00739876087257263	0	NA	NA	-0.00739876087257263	-0.0122930682670561	-0.00739876087257263
XZ_c	~~	hchallenge_c	1	1		-0.0955690253879618	0	NA	NA	-0.0955690253879618	-0.0594662953905366	-0.0955690253879618
XZ_c	~~	cSFcareer_c	1	1		-0.039903200572011	0	NA	NA	-0.039903200572011	-0.0364843974816145	-0.039903200572011
cohort	~~	cohort	1	1		0.249847609570328	0	NA	NA	0.249847609570328	1	0.249847609570328
cohort	~~	hgrades_c	1	1		-0.0190315458780562	0	NA	NA	-0.0190315458780562	-0.0391150279640054	-0.0190315458780562
cohort	~~	bparented_c	1	1		0.0235538365063555	0	NA	NA	0.0235538365063555	0.0487575063315393	0.0235538365063555
cohort	~~	pell	1	1		-0.0161197883887108	0	NA	NA	-0.0161197883887108	-0.0644988423851895	-0.0161197883887108
cohort	~~	hapcl	1	1		0.00336833443704704	0	NA	NA	0.00336833443704704	0.0163870268992059	0.00336833443704704
cohort	~~	hprecalc13	1	1		-0.00460341123911573	0	NA	NA	-0.00460341123911573	-0.0198402087098257	-0.00460341123911573
cohort	~~	hchallenge_c	1	1		0.0106862141465378	0	NA	NA	0.0106862141465378	0.017248159524267	0.0106862141465378
cohort	~~	cSFcareer_c	1	1		0.0212598461751198	0	NA	NA	0.0212598461751198	0.0504225407652951	0.0212598461751198
hgrades_c	~~	hgrades_c	1	1		0.947514017522277	0	NA	NA	0.947514017522277	1	0.947514017522277
hgrades_c	~~	bparented_c	1	1		0.0243714885327633	0	NA	NA	0.0243714885327633	0.0259063758797957	0.0243714885327633
hgrades_c	~~	pell	1	1		0.00883254530977964	0	NA	NA	0.00883254530977964	0.0181477686929105	0.00883254530977964
hgrades_c	~~	hapcl	1	1		-0.00704385975304733	0	NA	NA	-0.00704385975304733	-0.0175970731358301	-0.00704385975304733
hgrades_c	~~	hprecalc13	1	1		-0.00838340237519933	0	NA	NA	-0.00838340237519933	-0.0185537436392333	-0.00838340237519933
hgrades_c	~~	hchallenge_c	1	1		-0.011306019990949	0	NA	NA	-0.011306019990949	-0.00937072976469092	-0.011306019990949
hgrades_c	~~	cSFcareer_c	1	1		-0.0236610218388498	0	NA	NA	-0.0236610218388498	-0.0288166095304726	-0.0236610218388498
bparented_c	~~	bparented_c	1	1		0.93403928350562	0	NA	NA	0.93403928350562	1	0.93403928350562
bparented_c	~~	pell	1	1		-0.0188712945808727	0	NA	NA	-0.0188712945808727	-0.0390525418128899	-0.0188712945808727
bparented_c	~~	hapcl	1	1		-0.0136816974062922	0	NA	NA	-0.0136816974062922	-0.0344254773143603	-0.0136816974062922
bparented_c	~~	hprecalc13	1	1		0.0103145969438987	0	NA	NA	0.0103145969438987	0.0229918412979972	0.0103145969438987
bparented_c	~~	hchallenge_c	1	1		-0.0491416973716682	0	NA	NA	-0.0491416973716682	-0.041022683716528	-0.0491416973716682
bparented_c	~~	cSFcareer_c	1	1		-0.0345990331234179	0	NA	NA	-0.0345990331234179	-0.0424408036218499	-0.0345990331234179
pell	~~	pell	1	1		0.249999784262729	0	NA	NA	0.249999784262729	1	0.249999784262729
pell	~~	hapcl	1	1		0.00380596803492633	0	NA	NA	0.00380596803492633	0.0185104884952937	0.00380596803492633
pell	~~	hprecalc13	1	1		-0.0097131947122337	0	NA	NA	-0.0097131947122337	-0.0418500845619274	-0.0097131947122337
pell	~~	hchallenge_c	1	1		-0.0062411702729431	0	NA	NA	-0.0062411702729431	-0.0100705386565235	-0.0062411702729431
pell	~~	cSFcareer_c	1	1		0.016108698006842	0	NA	NA	0.016108698006842	0.0381937965213284	0.016108698006842
hapcl	~~	hapcl	1	1		0.169104388773098	0	NA	NA	0.169104388773098	1	0.169104388773098
hapcl	~~	hprecalc13	1	1		-0.00577685437226477	0	NA	NA	-0.00577685437226477	-0.0302634225842001	-0.00577685437226477
hapcl	~~	hchallenge_c	1	1		0.00387664210418936	0	NA	NA	0.00387664210418936	0.00760562231936579	0.00387664210418936
hapcl	~~	cSFcareer_c	1	1		-0.0115075677911078	0	NA	NA	-0.0115075677911078	-0.0331747997244791	-0.0115075677911078
hprecalc13	~~	hprecalc13	1	1		0.215472512574761	0	NA	NA	0.215472512574761	1	0.215472512574761
hprecalc13	~~	hchallenge_c	1	1		0.0153450574131974	0	NA	NA	0.0153450574131974	0.0266703715695463	0.0153450574131974
hprecalc13	~~	cSFcareer_c	1	1		-0.0164664346033912	0	NA	NA	-0.0164664346033912	-0.0420538579066849	-0.0164664346033912
hchallenge_c	~~	hchallenge_c	1	1		1.53633889955255	0	NA	NA	1.53633889955255	1	1.53633889955255
hchallenge_c	~~	cSFcareer_c	1	1		0.00278161801105806	0	NA	NA	0.00278161801105806	0.00266045662975648	0.00278161801105806
cSFcareer_c	~~	cSFcareer_c	1	1		0.71153388250226	0	NA	NA	0.71153388250226	1	0.71153388250226
sbvalued	~1		1	1		2.6559214963651	0.0832529687314603	31.9018232843084	0	2.6559214963651	3.50387279107906	3.50387279107906
sbmyself	~1		1	1		2.64577655307437	0.0845708671560168	31.284727732464	0	2.64577655307437	3.30937878629937	3.30937878629937
sbcommunity	~1		1	1		2.63929066358166	0.0848387809323787	31.1094835943638	0	2.63929066358166	3.55347188470371	3.55347188470371
pganalyze	~1		1	1		2.83523247018363	0.0452164332361189	62.7035851186697	0	2.83523247018363	3.96497928312466	3.96497928312466
pgthink	~1		1	1		2.81474142938473	0.0455638372746092	61.7757765312991	0	2.81474142938473	4.22090286447512	4.22090286447512
pgwork	~1		1	1		2.84477202183648	0.0426223730500119	66.7436329389381	0	2.84477202183648	4.1746351405123	4.1746351405123
pgvalues	~1		1	1		2.82031326085561	0.0452819139569498	62.2834375670809	0	2.82031326085561	3.81678037302489	3.81678037302489
pgprobsolve	~1		1	1		2.83189012790269	0.0457037545133172	61.9618707053385	0	2.83189012790269	4.13921585094277	4.13921585094277
SEacademic	~1		1	1		2.62090422482573	0.0677403874566667	38.6904227039197	0	2.62090422482573	3.52264804035721	3.52264804035721
SEwellness	~1		1	1		2.63113858920765	0.0661146925997452	39.7965790317808	0	2.63113858920765	3.55464407934608	3.55464407934608
SEnonacad	~1		1	1		2.59067546724108	0.0666018876574437	38.8979285476983	0	2.59067546724108	3.28457194574342	3.28457194574342
SEactivities	~1		1	1		2.59878375901431	0.064238515371317	40.4552275841462	0	2.59878375901431	3.25738619765353	3.25738619765353
SEdiverse	~1		1	1		2.62579315147849	0.0655684415295763	40.0466000140337	0	2.62579315147849	3.3952789215344	3.3952789215344
sameinst	~1		1	1		2.80731269519042	0.0725210198615768	38.7103311639691	0	2.80731269519042	4.31418941837399	4.31418941837399
evalexp	~1		1	1		2.84888199800403	0.0840180162110793	33.9079893394145	0	2.84888199800403	4.20665743676273	4.20665743676273
MHWdacad	~1		1	1		3.6919697018644	0.162160968664507	22.7673140600354	0	3.6919697018644	3.41228699428557	3.41228699428557
MHWdlonely	~1		1	1		3.68038797785219	0.160717097998452	22.8997911466	0	3.68038797785219	3.53778431800444	3.53778431800444
MHWdmental	~1		1	1		3.68938268723068	0.163018343140944	22.6317027651353	0	3.68938268723068	3.57457729444851	3.57457729444851
MHWdexhaust	~1		1	1		3.66890351308525	0.162888560251498	22.5240097120419	0	3.66890351308525	3.51598111520741	3.51598111520741
MHWdsleep	~1		1	1		3.67672178662557	0.161047449264892	22.8300529030924	0	3.67672178662557	3.48363433054813	3.48363433054813
MHWdfinancial	~1		1	1		3.68534634906259	0.159648354836176	23.0841486142737	0	3.68534634906259	3.30771915523501	3.30771915523501
QIadmin	~1		1	1		4.66564872216918	0.163747611215273	28.4929269351932	0	4.66564872216918	4.3117332597013	4.3117332597013
QIstudent	~1		1	1		4.6947719765784	0.161462282601637	29.0765861904816	0	4.6947719765784	4.47797820543916	4.47797820543916
QIadvisor	~1		1	1		4.67577025225521	0.162140945483327	28.8376895688943	0	4.67577025225521	4.48940171717229	4.48940171717229
QIfaculty	~1		1	1		4.68222288235747	0.162284123593006	28.852008309205	0	4.68222288235747	4.58435863083308	4.58435863083308
QIstaff	~1		1	1		4.68522413536034	0.165425552963533	28.3222516196948	0	4.68522413536034	4.45332077276335	4.45332077276335
x_FASt	~1		1	1		0.471436302991327	0	NA	NA	0.471436302991327	0.944414932924505	0.471436302991327
credit_dose_c	~1		1	1		-0.0257812582735465	0	NA	NA	-0.0257812582735465	-0.014795088950986	-0.0257812582735465
XZ_c	~1		1	1		0.651392443193883	0	NA	NA	0.651392443193883	0.502388808409609	0.651392443193883
cohort	~1		1	1		0.512344651865169	0	NA	NA	0.512344651865169	1.02500175226665	0.512344651865169
hgrades_c	~1		1	1		-0.011688936642598	0	NA	NA	-0.011688936642598	-0.0120083180718687	-0.011688936642598
bparented_c	~1		1	1		0.0616877407144948	0	NA	NA	0.0616877407144948	0.0638287432751872	0.0616877407144948
pell	~1		1	1		1.49953552473461	0	NA	NA	1.49953552473461	2.99907234349286	1.49953552473461
hapcl	~1		1	1		0.215578462090329	0	NA	NA	0.215578462090329	0.524237314127885	0.215578462090329
hprecalc13	~1		1	1		0.314184264861021	0	NA	NA	0.314184264861021	0.676843858725303	0.314184264861021
hchallenge_c	~1		1	1		-0.0115118934784318	0	NA	NA	-0.0115118934784318	-0.0092875945690541	-0.0115118934784318
cSFcareer_c	~1		1	1		0.00601264567418354	0	NA	NA	0.00601264567418354	0.00712800209708906	0.00601264567418354
Belong	~1		1	1		0	0	NA	NA	0	0	0
Gains	~1		1	1		0	0	NA	NA	0	0	0
SupportEnv	~1		1	1		0	0	NA	NA	0	0	0
Satisf	~1		1	1		0	0	NA	NA	0	0	0
DevAdj	~1		1	1		0	0	NA	NA	0	0	0
EmoDiss	~1		1	1		0	0	NA	NA	0	0	0
QualEngag	~1		1	1		0	0	NA	NA	0	0	0
Belong	=~	sbvalued	2	2		1	0	NA	NA	0.644298626593515	0.860567442191568	0.860567442191568
Belong	=~	sbmyself	2	2		0.963991156878874	0.0208310262184869	46.2767002819747	0	0.621098178425352	0.816373253039131	0.816373253039131
Belong	=~	sbcommunity	2	2		1.01728343630103	0.0200743909984347	50.6756810894213	0	0.655434320865082	0.885285896744363	0.885285896744363
Gains	=~	pganalyze	2	2		1	0	NA	NA	0.516076832590752	0.712203734379549	0.712203734379549
Gains	=~	pgthink	2	2		1.01193804706716	0.0307362838441627	32.9232399140322	0	0.522237782108491	0.7833979880537	0.7833979880537
Gains	=~	pgwork	2	2		0.983838842105156	0.0304471462610736	32.3130067320294	0	0.507736433413381	0.742362415557514	0.742362415557514
Gains	=~	pgvalues	2	2		0.965022135531927	0.0295473667768274	32.6601738429276	0	0.49802556708528	0.699835566018159	0.699835566018159
Gains	=~	pgprobsolve	2	2		1.02606323610841	0.0300802095416479	34.1109071959009	0	0.529527464928643	0.76690457836567	0.76690457836567
SupportEnv	=~	SEacademic	2	2		1	0	NA	NA	0.561535049725294	0.799469228718353	0.799469228718353
SupportEnv	=~	SEwellness	2	2		0.990327952103285	0.0256735854473362	38.5738078592384	0	0.556103855828667	0.783151938791867	0.783151938791867
SupportEnv	=~	SEnonacad	2	2		0.977714079784134	0.0265531831599692	36.8209744908515	0	0.549020724408704	0.731258870334153	0.731258870334153
SupportEnv	=~	SEactivities	2	2		1.06679436955086	0.0280848709583824	37.9846633844853	0	0.599042429352408	0.745247723461501	0.745247723461501
SupportEnv	=~	SEdiverse	2	2		1.01369709217085	0.0278104418263241	36.4502332793337	0	0.569226447058546	0.754739298303568	0.754739298303568
Satisf	=~	sameinst	2	2		1	0	NA	NA	0.549762784105864	0.863075014394402	0.863075014394402
Satisf	=~	evalexp	2	2		0.996276200609402	0.0454341512843855	21.927914849194	0	0.547715577785437	0.840747107639208	0.840747107639208
DevAdj	=~	Belong	2	2		1	0	NA	NA	0.297487397566194	0.297487397566194	0.297487397566194
DevAdj	=~	Gains	2	2		0.525920961538572	0.0831511006468663	6.32488274294891	2.53425058716061e-10	0.195326827091042	0.195326827091042	0.195326827091042
DevAdj	=~	SupportEnv	2	2		0.942600668938405	0.0998728913346989	9.43800320929446	0	0.321741181713576	0.321741181713576	0.321741181713576
DevAdj	=~	Satisf	2	2		1.18534492719334	0.122481439642222	9.67775142630441	0	0.41326172706526	0.41326172706526	0.41326172706526
EmoDiss	=~	MHWdacad	2	2		1	0	NA	NA	0.997430363755755	0.901860319530961	0.901860319530961
EmoDiss	=~	MHWdlonely	2	2		0.992955493086202	0.0141215256695685	70.3150294324072	0	0.990403958662245	0.923655908971165	0.923655908971165
EmoDiss	=~	MHWdmental	2	2		0.994257111631353	0.0137362651123502	72.3819104756082	0	0.991702232521207	0.936303342046848	0.936303342046848
EmoDiss	=~	MHWdexhaust	2	2		1.00169745146248	0.0140538373729911	71.2757252611699	0	0.999123453385431	0.932629951111037	0.932629951111037
EmoDiss	=~	MHWdsleep	2	2		0.989690080518183	0.0143562043385174	68.9381438980263	0	0.987146937016714	0.916428192900934	0.916428192900934
EmoDiss	=~	MHWdfinancial	2	2		1.0026048307962	0.0153155387288763	65.4632428244828	0	1.00002850108433	0.872683375783804	0.872683375783804
QualEngag	=~	QIadmin	2	2		1	0	NA	NA	1.007687952909	0.901418466382089	0.901418466382089
QualEngag	=~	QIstudent	2	2		0.995645287800734	0.014172419458462	70.252315825034	0	1.00329976188741	0.910762710767153	0.910762710767153
QualEngag	=~	QIadvisor	2	2		0.991361014266472	0.0137410855266	72.1457567779049	0	0.998982551059969	0.919427121450633	0.919427121450633
QualEngag	=~	QIfaculty	2	2		0.984640659630449	0.0137471121289971	71.6252730312372	0	0.992210530653974	0.927920245071138	0.927920245071138
QualEngag	=~	QIstaff	2	2		0.980379847882651	0.0136670844549069	71.7329179546167	0	0.987916961986104	0.913822852034049	0.913822852034049
EmoDiss	~	x_FASt	2	2	W5__a1_g2	0.24968894602039	0.113935265926828	2.19149833889663	0.0284157498145978	0.250332208737063	0.125149245376006	0.250332208737063
EmoDiss	~	credit_dose_c	2	2	W5__a1c_g2	-0.0355980132408824	0.0794782016228602	-0.44789656174912	0.654227849900274	-0.0356897228462552	-0.0690276371835074	-0.0356897228462552
EmoDiss	~	XZ_c	2	2	W5__a1z_g2	0.077448512498646	0.0820294267984357	0.944155232109009	0.345090328391489	0.0776480397157943	0.115975667487436	0.0776480397157943
EmoDiss	~	cohort	2	2	W5__g1_g2	0.0307673270977823	0.0429682560290585	0.716047844180016	0.473961806913555	0.0308465916176143	0.015423288149919	0.0308465916176143
EmoDiss	~	hgrades_c	2	2		-0.022221458742178	0.023152256226248	-0.959796683529497	0.337157551798404	-0.0222787069149415	-0.020939813599491	-0.0222787069149415
EmoDiss	~	bparented_c	2	2		-0.00993910518406834	0.0210766260737019	-0.471570029724527	0.637233723028276	-0.00996471086627373	-0.00986236067389641	-0.00996471086627373
EmoDiss	~	pell	2	2		0.05638769996185	0.043948713737744	1.283034136069	0.199480116925403	0.0565329691283169	0.0277940110646523	0.0565329691283169
EmoDiss	~	hapcl	2	2		-0.0205758578408353	0.049414979524522	-0.416389079562901	0.677125318146403	-0.0206288665239329	-0.00930180677614525	-0.0206288665239329
EmoDiss	~	hprecalc13	2	2		0.0252727974719065	0.0456904599534208	0.553130730083937	0.580173895476119	0.0253379066752526	0.0120762678998968	0.0253379066752526
EmoDiss	~	hchallenge_c	2	2		-0.00296917418032274	0.0175214887085777	-0.169459012855978	0.865435609057154	-0.00297682353396834	-0.00366510947966523	-0.00297682353396834
EmoDiss	~	cSFcareer_c	2	2		0.0269590013922998	0.0258810329493007	1.04165090493531	0.297573558537458	0.0270284546890948	0.0220301812285132	0.0270284546890948
QualEngag	~	x_FASt	2	2	W5__a2_g2	-0.238370320674853	0.116568952888069	-2.04488686540523	0.0408660131297853	-0.236551722174235	-0.118259930161823	-0.236551722174235
QualEngag	~	credit_dose_c	2	2	W5__a2c_g2	0.098900747488238	0.0800969399921332	1.23476311951432	0.216918676906449	0.0981462040929743	0.189824969957119	0.0981462040929743
QualEngag	~	XZ_c	2	2	W5__a2z_g2	-0.139491731675344	0.0824033464933268	-1.69279207230547	0.0904950522195458	-0.138427507516249	-0.206756315311763	-0.138427507516249
QualEngag	~	cohort	2	2	W5__g2_g2	0.00402294497039252	0.0429479730671933	0.0936701940298442	0.925371147865882	0.0039922527194843	0.00199612536850728	0.0039922527194843
QualEngag	~	hgrades_c	2	2		0.103857425115519	0.0230746879172967	4.50092436733101	6.7658579305796e-06	0.10306506574352	0.0968711188458246	0.10306506574352
QualEngag	~	bparented_c	2	2		0.0274148706627291	0.0217934845329333	1.25793884045028	0.208413875561744	0.027205714411478	0.0269262772917115	0.027205714411478
QualEngag	~	pell	2	2		-0.221389288704947	0.0446230013278372	-4.96132671754729	7.00133128583857e-07	-0.219700243578222	-0.108013980073466	-0.219700243578222
QualEngag	~	hapcl	2	2		0.139679245384273	0.0475174162572147	2.93953788708083	0.00328702081271004	0.138613590626986	0.0625025536455943	0.138613590626986
QualEngag	~	hprecalc13	2	2		0.177094029425607	0.0443986875510132	3.98872217162116	6.64301687460789e-05	0.17574292608577	0.0837606154338069	0.17574292608577
QualEngag	~	hchallenge_c	2	2		-0.00321714762897213	0.0167202957246192	-0.192409732576389	0.847421269343767	-0.00319260304708898	-0.00393078043060727	-0.00319260304708898
QualEngag	~	cSFcareer_c	2	2		-0.0325464918046539	0.026396793775693	-1.23297140104279	0.217586434342224	-0.0322981848802484	-0.0263253994521182	-0.0322981848802484
DevAdj	~	x_FASt	2	2	W5__c_g2	0.00989691266737729	0.038640562145678	0.256127553995336	0.797852346422015	0.0516349736704197	0.0258140094016045	0.0516349736704197
DevAdj	~	credit_dose_c	2	2	W5__cc_g2	0.0121340040785748	0.0272027870275685	0.446057386189059	0.655555793703047	0.0633065080163036	0.122441372983728	0.0633065080163036
DevAdj	~	XZ_c	2	2	W5__cz_g2	-0.0119259862067922	0.0277601791948107	-0.429607680955517	0.667481048800976	-0.0622212203419083	-0.0929340597321969	-0.0622212203419083
DevAdj	~	EmoDiss	2	2	W5__b1_g2	-0.135160760553322	0.0139529757318594	-9.68687706126395	0	-0.7033596231183	-0.7033596231183	-0.7033596231183
DevAdj	~	QualEngag	2	2	W5__b2_g2	0.109633334401558	0.00981503610050486	11.1699369496887	0	0.576385320329145	0.576385320329145	0.576385320329145
DevAdj	~	cohort	2	2	W5__g3_g2	0.0108756213145348	0.0135679223590662	0.801568657803207	0.422802513743437	0.0567411716258254	0.0283705717246693	0.0567411716258254
DevAdj	~	hgrades_c	2	2		0.00946264949397817	0.0074551370554804	1.2692790787826	0.204341545394357	0.049369300699655	0.0464023319726277	0.049369300699655
DevAdj	~	bparented_c	2	2		-0.00134736464032569	0.00696598171013508	-0.193420639960246	0.846629552285608	-0.00702957983624486	-0.00695737715437814	-0.00702957983624486
DevAdj	~	pell	2	2		0.000783044897376667	0.0147970400501894	0.0529190226370067	0.957796427759286	0.00408536520606839	0.0020085392204128	0.00408536520606839
DevAdj	~	hapcl	2	2		0.00907977587659868	0.014970437647584	0.606513723268738	0.544173672318386	0.0473717414792271	0.0213604943043311	0.0473717414792271
DevAdj	~	hprecalc13	2	2		0.0161565092409939	0.0141080225653606	1.14520012752623	0.252126265557412	0.0842930474686798	0.0401748035612082	0.0842930474686798
DevAdj	~	hchallenge_c	2	2		-0.00338015672375744	0.00553326233926768	-0.610879534803477	0.541279334230989	-0.017635227196499	-0.0217127544298117	-0.017635227196499
DevAdj	~	cSFcareer_c	2	2		0.00253313199342991	0.00854852303239021	0.29632393617376	0.766982707933482	0.0132160612284268	0.0107720632695602	0.0132160612284268
sbvalued	~~	sbvalued	2	2		0.145416671507049	0.00751735619994283	19.3441241361099	0	0.145416671507049	0.259423677439863	0.259423677439863
sbmyself	~~	sbmyself	2	2		0.193056316157801	0.008150201472977	23.6873059884352	0	0.193056316157801	0.333534711722307	0.333534711722307
sbcommunity	~~	sbcommunity	2	2		0.118545561919205	0.0071633115355953	16.5489887365835	0	0.118545561919205	0.216268881025529	0.216268881025529
pganalyze	~~	pganalyze	2	2		0.258738364154492	0.00889083590463066	29.101691554079	0	0.258738364154492	0.492765840735825	0.492765840735825
pgthink	~~	pgthink	2	2		0.171665266342446	0.00662850835495286	25.8980236804223	0	0.171665266342446	0.386287592313416	0.386287592313416
pgwork	~~	pgwork	2	2		0.209987003634988	0.00759186277677548	27.6594835561789	0	0.209987003634988	0.448898043967612	0.448898043967612
pgvalues	~~	pgvalues	2	2		0.258391011279214	0.00875351386195841	29.5185471062251	0	0.258391011279214	0.510230180536043	0.510230180536043
pgprobsolve	~~	pgprobsolve	2	2		0.196354635977218	0.0074652800579833	26.3023804133428	0	0.196354635977218	0.411857367681774	0.411857367681774
SEacademic	~~	SEacademic	2	2		0.17802282227101	0.00680532422586082	26.1593447075611	0	0.17802282227101	0.360848952332481	0.360848952332481
SEwellness	~~	SEwellness	2	2		0.194968141337685	0.00737351621357492	26.4416779851573	0	0.194968141337685	0.38667304076654	0.38667304076654
SEnonacad	~~	SEnonacad	2	2		0.262259562592972	0.00895092191378932	29.2997263431545	0	0.262259562592972	0.465260464557619	0.465260464557619
SEactivities	~~	SEactivities	2	2		0.287269160788835	0.010422342427434	27.5628211977258	0	0.287269160788835	0.44460583067545	0.44460583067545
SEdiverse	~~	SEdiverse	2	2		0.244803025576832	0.00910303952754682	26.8924489271996	0	0.244803025576832	0.430368591596238	0.430368591596238
sameinst	~~	sameinst	2	2		0.103506263584759	0.0133742264991319	7.73923363653793	9.99200722162641e-15	0.103506263584759	0.255101519528103	0.255101519528103
evalexp	~~	evalexp	2	2		0.124411600677689	0.0136326764169763	9.12598501368111	0	0.124411600677689	0.293144300996306	0.293144300996306
MHWdacad	~~	MHWdacad	2	2		0.228302080212251	0.00842540754896045	27.0968589810732	0	0.228302080212251	0.186647964055513	0.186647964055513
MHWdlonely	~~	MHWdlonely	2	2		0.168852357586	0.00665168093084606	25.3849153832644	0	0.168852357586	0.146859761822651	0.146859761822651
MHWdmental	~~	MHWdmental	2	2		0.138362842679431	0.00585909274641335	23.6150627183928	0	0.138362842679431	0.123336051671903	0.123336051671903
MHWdexhaust	~~	MHWdexhaust	2	2		0.149429092366143	0.00618160889637595	24.1731715595511	0	0.149429092366143	0.130201374290625	0.130201374290625
MHWdsleep	~~	MHWdsleep	2	2		0.185831386130014	0.00719030362981871	25.844720292389	0	0.185831386130014	0.160159367256328	0.160159367256328
MHWdfinancial	~~	MHWdfinancial	2	2		0.313083960882456	0.0106805287166121	29.3135264357745	0	0.313083960882456	0.238423725630584	0.238423725630584
QIadmin	~~	QIadmin	2	2		0.234246175573879	0.00912349279664642	25.6750545865485	0	0.234246175573879	0.187444748465362	0.187444748465362
QIstudent	~~	QIstudent	2	2		0.206920758995579	0.00778888647896301	26.5661541677942	0	0.206920758995579	0.170511284676067	0.170511284676067
QIadvisor	~~	QIadvisor	2	2		0.182575160370342	0.00732841446940308	24.9133234934532	0	0.182575160370342	0.154653768341002	0.154653768341002
QIfaculty	~~	QIfaculty	2	2		0.158887133175174	0.00631086455257899	25.1767617338964	0	0.158887133175174	0.138964018787119	0.138964018787119
QIstaff	~~	QIstaff	2	2		0.192757244160185	0.00720017300507125	26.7711961954833	0	0.192757244160185	0.164927795100356	0.164927795100356
Belong	~~	Belong	2	2		0.378383054680659	0.0155175579039525	24.3841883512018	0	0.911501248289294	0.911501248289294	0.911501248289294
Gains	~~	Gains	2	2		0.256173921234157	0.0131982635599856	19.4096685575232	0	0.961847430618547	0.961847430618547	0.961847430618547
SupportEnv	~~	SupportEnv	2	2		0.282680342405259	0.0129559869574752	21.8185108809608	0	0.896482611989552	0.896482611989552	0.896482611989552
Satisf	~~	Satisf	2	2		0.25062113379746	0.0163301779604448	15.3471158982172	0	0.829214744943038	0.829214744943038	0.829214744943038
DevAdj	~~	DevAdj	2	2		0.00569894576425948	0.00384439821169661	1.48240256353268	0.138233212282055	0.155125419075978	0.155125419075978	0.155125419075978
EmoDiss	~~	EmoDiss	2	2		0.97249384401588	0.0363329268766043	26.7661850452817	0	0.977511085308359	0.977511085308359	0.977511085308359
QualEngag	~~	QualEngag	2	2		0.968269288615064	0.0346384153547253	27.9536254386699	0	0.953551215648432	0.953551215648432	0.953551215648432
x_FASt	~~	x_FASt	2	2		0.249932658057799	0	NA	NA	0.249932658057799	1	0.249932658057799
x_FASt	~~	credit_dose_c	2	2		0.727830123661478	0	NA	NA	0.727830123661478	0.752729072460273	0.727830123661478
x_FASt	~~	XZ_c	2	2		0.408480893645045	0	NA	NA	0.408480893645045	0.547046015287084	0.408480893645045
x_FASt	~~	cohort	2	2		-0.00222049347569697	0	NA	NA	-0.00222049347569697	-0.00888317481446372	-0.00222049347569697
x_FASt	~~	hgrades_c	2	2		0.00448925679937373	0	NA	NA	0.00448925679937373	0.00955388730014693	0.00448925679937373
x_FASt	~~	bparented_c	2	2		-0.00717842757440247	0	NA	NA	-0.00717842757440247	-0.0145078026717145	-0.00717842757440247
x_FASt	~~	pell	2	2		-0.0287757273121039	0	NA	NA	-0.0287757273121039	-0.117075325684782	-0.0287757273121039
x_FASt	~~	hapcl	2	2		0.00739760201748008	0	NA	NA	0.00739760201748008	0.032816141156445	0.00739760201748008
x_FASt	~~	hprecalc13	2	2		0.00552554368331512	0	NA	NA	0.00552554368331512	0.023190040443258	0.00552554368331512
x_FASt	~~	hchallenge_c	2	2		0.00374896342525695	0	NA	NA	0.00374896342525695	0.0060906807779899	0.00374896342525695
x_FASt	~~	cSFcareer_c	2	2		0.00329858080618885	0	NA	NA	0.00329858080618885	0.00809503573071949	0.00329858080618885
credit_dose_c	~~	credit_dose_c	2	2		3.7407584418889	0	NA	NA	3.7407584418889	1	3.7407584418889
credit_dose_c	~~	XZ_c	2	2		2.75279515295585	0	NA	NA	2.75279515295585	0.952922711722681	2.75279515295585
credit_dose_c	~~	cohort	2	2		-0.0102086689693914	0	NA	NA	-0.0102086689693914	-0.0105564890220472	-0.0102086689693914
credit_dose_c	~~	hgrades_c	2	2		0.204372668994904	0	NA	NA	0.204372668994904	0.112424289890337	0.204372668994904
credit_dose_c	~~	bparented_c	2	2		0.010385956553542	0	NA	NA	0.010385956553542	0.00542563395102797	0.010385956553542
credit_dose_c	~~	pell	2	2		-0.0847412715664216	0	NA	NA	-0.0847412715664216	-0.0891180578474512	-0.0847412715664216
credit_dose_c	~~	hapcl	2	2		0.0988325828135439	0	NA	NA	0.0988325828135439	0.113325688099819	0.0988325828135439
credit_dose_c	~~	hprecalc13	2	2		0.0327911139768695	0	NA	NA	0.0327911139768695	0.0355724953895458	0.0327911139768695
credit_dose_c	~~	hchallenge_c	2	2		0.0369309028873863	0	NA	NA	0.0369309028873863	0.0155087298735474	0.0369309028873863
credit_dose_c	~~	cSFcareer_c	2	2		-0.0192292358170958	0	NA	NA	-0.0192292358170958	-0.0121979076083723	-0.0192292358170958
XZ_c	~~	XZ_c	2	2		2.2308623256268	0	NA	NA	2.2308623256268	1	2.2308623256268
XZ_c	~~	cohort	2	2		-0.00361452533932222	0	NA	NA	-0.00361452533932222	-0.00483999708822087	-0.00361452533932222
XZ_c	~~	hgrades_c	2	2		0.196172301176143	0	NA	NA	0.196172301176143	0.139739270187892	0.196172301176143
XZ_c	~~	bparented_c	2	2		0.0122213096548698	0	NA	NA	0.0122213096548698	0.00826732830547449	0.0122213096548698
XZ_c	~~	pell	2	2		-0.0483898303359478	0	NA	NA	-0.0483898303359478	-0.0658974006520362	-0.0483898303359478
XZ_c	~~	hapcl	2	2		0.0874984281628435	0	NA	NA	0.0874984281628435	0.129918775536135	0.0874984281628435
XZ_c	~~	hprecalc13	2	2		0.0234712078202625	0	NA	NA	0.0234712078202625	0.0329713741435441	0.0234712078202625
XZ_c	~~	hchallenge_c	2	2		0.0352059097081649	0	NA	NA	0.0352059097081649	0.0191445571497948	0.0352059097081649
XZ_c	~~	cSFcareer_c	2	2		-0.0236814353844795	0	NA	NA	-0.0236814353844795	-0.0194524713439528	-0.0236814353844795
cohort	~~	cohort	2	2		0.249999751710452	0	NA	NA	0.249999751710452	1	0.249999751710452
cohort	~~	hgrades_c	2	2		-0.0034844152101702	0	NA	NA	-0.0034844152101702	-0.00741442166303103	-0.0034844152101702
cohort	~~	bparented_c	2	2		-0.0155046114185052	0	NA	NA	-0.0155046114185052	-0.031331047749911	-0.0155046114185052
cohort	~~	pell	2	2		-0.00713542386306087	0	NA	NA	-0.00713542386306087	-0.029026893336345	-0.00713542386306087
cohort	~~	hapcl	2	2		0.00543681478901237	0	NA	NA	0.00543681478901237	0.0241147521102112	0.00543681478901237
cohort	~~	hprecalc13	2	2		0.000284247326423237	0	NA	NA	0.000284247326423237	0.00119279165811553	0.000284247326423237
cohort	~~	hchallenge_c	2	2		0.00350414183683924	0	NA	NA	0.00350414183683924	0.00569217215696624	0.00350414183683924
cohort	~~	cSFcareer_c	2	2		0.00101484867469247	0	NA	NA	0.00101484867469247	0.00249020239613668	0.00101484867469247
hgrades_c	~~	hgrades_c	2	2		0.883416816949094	0	NA	NA	0.883416816949094	1	0.883416816949094
hgrades_c	~~	bparented_c	2	2		-0.0543012512372567	0	NA	NA	-0.0543012512372567	-0.058372840428868	-0.0543012512372567
hgrades_c	~~	pell	2	2		-0.0538839962853188	0	NA	NA	-0.0538839962853188	-0.116607782245881	-0.0538839962853188
hgrades_c	~~	hapcl	2	2		0.00619340505240368	0	NA	NA	0.00619340505240368	0.0146135155130023	0.00619340505240368
hgrades_c	~~	hprecalc13	2	2		0.0203286686090689	0	NA	NA	0.0203286686090689	0.0453799589197043	0.0203286686090689
hgrades_c	~~	hchallenge_c	2	2		0.0147029388392335	0	NA	NA	0.0147029388392335	0.0127053741297782	0.0147029388392335
hgrades_c	~~	cSFcareer_c	2	2		-0.0251711590454205	0	NA	NA	-0.0251711590454205	-0.032856668725848	-0.0251711590454205
bparented_c	~~	bparented_c	2	2		0.979562967609101	0	NA	NA	0.979562967609101	1	0.979562967609101
bparented_c	~~	pell	2	2		-0.00881289960826226	0	NA	NA	-0.00881289960826226	-0.0181114496573689	-0.00881289960826226
bparented_c	~~	hapcl	2	2		-0.00831712610573133	0	NA	NA	-0.00831712610573133	-0.0186365345721513	-0.00831712610573133
bparented_c	~~	hprecalc13	2	2		0.0248731532379176	0	NA	NA	0.0248731532379176	0.0527293793740638	0.0248731532379176
bparented_c	~~	hchallenge_c	2	2		0.00372261716689009	0	NA	NA	0.00372261716689009	0.00305490940267217	0.00372261716689009
bparented_c	~~	cSFcareer_c	2	2		-0.0381086783354428	0	NA	NA	-0.0381086783354428	-0.04724010501547	-0.0381086783354428
pell	~~	pell	2	2		0.241712361546536	0	NA	NA	0.241712361546536	1	0.241712361546536
pell	~~	hapcl	2	2		-0.0207581685385898	0	NA	NA	-0.0207581685385898	-0.0936370353563892	-0.0207581685385898
pell	~~	hprecalc13	2	2		-0.0224424398258715	0	NA	NA	-0.0224424398258715	-0.0957764271439764	-0.0224424398258715
pell	~~	hchallenge_c	2	2		9.8495734574612e-05	0	NA	NA	9.8495734574612e-05	0.000162717450618251	9.8495734574612e-05
pell	~~	cSFcareer_c	2	2		0.0171357535592917	0	NA	NA	0.0171357535592917	0.0427618930872065	0.0171357535592917
hapcl	~~	hapcl	2	2		0.203321776625471	0	NA	NA	0.203321776625471	1	0.203321776625471
hapcl	~~	hprecalc13	2	2		0.0148351090275346	0	NA	NA	0.0148351090275346	0.0690298274542391	0.0148351090275346
hapcl	~~	hchallenge_c	2	2		0.0230058818130449	0	NA	NA	0.0230058818130449	0.041439363392077	0.0230058818130449
hapcl	~~	cSFcareer_c	2	2		-0.00879383592533489	0	NA	NA	-0.00879383592533489	-0.0239270720204712	-0.00879383592533489
hprecalc13	~~	hprecalc13	2	2		0.227155895753201	0	NA	NA	0.227155895753201	1	0.227155895753201
hprecalc13	~~	hchallenge_c	2	2		-0.0315369523678759	0	NA	NA	-0.0315369523678759	-0.0537432411194259	-0.0315369523678759
hprecalc13	~~	cSFcareer_c	2	2		-0.00468810949122505	0	NA	NA	-0.00468810949122505	-0.012068099603055	-0.00468810949122505
hchallenge_c	~~	hchallenge_c	2	2		1.51589012168747	0	NA	NA	1.51589012168747	1	1.51589012168747
hchallenge_c	~~	cSFcareer_c	2	2		-0.0325822436134675	0	NA	NA	-0.0325822436134675	-0.032467606331801	-0.0325822436134675
cSFcareer_c	~~	cSFcareer_c	2	2		0.664345055600609	0	NA	NA	0.664345055600609	1	0.664345055600609
sbvalued	~1		2	2		2.68110184712869	0.0524298733178006	51.1369125551259	0	2.68110184712869	3.58105521819508	3.58105521819508
sbmyself	~1		2	2		2.66922323025937	0.0509012418810292	52.43925553915	0	2.66922323025937	3.50843478095365	3.50843478095365
sbcommunity	~1		2	2		2.6630237290862	0.053184269771016	50.071642245946	0	2.6630237290862	3.59690860701949	3.59690860701949
pganalyze	~1		2	2		2.98164797192605	0.0306285403053704	97.3486800937505	0	2.98164797192605	4.11477649471412	4.11477649471412
pgthink	~1		2	2		2.97316230654557	0.0303958725411727	97.8146721242588	0	2.97316230654557	4.459978670446	4.459978670446
pgwork	~1		2	2		2.96446556335938	0.0301715755184196	98.2535884329137	0	2.96446556335938	4.3343508001932	4.3343508001932
pgvalues	~1		2	2		2.9690842675347	0.0296514406495064	100.132884018373	0	2.9690842675347	4.17221706324557	4.17221706324557
pgprobsolve	~1		2	2		2.9620697382548	0.0308059001845821	96.1526759648876	0	2.9620697382548	4.28990938933096	4.28990938933096
SEacademic	~1		2	2		2.73342039064535	0.0499832098113634	54.6867718372085	0	2.73342039064535	3.89162794475841	3.89162794475841
SEwellness	~1		2	2		2.71653749647261	0.0496175705209728	54.7495064339025	0	2.71653749647261	3.82565519887132	3.82565519887132
SEnonacad	~1		2	2		2.72446229292048	0.0491782203514047	55.399773994519	0	2.72446229292048	3.62880148237522	3.62880148237522
SEactivities	~1		2	2		2.71503869837075	0.0536478517439046	50.6085259728826	0	2.71503869837075	3.37768463455592	3.37768463455592
SEdiverse	~1		2	2		2.73482755658568	0.0505975618245937	54.0505798691741	0	2.73482755658568	3.62611723630339	3.62611723630339
sameinst	~1		2	2		2.91448418248026	0.0608665533557413	47.8831808570831	0	2.91448418248026	4.57546154535996	4.57546154535996
evalexp	~1		2	2		2.91464709759728	0.0615936452350345	47.320581311194	0	2.91464709759728	4.47400296154054	4.47400296154054
MHWdacad	~1		2	2		3.81082346071135	0.128698332411349	29.6105115684878	0	3.81082346071135	3.44568462003911	3.44568462003911
MHWdlonely	~1		2	2		3.81959214672276	0.127625554070195	29.9281141190733	0	3.81959214672276	3.56217160212652	3.56217160212652
MHWdmental	~1		2	2		3.82782417605804	0.127526279627283	30.0159636683944	0	3.82782417605804	3.6139926394027	3.6139926394027
MHWdexhaust	~1		2	2		3.81718866789594	0.12866421182744	29.6678354740588	0	3.81718866789594	3.5631477458152	3.5631477458152
MHWdsleep	~1		2	2		3.82253408409028	0.127288406621651	30.0304967714167	0	3.82253408409028	3.54868953306165	3.54868953306165
MHWdfinancial	~1		2	2		3.83097988107965	0.12961301372591	29.557061987471	0	3.83097988107965	3.34313717214595	3.34313717214595
QIadmin	~1		2	2		5.07718812580219	0.130420439852608	38.9293896841635	0	5.07718812580219	4.54175434040073	4.54175434040073
QIstudent	~1		2	2		5.0545979144398	0.129738810242997	38.9597985750963	0	5.0545979144398	4.58839867532012	4.58839867532012
QIadvisor	~1		2	2		5.05839081996587	0.128627847434599	39.3257830310643	0	5.05839081996587	4.65555850383851	4.65555850383851
QIfaculty	~1		2	2		5.04300900657196	0.128036854885025	39.3871671644896	0	5.04300900657196	4.7162472163946	4.7162472163946
QIstaff	~1		2	2		5.04862932694857	0.127299248011542	39.6595377098444	0	5.04862932694857	4.66998040112584	4.66998040112584
x_FASt	~1		2	2		0.508206213633658	0	NA	NA	0.508206213633658	1.01654934930358	0.508206213633658
credit_dose_c	~1		2	2		0.202208713702378	0	NA	NA	0.202208713702378	0.104549036351195	0.202208713702378
XZ_c	~1		2	2		0.830593848415896	0	NA	NA	0.830593848415896	0.556099270879203	0.830593848415896
cohort	~1		2	2		0.499501713387381	0	NA	NA	0.499501713387381	0.999003922859351	0.499501713387381
hgrades_c	~1		2	2		0.0875224538561307	0	NA	NA	0.0875224538561307	0.0931186463849244	0.0875224538561307
bparented_c	~1		2	2		0.00385848453786517	0	NA	NA	0.00385848453786517	0.00389852734787725	0.00385848453786517
pell	~1		2	2		1.40896353228804	0	NA	NA	1.40896353228804	2.86582932159312	1.40896353228804
hapcl	~1		2	2		0.28394856312783	0	NA	NA	0.28394856312783	0.629720348894836	0.28394856312783
hprecalc13	~1		2	2		0.348857338098078	0	NA	NA	0.348857338098078	0.731957484628314	0.348857338098078
hchallenge_c	~1		2	2		-0.000128413528200843	0	NA	NA	-0.000128413528200843	-0.000104298224909531	-0.000128413528200843
cSFcareer_c	~1		2	2		0.00995859453378098	0	NA	NA	0.00995859453378098	0.0122180302708991	0.00995859453378098
Belong	~1		2	2		0	0	NA	NA	0	0	0
Gains	~1		2	2		0	0	NA	NA	0	0	0
SupportEnv	~1		2	2		0	0	NA	NA	0	0	0
Satisf	~1		2	2		0	0	NA	NA	0	0	0
DevAdj	~1		2	2		0	0	NA	NA	0	0	0
EmoDiss	~1		2	2		0	0	NA	NA	0	0	0
QualEngag	~1		2	2		0	0	NA	NA	0	0	0
Belong	=~	sbvalued	3	3		1	0	NA	NA	0.637904695472444	0.863054888284301	0.863054888284301
Belong	=~	sbmyself	3	3		0.978355169935422	0.0269906786652639	36.2478906910381	0	0.624097356741547	0.82787976185448	0.82787976185448
Belong	=~	sbcommunity	3	3		0.998192436096121	0.0251916931517912	39.623872444046	0	0.636751641970793	0.891764076052533	0.891764076052533
Gains	=~	pganalyze	3	3		1	0	NA	NA	0.467258941470853	0.694100844491683	0.694100844491683
Gains	=~	pgthink	3	3		0.99363593195654	0.0439626795839033	22.6018054713925	0	0.464285273773418	0.748560823238095	0.748560823238095
Gains	=~	pgwork	3	3		0.972149489218195	0.0455287817017642	21.3524160515924	0	0.454245541283525	0.703083617276489	0.703083617276489
Gains	=~	pgvalues	3	3		0.993971308094269	0.0472437449520273	21.0392150136188	0	0.464441981272528	0.681849575612826	0.681849575612826
Gains	=~	pgprobsolve	3	3		1.06345121549696	0.0445400351997544	23.8762993950851	0	0.496907089259004	0.756257709609273	0.756257709609273
SupportEnv	=~	SEacademic	3	3		1	0	NA	NA	0.557456904569382	0.795356833455949	0.795356833455949
SupportEnv	=~	SEwellness	3	3		1.01014623899135	0.0342117266375502	29.5263156312791	0	0.563112995550518	0.806539428282963	0.806539428282963
SupportEnv	=~	SEnonacad	3	3		0.977397899244245	0.0365000527349371	26.7779859481874	0	0.544857207445313	0.742706888141017	0.742706888141017
SupportEnv	=~	SEactivities	3	3		0.98692918563354	0.0383717812840204	25.7201816701832	0	0.550170488852454	0.721770695956804	0.721770695956804
SupportEnv	=~	SEdiverse	3	3		1.02933519216537	0.0346004698748762	29.7491680282868	0	0.573810009988835	0.783246225587725	0.783246225587725
Satisf	=~	sameinst	3	3		1	0	NA	NA	0.572600745457639	0.901444325045076	0.901444325045076
Satisf	=~	evalexp	3	3		0.93656720141306	0.0584741022144113	16.0167863369476	0	0.536279077700293	0.848006742793114	0.848006742793114
DevAdj	=~	Belong	3	3		1	0	NA	NA	0.361137334719564	0.361137334719564	0.361137334719564
DevAdj	=~	Gains	3	3		0.49553088458674	0.0830225057559511	5.96863320463222	2.39249287048438e-09	0.244310028433362	0.244310028433362	0.244310028433362
DevAdj	=~	SupportEnv	3	3		0.664554079118041	0.0891999125020018	7.45016514565669	9.32587340685131e-14	0.274629519218219	0.274629519218219	0.274629519218219
DevAdj	=~	Satisf	3	3		0.980985553145983	0.117451776356746	8.35224109481624	0	0.394674338712649	0.394674338712649	0.394674338712649
EmoDiss	=~	MHWdacad	3	3		1	0	NA	NA	0.841054560888074	0.878551904399282	0.878551904399282
EmoDiss	=~	MHWdlonely	3	3		0.998210600263106	0.0224727784178882	44.4186553928079	0	0.839549578078107	0.90449614324573	0.90449614324573
EmoDiss	=~	MHWdmental	3	3		1.02216637901533	0.0214225371291929	47.7145341306191	0	0.859697695057291	0.923188881489981	0.923188881489981
EmoDiss	=~	MHWdexhaust	3	3		1.01307791996022	0.0214709773579505	47.1835959337493	0	0.852053805117542	0.90058299836277	0.90058299836277
EmoDiss	=~	MHWdsleep	3	3		1.03117888160317	0.0233937311327533	44.0792824261979	0	0.867277701463811	0.89741219870403	0.89741219870403
EmoDiss	=~	MHWdfinancial	3	3		0.976139166116616	0.02673721067861	36.508638760046	0	0.820986297723861	0.798154884958172	0.798154884958172
QualEngag	=~	QIadmin	3	3		1	0	NA	NA	0.885061090986745	0.876742299150343	0.876742299150343
QualEngag	=~	QIstudent	3	3		1.01663398111241	0.02093973543272	48.5504692444127	0	0.899783180457547	0.894156987722846	0.894156987722846
QualEngag	=~	QIadvisor	3	3		1.00250033176669	0.0219491553353969	45.6737544770109	0	0.887274037348002	0.904423593689981	0.904423593689981
QualEngag	=~	QIfaculty	3	3		1.01787059003915	0.020369107759351	49.9712899585336	0	0.900877654903368	0.921624995020391	0.921624995020391
QualEngag	=~	QIstaff	3	3		1.01416018073563	0.0211927409875937	47.8541299272863	0	0.897593715997196	0.906462560344558	0.906462560344558
EmoDiss	~	x_FASt	3	3	W5__a1_g3	0.3164951388234	0.132990604328168	2.37983081904354	0.0173205881061773	0.376307499586246	0.188083879225026	0.376307499586246
EmoDiss	~	credit_dose_c	3	3	W5__a1c_g3	-0.173956994482228	0.0928756781139432	-1.87300914528787	0.0610671221382966	-0.206831997080601	-0.392610413325948	-0.206831997080601
EmoDiss	~	XZ_c	3	3	W5__a1z_g3	0.168561149936469	0.096078466246443	1.75441133192225	0.0793600510059935	0.200416426918231	0.290400289659488	0.200416426918231
EmoDiss	~	cohort	3	3	W5__g1_g3	-0.0115328696543164	0.0484125395909428	-0.238220712066797	0.811709913564392	-0.0137123917883981	-0.00685594856139004	-0.0137123917883981
EmoDiss	~	hgrades_c	3	3		-0.0752434525044621	0.0260081627900647	-2.89307065292615	0.003814954702972	-0.0894632239138115	-0.0859421614469026	-0.0894632239138115
EmoDiss	~	bparented_c	3	3		-0.0149882745198168	0.0253537709321478	-0.591165494076943	0.554409540279111	-0.0178208111778035	-0.017234024612607	-0.0178208111778035
EmoDiss	~	pell	3	3		0.101894044317598	0.0493223876533183	2.0658781775489	0.0388399838900122	0.121150337987594	0.0592208517573963	0.121150337987594
EmoDiss	~	hapcl	3	3		-0.159520549968029	0.0545667768606116	-2.9234006321377	0.00346230715482698	-0.189667302677237	-0.0833285924549448	-0.189667302677237
EmoDiss	~	hprecalc13	3	3		-0.134072721144806	0.0513987607491902	-2.60848158964453	0.00909449036989018	-0.159410253959313	-0.0767615289406387	-0.159410253959313
EmoDiss	~	hchallenge_c	3	3		0.00596585364741065	0.0199571971941988	0.298932439728803	0.764991594839296	0.00709330158213668	0.00886465416148165	0.00709330158213668
EmoDiss	~	cSFcareer_c	3	3		-0.00677346463947382	0.0303204963436742	-0.223395572509715	0.823227649893348	-0.00805353773044365	-0.00638636945727199	-0.00805353773044365
QualEngag	~	x_FASt	3	3	W5__a2_g3	0.0591264397319004	0.145125014019252	0.407417288683651	0.6837015311889	0.066804924918777	0.0333900585129859	0.066804924918777
QualEngag	~	credit_dose_c	3	3	W5__a2c_g3	-0.0501975691818529	0.100589551714698	-0.499033630493037	0.617755692156623	-0.0567165020505965	-0.107659789717203	-0.0567165020505965
QualEngag	~	XZ_c	3	3	W5__a2z_g3	0.00729164935443542	0.103418604352769	0.0705061666618808	0.943790792480803	0.0082385831087728	0.0119375789597702	0.0082385831087728
QualEngag	~	cohort	3	3	W5__g2_g3	0.0465556729659701	0.0514837657532373	0.904278703875555	0.365847636192875	0.0526016491291756	0.0262998757794423	0.0526016491291756
QualEngag	~	hgrades_c	3	3		0.0434522520776306	0.0278127181687089	1.56231590936398	0.118213585933302	0.0490952009077545	0.0471629290572768	0.0490952009077545
QualEngag	~	bparented_c	3	3		0.00367353350835172	0.0274218605023728	0.133963685944426	0.893431289961102	0.00415059880697743	0.00401393187340437	0.00415059880697743
QualEngag	~	pell	3	3		-0.139594945220657	0.0535706268049582	-2.60581131015881	0.00916569390633137	-0.157723513825496	-0.0770985949033989	-0.157723513825496
QualEngag	~	hapcl	3	3		0.0805578800805302	0.0589658074507366	1.36617954647416	0.171882615652025	0.0910195701753391	0.0399886145978041	0.0910195701753391
QualEngag	~	hprecalc13	3	3		0.130167691897635	0.0542289494525729	2.40033585772255	0.0163800351586305	0.147071985451888	0.0708202276028226	0.147071985451888
QualEngag	~	hchallenge_c	3	3		-0.00230444951718125	0.0206591026440497	-0.111546447921105	0.911183035272345	-0.00260371802652859	-0.00325392337713616	-0.00260371802652859
QualEngag	~	cSFcareer_c	3	3		0.0155347561132343	0.0321186441922087	0.483667866559655	0.628621601653285	0.0175521851219499	0.0139186954507544	0.0175521851219499
DevAdj	~	x_FASt	3	3	W5__c_g3	0.155179054559145	0.0613044658418799	2.53128466952786	0.0113645572791503	0.673604398162043	0.336677128169535	0.673604398162043
DevAdj	~	credit_dose_c	3	3	W5__cc_g3	-0.0367278448021777	0.0420617709306689	-0.873188265484991	0.3825604698041	-0.159428976185253	-0.302629559834654	-0.159428976185253
DevAdj	~	XZ_c	3	3	W5__cz_g3	0.0212239895401892	0.0435019733736869	0.487885672630818	0.625630823365055	0.0921295257367847	0.133494251801372	0.0921295257367847
DevAdj	~	EmoDiss	3	3	W5__b1_g3	-0.166022095096779	0.017653125203095	-9.40468575318729	0	-0.606124547526655	-0.606124547526655	-0.606124547526655
DevAdj	~	QualEngag	3	3	W5__b2_g3	0.153398526269737	0.0160734387839604	9.54360347723555	0	0.589340447571277	0.589340447571277	0.589340447571277
DevAdj	~	cohort	3	3	W5__g3_g3	-0.0170038723348715	0.0218556868793157	-0.778006769074093	0.436565022667202	-0.0738107550860855	-0.0369040462055436	-0.0738107550860855
DevAdj	~	hgrades_c	3	3		0.015220289232178	0.0117945231897263	1.29045396641687	0.196893085068035	0.0660685412552627	0.0634682385757903	0.0660685412552627
DevAdj	~	bparented_c	3	3		0.0203564610637029	0.0109513265547298	1.85881235135948	0.0630537411136778	0.0883637404705182	0.085454184040046	0.0883637404705182
DevAdj	~	pell	3	3		-0.0297754238146334	0.0217967997875321	-1.3660456628897	0.171924631524938	-0.129249765670092	-0.0631800235935829	-0.129249765670092
DevAdj	~	hapcl	3	3		0.040732684302673	0.0254127286935108	1.60284575473685	0.108968712323892	0.176813264993627	0.077681288716141	0.176813264993627
DevAdj	~	hprecalc13	3	3		0.0563461775337952	0.0229984743549597	2.44999631993607	0.0142857674766659	0.244588634169811	0.117777853394357	0.244588634169811
DevAdj	~	hchallenge_c	3	3		0.000564845037430771	0.0084680246422313	0.0667032822051325	0.946817921312107	0.00245189083394212	0.00306418161316307	0.00245189083394212
DevAdj	~	cSFcareer_c	3	3		0.00915742763386211	0.0142599337720606	0.642178833383099	0.520757074651948	0.0397507482407628	0.0315219190578662	0.0397507482407628
sbvalued	~~	sbvalued	3	3		0.139382082514437	0.00992669103003251	14.0411424202432	0	0.139382082514437	0.255136259808572	0.255136259808572
sbmyself	~~	sbmyself	3	3		0.178792672884837	0.0106268577615057	16.8246039325462	0	0.178792672884837	0.31461509991177	0.31461509991177
sbcommunity	~~	sbcommunity	3	3		0.104394736786987	0.00866436213540673	12.0487504048775	0	0.104394736786987	0.204756832662171	0.204756832662171
pganalyze	~~	pganalyze	3	3		0.234848414738876	0.0117375073071955	20.0083721860524	0	0.234848414738876	0.518224017675932	0.518224017675932
pgthink	~~	pgthink	3	3		0.169133376673412	0.00898847246420909	18.8166985376969	0	0.169133376673412	0.439656693913105	0.439656693913105
pgwork	~~	pgwork	3	3		0.211075351714001	0.0101664052324013	20.7620438974126	0	0.211075351714001	0.505673427117408	0.505673427117408
pgvalues	~~	pgvalues	3	3		0.248259253926281	0.011562375643511	21.4713015370339	0	0.248259253926281	0.535081156236609	0.535081156236609
pgprobsolve	~~	pgprobsolve	3	3		0.18481188084704	0.00984839212473453	18.765690734722	0	0.18481188084704	0.428074276656536	0.428074276656536
SEacademic	~~	SEacademic	3	3		0.180487276097361	0.00917765457389172	19.6659478349518	0	0.180487276097361	0.367407507474926	0.367407507474926
SEwellness	~~	SEwellness	3	3		0.170364775634223	0.008918467390698	19.1024722265525	0	0.170364775634223	0.349494150624991	0.349494150624991
SEnonacad	~~	SEnonacad	3	3		0.241314269889996	0.0122554199752293	19.6904121097231	0	0.241314269889996	0.448386478307886	0.448386478307886
SEactivities	~~	SEactivities	3	3		0.278339134441323	0.0127216087174289	21.8792403243775	0	0.278339134441323	0.479047062458031	0.479047062458031
SEdiverse	~~	SEdiverse	3	3		0.207451988027166	0.0104406983038957	19.8695510576873	0	0.207451988027166	0.386525350102582	0.386525350102582
sameinst	~~	sameinst	3	3		0.0756120913440573	0.0208179370241738	3.63206456318206	0.00028116275098844	0.0756120913440573	0.187398128844027	0.187398128844027
evalexp	~~	evalexp	3	3		0.112333934443717	0.0189640180043164	5.92353025704514	3.15102721692995e-09	0.112333934443717	0.280884564177413	0.280884564177413
MHWdacad	~~	MHWdacad	3	3		0.209087177379224	0.0103506530273156	20.2003851184499	0	0.209087177379224	0.228146551276395	0.228146551276395
MHWdlonely	~~	MHWdlonely	3	3		0.156704065665578	0.00860304114164846	18.214961789146	0	0.156704065665578	0.1818867268536	0.1818867268536
MHWdmental	~~	MHWdmental	3	3		0.128102151176661	0.00759589319846672	16.8646593401971	0	0.128102151176661	0.147722289093278	0.147722289093278
MHWdexhaust	~~	MHWdexhaust	3	3		0.16913522038939	0.00914713149237585	18.4905202828192	0	0.16913522038939	0.188950263059922	0.188950263059922
MHWdsleep	~~	MHWdsleep	3	3		0.181798306679852	0.00953672395124032	19.0629725269764	0	0.181798306679852	0.1946513456172	0.1946513456172
MHWdfinancial	~~	MHWdfinancial	3	3		0.384010240571947	0.0162261834160246	23.6660852848926	0	0.384010240571947	0.362948779617407	0.362948779617407
QIadmin	~~	QIadmin	3	3		0.235733488174831	0.0110835556056167	21.268760365615	0	0.235733488174831	0.231322940880571	0.231322940880571
QIstudent	~~	QIstudent	3	3		0.203014170735903	0.0102630810359334	19.7810160540587	0	0.203014170735903	0.200483281306406	0.200483281306406
QIadvisor	~~	QIadvisor	3	3		0.175180608756762	0.00946873312129447	18.5009553561916	0	0.175180608756762	0.1820179631769	0.1820179631769
QIfaculty	~~	QIfaculty	3	3		0.143902838739945	0.00860858846256825	16.7161944569266	0	0.143902838739945	0.150607368553664	0.150607368553664
QIstaff	~~	QIstaff	3	3		0.17485321563596	0.00959465663482437	18.2240201281742	0	0.17485321563596	0.178325626693589	0.178325626693589
Belong	~~	Belong	3	3		0.353851510012331	0.0194517285264968	18.1912630299318	0	0.869579825471649	0.869579825471649	0.869579825471649
Gains	~~	Gains	3	3		0.205299315711295	0.0151967861989176	13.5093902766045	0	0.94031261000689	0.94031261000689	0.94031261000689
SupportEnv	~~	SupportEnv	3	3		0.287320390357035	0.01863564629608	15.4177851302894	0	0.92457862717397	0.92457862717397	0.92457862717397
Satisf	~~	Satisf	3	3		0.276799762721323	0.0236963844376354	11.6810968968625	0	0.844232166361733	0.844232166361733	0.844232166361733
DevAdj	~~	DevAdj	3	3		0.00813916296041051	0.00667794459417334	1.21881259205297	0.222915331089439	0.153363979475969	0.153363979475969	0.153363979475969
EmoDiss	~~	EmoDiss	3	3		0.684367586712571	0.0356004938997027	19.2235419160375	0	0.967477985425892	0.967477985425892	0.967477985425892
QualEngag	~~	QualEngag	3	3		0.766491563487651	0.0359079222553304	21.3460293814095	0	0.978500116306512	0.978500116306512	0.978500116306512
x_FASt	~~	x_FASt	3	3		0.249814360343556	0	NA	NA	0.249814360343556	1	0.249814360343556
x_FASt	~~	credit_dose_c	3	3		0.723608023842535	0	NA	NA	0.723608023842535	0.762694448165106	0.723608023842535
x_FASt	~~	XZ_c	3	3		0.40297416655038	0	NA	NA	0.40297416655038	0.556422618609633	0.40297416655038
x_FASt	~~	cohort	3	3		-0.00104311839665355	0	NA	NA	-0.00104311839665355	-0.00417417418364712	-0.00104311839665355
x_FASt	~~	hgrades_c	3	3		0.00958251865897038	0	NA	NA	0.00958251865897038	0.0199576428339124	0.00958251865897038
x_FASt	~~	bparented_c	3	3		-0.00107379204549441	0	NA	NA	-0.00107379204549441	-0.00222153030647131	-0.00107379204549441
x_FASt	~~	pell	3	3		-0.0155308362676404	0	NA	NA	-0.0155308362676404	-0.0635676449443024	-0.0155308362676404
x_FASt	~~	hapcl	3	3		-0.00778576832301531	0	NA	NA	-0.00778576832301531	-0.0354561191873063	-0.00778576832301531
x_FASt	~~	hprecalc13	3	3		-0.00723853840617678	0	NA	NA	-0.00723853840617678	-0.0300756360242379	-0.00723853840617678
x_FASt	~~	hchallenge_c	3	3		0.0135523107385761	0	NA	NA	0.0135523107385761	0.0216965798449534	0.0135523107385761
x_FASt	~~	cSFcareer_c	3	3		-0.00191977477085038	0	NA	NA	-0.00191977477085038	-0.00484366656043156	-0.00191977477085038
credit_dose_c	~~	credit_dose_c	3	3		3.60319841683564	0	NA	NA	3.60319841683564	1	3.60319841683564
credit_dose_c	~~	XZ_c	3	3		2.61676869378766	0	NA	NA	2.61676869378766	0.951387664831282	2.61676869378766
credit_dose_c	~~	cohort	3	3		-0.0209157633370386	0	NA	NA	-0.0209157633370386	-0.0220381580297605	-0.0209157633370386
credit_dose_c	~~	hgrades_c	3	3		0.172106544503049	0	NA	NA	0.172106544503049	0.0943825199432652	0.172106544503049
credit_dose_c	~~	bparented_c	3	3		0.00198958984383277	0	NA	NA	0.00198958984383277	0.00108382764953338	0.00198958984383277
credit_dose_c	~~	pell	3	3		-0.0696088214473408	0	NA	NA	-0.0696088214473408	-0.0750188102745053	-0.0696088214473408
credit_dose_c	~~	hapcl	3	3		0.0521881878369266	0	NA	NA	0.0521881878369266	0.0625787018566899	0.0521881878369266
credit_dose_c	~~	hprecalc13	3	3		0.00972487995213163	0	NA	NA	0.00972487995213163	0.0106392936823227	0.00972487995213163
credit_dose_c	~~	hchallenge_c	3	3		0.0760963916531933	0	NA	NA	0.0760963916531933	0.0320779497467093	0.0760963916531933
credit_dose_c	~~	cSFcareer_c	3	3		0.0113325457886269	0	NA	NA	0.0113325457886269	0.00752863169779867	0.0113325457886269
XZ_c	~~	XZ_c	3	3		2.09955598739061	0	NA	NA	2.09955598739061	1	2.09955598739061
XZ_c	~~	cohort	3	3		-0.0143140561872017	0	NA	NA	-0.0143140561872017	-0.0197580759435716	-0.0143140561872017
XZ_c	~~	hgrades_c	3	3		0.161501568324486	0	NA	NA	0.161501568324486	0.11602492234921	0.161501568324486
XZ_c	~~	bparented_c	3	3		0.00604752640418596	0	NA	NA	0.00604752640418596	0.00431573532949152	0.00604752640418596
XZ_c	~~	pell	3	3		-0.0451345141777282	0	NA	NA	-0.0451345141777282	-0.0637228252528107	-0.0451345141777282
XZ_c	~~	hapcl	3	3		0.0697198478591795	0	NA	NA	0.0697198478591795	0.10951941684323	0.0697198478591795
XZ_c	~~	hprecalc13	3	3		0.0209776097861502	0	NA	NA	0.0209776097861502	0.0300652562524579	0.0209776097861502
XZ_c	~~	hchallenge_c	3	3		0.0454129812097289	0	NA	NA	0.0454129812097289	0.0250785781735428	0.0454129812097289
XZ_c	~~	cSFcareer_c	3	3		0.0128368972767314	0	NA	NA	0.0128368972767314	0.0111719502802741	0.0128368972767314
cohort	~~	cohort	3	3		0.249981963150437	0	NA	NA	0.249981963150437	1	0.249981963150437
cohort	~~	hgrades_c	3	3		-0.00271974262643996	0	NA	NA	-0.00271974262643996	-0.00566254600298038	-0.00271974262643996
cohort	~~	bparented_c	3	3		0.0226744662067784	0	NA	NA	0.0226744662067784	0.0468946711248788	0.0226744662067784
cohort	~~	pell	3	3		-0.00643884523930205	0	NA	NA	-0.00643884523930205	-0.0263453292316048	-0.00643884523930205
cohort	~~	hapcl	3	3		-0.000845600491656828	0	NA	NA	-0.000845600491656828	-0.00384954421003776	-0.000845600491656828
cohort	~~	hprecalc13	3	3		-0.000764453671267595	0	NA	NA	-0.000764453671267595	-0.00317518819129481	-0.000764453671267595
cohort	~~	hchallenge_c	3	3		-0.0245527044866379	0	NA	NA	-0.0245527044866379	-0.0392944873729041	-0.0245527044866379
cohort	~~	cSFcareer_c	3	3		0.00735052030791992	0	NA	NA	0.00735052030791992	0.0185394310897964	0.00735052030791992
hgrades_c	~~	hgrades_c	3	3		0.922833720055576	0	NA	NA	0.922833720055576	1	0.922833720055576
hgrades_c	~~	bparented_c	3	3		-0.0122842712129672	0	NA	NA	-0.0122842712129672	-0.0132229522143638	-0.0122842712129672
hgrades_c	~~	pell	3	3		-0.0312974513111481	0	NA	NA	-0.0312974513111481	-0.0666495506200384	-0.0312974513111481
hgrades_c	~~	hapcl	3	3		-0.00376049193020766	0	NA	NA	-0.00376049193020766	-0.0089100749133818	-0.00376049193020766
hgrades_c	~~	hprecalc13	3	3		0.038084338427723	0	NA	NA	0.038084338427723	0.0823298502381375	0.038084338427723
hgrades_c	~~	hchallenge_c	3	3		-0.0196500731421709	0	NA	NA	-0.0196500731421709	-0.0163677533363532	-0.0196500731421709
hgrades_c	~~	cSFcareer_c	3	3		-0.00900991618911851	0	NA	NA	-0.00900991618911851	-0.0118274652848161	-0.00900991618911851
bparented_c	~~	bparented_c	3	3		0.935230109668766	0	NA	NA	0.935230109668766	1	0.935230109668766
bparented_c	~~	pell	3	3		0.0115382582549337	0	NA	NA	0.0115382582549337	0.0244079326200581	0.0115382582549337
bparented_c	~~	hapcl	3	3		0.000819230026016462	0	NA	NA	0.000819230026016462	0.00192816876466139	0.000819230026016462
bparented_c	~~	hprecalc13	3	3		0.00400205015574751	0	NA	NA	0.00400205015574751	0.0085940113737915	0.00400205015574751
bparented_c	~~	hchallenge_c	3	3		-0.029444919182875	0	NA	NA	-0.029444919182875	-0.0243633920753535	-0.029444919182875
bparented_c	~~	cSFcareer_c	3	3		0.018200117653585	0	NA	NA	0.018200117653585	0.0237327253671817	0.018200117653585
pell	~~	pell	3	3		0.238946150736553	0	NA	NA	0.238946150736553	1	0.238946150736553
pell	~~	hapcl	3	3		-0.00708934222051838	0	NA	NA	-0.00708934222051838	-0.033010670374331	-0.00708934222051838
pell	~~	hprecalc13	3	3		-0.0216493566134515	0	NA	NA	-0.0216493566134515	-0.0919745373983661	-0.0216493566134515
pell	~~	hchallenge_c	3	3		-0.00955147852796634	0	NA	NA	-0.00955147852796634	-0.0156353357709831	-0.00955147852796634
pell	~~	cSFcareer_c	3	3		-0.0208460951664154	0	NA	NA	-0.0208460951664154	-0.0537783353679306	-0.0208460951664154
hapcl	~~	hapcl	3	3		0.193020375434717	0	NA	NA	0.193020375434717	1	0.193020375434717
hapcl	~~	hprecalc13	3	3		0.0119410403907172	0	NA	NA	0.0119410403907172	0.0564434077907632	0.0119410403907172
hapcl	~~	hchallenge_c	3	3		-0.000690169008086194	0	NA	NA	-0.000690169008086194	-0.00125701512493466	-0.000690169008086194
hapcl	~~	cSFcareer_c	3	3		-0.00830597243290844	0	NA	NA	-0.00830597243290844	-0.0238408406950318	-0.00830597243290844
hprecalc13	~~	hprecalc13	3	3		0.231875426391691	0	NA	NA	0.231875426391691	1	0.231875426391691
hprecalc13	~~	hchallenge_c	3	3		0.0354079122782748	0	NA	NA	0.0354079122782748	0.0588382281183472	0.0354079122782748
hprecalc13	~~	cSFcareer_c	3	3		0.0048874951582669	0	NA	NA	0.0048874951582669	0.0127994596562802	0.0048874951582669
hchallenge_c	~~	hchallenge_c	3	3		1.56180476778285	0	NA	NA	1.56180476778285	1	1.56180476778285
hchallenge_c	~~	cSFcareer_c	3	3		-0.0481587198460939	0	NA	NA	-0.0481587198460939	-0.0485952947084828	-0.0481587198460939
cSFcareer_c	~~	cSFcareer_c	3	3		0.628832071246807	0	NA	NA	0.628832071246807	1	0.628832071246807
sbvalued	~1		3	3		3.05513271102376	0.0713768635190682	42.802843392069	0	3.05513271102376	4.13345008952081	4.13345008952081
sbmyself	~1		3	3		3.04762996269255	0.0700539750463019	43.5040261552357	0	3.04762996269255	4.04275252968159	4.04275252968159
sbcommunity	~1		3	3		3.03755421372414	0.0716613749164122	42.3876072328675	0	3.03755421372414	4.25406319876508	4.25406319876508
pganalyze	~1		3	3		3.12707364884468	0.0401186653471439	77.9456051637396	0	3.12707364884468	4.64518550168007	4.64518550168007
pgthink	~1		3	3		3.1150546552317	0.0387341144786802	80.4214759303784	0	3.1150546552317	5.02236019290562	5.02236019290562
pgwork	~1		3	3		3.09429405277505	0.0383423038964263	80.7018290067711	0	3.09429405277505	4.78936446881777	4.78936446881777
pgvalues	~1		3	3		3.12357021853919	0.0390984835560128	79.8898047814139	0	3.12357021853919	4.5857289258657	4.5857289258657
pgprobsolve	~1		3	3		3.10232098716185	0.0407070066900132	76.2109828115402	0	3.10232098716185	4.72151477597637	4.72151477597637
SEacademic	~1		3	3		3.04358780721737	0.0490334196609914	62.0717018772137	0	3.04358780721737	4.34246726670913	4.34246726670913
SEwellness	~1		3	3		3.04942529951527	0.0493324465492676	61.8137861147804	0	3.04942529951527	4.36765224226121	4.36765224226121
SEnonacad	~1		3	3		3.05096649565816	0.048875914819896	62.4226985193163	0	3.05096649565816	4.15883978563357	4.15883978563357
SEactivities	~1		3	3		3.0385023437517	0.0492498077282802	61.6957199206876	0	3.0385023437517	3.98622244513771	3.98622244513771
SEdiverse	~1		3	3		3.05882614597528	0.0511951889956199	59.748312409531	0	3.05882614597528	4.17527403122647	4.17527403122647
sameinst	~1		3	3		3.16815415049599	0.0690360055473679	45.8913305510153	0	3.16815415049599	4.98761938835774	4.98761938835774
evalexp	~1		3	3		3.16972978176417	0.0651006670519912	48.6896667162063	0	3.16972978176417	5.01222654311783	5.01222654311783
MHWdacad	~1		3	3		2.94992314302128	0.14067120028713	20.9703417401719	0	2.94992314302128	3.081441699093	3.081441699093
MHWdlonely	~1		3	3		2.95679822058854	0.139566594161195	21.1855726533924	0	2.95679822058854	3.1855326435878	3.1855326435878
MHWdmental	~1		3	3		2.9468394442887	0.14277643144234	20.6395370336649	0	2.9468394442887	3.16447214659816	3.16447214659816
MHWdexhaust	~1		3	3		2.95869750021545	0.142608195784061	20.7470369002884	0	2.95869750021545	3.12721174412792	3.12721174412792
MHWdsleep	~1		3	3		2.93375179108961	0.144425340085646	20.3132759760155	0	2.93375179108961	3.03568815484353	3.03568815484353
MHWdfinancial	~1		3	3		2.96892626871507	0.136105061776447	21.8134890059529	0	2.96892626871507	2.88636121093048	2.88636121093048
QIadmin	~1		3	3		5.41074425861578	0.154494998567037	35.0221321648027	0	5.41074425861578	5.35988804583475	5.35988804583475
QIstudent	~1		3	3		5.39664865761078	0.157017063273147	34.3698229040417	0	5.39664865761078	5.36290432216573	5.36290432216573
QIadvisor	~1		3	3		5.40775896592342	0.154766523748204	34.9413996964971	0	5.40775896592342	5.51228210439723	5.51228210439723
QIfaculty	~1		3	3		5.40973578227609	0.156942763830116	34.4694820599177	0	5.40973578227609	5.53432276432323	5.53432276432323
QIstaff	~1		3	3		5.39984529464028	0.156522767761797	34.4987848851356	0	5.39984529464028	5.45319948659203	5.45319948659203
x_FASt	~1		3	3		0.513624964456606	0	NA	NA	0.513624964456606	1.02763153809953	0.513624964456606
credit_dose_c	~1		3	3		0.204268834522982	0	NA	NA	0.204268834522982	0.107611335694857	0.204268834522982
XZ_c	~1		3	3		0.828525596713994	0	NA	NA	0.828525596713994	0.571797431395187	0.828525596713994
cohort	~1		3	3		0.504246981229406	0	NA	NA	0.504246981229406	1.00853034453525	0.504246981229406
hgrades_c	~1		3	3		0.00161053066679295	0	NA	NA	0.00161053066679295	0.00167651433519479	0.00161053066679295
bparented_c	~1		3	3		0.00283876861835415	0	NA	NA	0.00283876861835415	0.0029354234232761	0.00283876861835415
pell	~1		3	3		1.39486271230698	0	NA	NA	1.39486271230698	2.85352344702097	1.39486271230698
hapcl	~1		3	3		0.261295947740129	0	NA	NA	0.261295947740129	0.594745406688092	0.261295947740129
hprecalc13	~1		3	3		0.365372463409935	0	NA	NA	0.365372463409935	0.758767028037689	0.365372463409935
hchallenge_c	~1		3	3		0.0542180293326319	0	NA	NA	0.0542180293326319	0.0433840763824239	0.0542180293326319
cSFcareer_c	~1		3	3		-0.0188889751005302	0	NA	NA	-0.0188889751005302	-0.0238199613535218	-0.0188889751005302
Belong	~1		3	3		0	0	NA	NA	0	0	0
Gains	~1		3	3		0	0	NA	NA	0	0	0
SupportEnv	~1		3	3		0	0	NA	NA	0	0	0
Satisf	~1		3	3		0	0	NA	NA	0	0	0
DevAdj	~1		3	3		0	0	NA	NA	0	0	0
EmoDiss	~1		3	3		0	0	NA	NA	0	0	0
QualEngag	~1		3	3		0	0	NA	NA	0	0	0
W5__dir_z_low_g1	:=	W5__c_g1+W5__cz_g1*-1.86672233877	0	0	W5__dir_z_low_g1	0.036045953517997	0.0495694898596062	0.727180239701651	0.467115549548314	0.113110381731454	0.302951948171904	0.113110381731454
W5__dir_z_low_g2	:=	W5__c_g2+W5__cz_g2*-1.86672233877	0	0	W5__dir_z_low_g2	0.0321594175314593	0.0292590127235278	1.09912859450651	0.27171197903857	0.16778471562819	0.199296094736282	0.16778471562819
W5__dir_z_low_g3	:=	W5__c_g3+W5__cz_g3*-1.86672233877	0	0	W5__dir_z_low_g3	0.115559759166653	0.0516330395048484	2.23809716171758	0.025214719715307	0.501624154408902	0.0874804262345269	0.501624154408902
W5__dir_z_mid_g1	:=	W5__c_g1+W5__cz_g1*0	0	0	W5__dir_z_mid_g1	-0.0624621258014521	0.061689404445001	-1.01252599799598	0.311286622609896	-0.196002996276209	-0.0978414515890181	-0.196002996276209
W5__dir_z_mid_g2	:=	W5__c_g2+W5__cz_g2*0	0	0	W5__dir_z_mid_g2	0.00989691266737729	0.038640562145678	0.256127553995336	0.797852346422015	0.0516349736704197	0.0258140094016045	0.0516349736704197
W5__dir_z_mid_g3	:=	W5__c_g3+W5__cz_g3*0	0	0	W5__dir_z_mid_g3	0.155179054559145	0.0613044658418799	2.53128466952786	0.0113645572791503	0.673604398162043	0.336677128169535	0.673604398162043
W5__dir_z_high_g1	:=	W5__c_g1+W5__cz_g1*1.86672233877	0	0	W5__dir_z_high_g1	-0.160970205120901	0.137335362768563	-1.17209582350736	0.241158586543974	-0.505116374283871	-0.49863485134994	-0.505116374283871
W5__dir_z_high_g2	:=	W5__c_g2+W5__cz_g2*1.86672233877	0	0	W5__dir_z_high_g2	-0.0123655921967047	0.086607357462444	-0.142777617964696	0.88646581423368	-0.0645147682873508	-0.147668075933073	-0.0645147682873508
W5__dir_z_high_g3	:=	W5__c_g3+W5__cz_g3*1.86672233877	0	0	W5__dir_z_high_g3	0.194798349951637	0.134310712265881	1.45035601900476	0.146959264979486	0.845584641915185	0.585873830104543	0.845584641915185
W5__a1_z_low_g1	:=	W5__a1_g1+W5__a1z_g1*-1.86672233877	0	0	W5__a1_z_low_g1	0.0919131042845315	0.121697002940963	0.755261855783908	0.450091880860799	0.0945983431624231	-0.0338695151896568	0.0945983431624231
W5__a1_z_low_g2	:=	W5__a1_g2+W5__a1z_g2*-1.86672233877	0	0	W5__a1_z_low_g2	0.10511407763466	0.0916608198759091	1.14677217350842	0.251475792567958	0.105384878437889	-0.091345123876552	0.105384878437889
W5__a1_z_low_g3	:=	W5__a1_g3+W5__a1z_g3*-1.86672233877	0	0	W5__a1_z_low_g3	0.0018382747882329	0.10597881738377	0.0173456812749302	0.986160842688282	0.00218567840151995	-0.354012828667619	0.00218567840151995
W5__a1_z_mid_g1	:=	W5__a1_g1+W5__a1z_g1*0	0	0	W5__a1_z_mid_g1	0.19072039249172	0.14026971223418	1.35966909359101	0.173934662652813	0.196292283646001	0.0979858590558662	0.196292283646001
W5__a1_z_mid_g2	:=	W5__a1_g2+W5__a1z_g2*0	0	0	W5__a1_z_mid_g2	0.24968894602039	0.113935265926828	2.19149833889663	0.0284157498145978	0.250332208737063	0.125149245376006	0.250332208737063
W5__a1_z_mid_g3	:=	W5__a1_g3+W5__a1z_g3*0	0	0	W5__a1_z_mid_g3	0.3164951388234	0.132990604328168	2.37983081904354	0.0173205881061773	0.376307499586246	0.188083879225026	0.376307499586246
W5__a1_z_high_g1	:=	W5__a1_g1+W5__a1z_g1*1.86672233877	0	0	W5__a1_z_high_g1	0.289527680698909	0.311354261305558	0.929897922337317	0.352423938841424	0.29798622412958	0.229841233301389	0.29798622412958
W5__a1_z_high_g2	:=	W5__a1_g2+W5__a1z_g2*1.86672233877	0	0	W5__a1_z_high_g2	0.39426381440612	0.253881916653618	1.55294169668662	0.120437064102292	0.395279539036236	0.341643614628563	0.395279539036236
W5__a1_z_high_g3	:=	W5__a1_g3+W5__a1z_g3*1.86672233877	0	0	W5__a1_z_high_g3	0.631152002858566	0.29744855363234	2.12188627294083	0.0338472894521584	0.750429320770973	0.730180587117671	0.750429320770973
W5__a2_z_low_g1	:=	W5__a2_g1+W5__a2z_g1*-1.86672233877	0	0	W5__a2_z_low_g1	-0.0853479872364658	0.123696674416296	-0.689978025999559	0.490208006096118	-0.0894407775556564	-0.0749268872749896	-0.0894407775556564
W5__a2_z_low_g2	:=	W5__a2_g2+W5__a2z_g2*-1.86672233877	0	0	W5__a2_z_low_g2	0.0220220109172235	0.0932236002882283	0.236227852701847	0.813255867703272	0.0218539984066002	0.267696702312418	0.0218539984066002
W5__a2_z_low_g3	:=	W5__a2_g3+W5__a2z_g3*-1.86672233877	0	0	W5__a2_z_low_g3	0.0455149549954979	0.115039878571156	0.395645019455973	0.692366920665145	0.0514257777898176	0.0111059131979521	0.0514257777898176
W5__a2_z_mid_g1	:=	W5__a2_g1+W5__a2z_g1*0	0	0	W5__a2_z_mid_g1	-0.0491130995488192	0.146648104285204	-0.334904428449366	0.737697181408522	-0.0514682765704158	-0.0256921117845472	-0.0514682765704158
W5__a2_z_mid_g2	:=	W5__a2_g2+W5__a2z_g2*0	0	0	W5__a2_z_mid_g2	-0.238370320674853	0.116568952888069	-2.04488686540523	0.0408660131297853	-0.236551722174235	-0.118259930161823	-0.236551722174235
W5__a2_z_mid_g3	:=	W5__a2_g3+W5__a2z_g3*0	0	0	W5__a2_z_mid_g3	0.0591264397319004	0.145125014019252	0.407417288683651	0.6837015311889	0.066804924918777	0.0333900585129859	0.066804924918777
W5__a2_z_high_g1	:=	W5__a2_g1+W5__a2z_g1*1.86672233877	0	0	W5__a2_z_high_g1	-0.0128782118611725	0.317363778758048	-0.0405787072222586	0.967631759347702	-0.0134957755851752	0.0235426637058953	-0.0134957755851752
W5__a2_z_high_g2	:=	W5__a2_g2+W5__a2z_g2*1.86672233877	0	0	W5__a2_z_high_g2	-0.498762652266929	0.256534112808142	-1.94423520056355	0.0518670947593598	-0.49495744275507	-0.504216562636065	-0.49495744275507
W5__a2_z_high_g3	:=	W5__a2_g3+W5__a2z_g3*1.86672233877	0	0	W5__a2_z_high_g3	0.0727379244683028	0.32160211407817	0.226173651491056	0.821066362723728	0.0821840720477364	0.0556742038280196	0.0821840720477364
W5__ind_EmoDiss_z_low_g1	:=	W5__a1_z_low_g1*W5__b1_g1	0	0	W5__ind_EmoDiss_z_low_g1	-0.0198913770589151	0.0264542415118333	-0.751916362826635	0.452101357334134	-0.0624181366481216	0.0223478758363011	-0.0624181366481216
W5__ind_EmoDiss_z_low_g2	:=	W5__a1_z_low_g2*W5__b1_g2	0	0	W5__ind_EmoDiss_z_low_g2	-0.0142072986779615	0.012421193070709	-1.14379501204795	0.252708658919065	-0.0741234683804416	0.064248471903506	-0.0741234683804416
W5__ind_EmoDiss_z_low_g3	:=	W5__a1_z_low_g3*W5__b1_g3	0	0	W5__ind_EmoDiss_z_low_g3	-0.000305194231706013	0.017593488506069	-0.0173469992378563	0.986159791264207	-0.00132479333216006	0.214575865594792	-0.00132479333216006
W5__ind_EmoDiss_z_mid_g1	:=	W5__a1_z_mid_g1*W5__b1_g1	0	0	W5__ind_EmoDiss_z_mid_g1	-0.0412747591261102	0.030539674118895	-1.35151275568371	0.176531236627524	-0.129518109662357	-0.0646532966188578	-0.129518109662357
W5__ind_EmoDiss_z_mid_g2	:=	W5__a1_z_mid_g2*W5__b1_g2	0	0	W5__ind_EmoDiss_z_mid_g2	-0.0337481478458732	0.015665830320409	-2.15425209871622	0.0312204071707256	-0.176073567991672	-0.088024926061207	-0.176073567991672
W5__ind_EmoDiss_z_mid_g3	:=	W5__a1_z_mid_g3*W5__b1_g3	0	0	W5__ind_EmoDiss_z_mid_g3	-0.0525451860354066	0.0229027288743334	-2.29427621152573	0.0217746380969666	-0.2280892129176	-0.114002256192327	-0.2280892129176
W5__ind_EmoDiss_z_high_g1	:=	W5__a1_z_high_g1*W5__b1_g1	0	0	W5__ind_EmoDiss_z_high_g1	-0.0626581411933053	0.0674884024455466	-0.928428276900782	0.353185456265443	-0.196618082676592	-0.151654469074017	-0.196618082676592
W5__ind_EmoDiss_z_high_g2	:=	W5__a1_z_high_g2*W5__b1_g2	0	0	W5__ind_EmoDiss_z_high_g2	-0.0532889970137848	0.0346501173539666	-1.53791678306349	0.124068963167678	-0.278023667602902	-0.24029832402592	-0.278023667602902
W5__ind_EmoDiss_z_high_g3	:=	W5__a1_z_high_g3*W5__b1_g3	0	0	W5__ind_EmoDiss_z_high_g3	-0.104785177839107	0.0510151763222434	-2.0540001112065	0.0399756809468141	-0.454853632503041	-0.442580377979445	-0.454853632503041
W5__ind_QualEngag_z_low_g1	:=	W5__a2_z_low_g1*W5__b2_g1	0	0	W5__ind_QualEngag_z_low_g1	-0.0145226122410627	0.0211167538585986	-0.687729389578936	0.491623208862326	-0.0455712237853367	-0.0381762104586188	-0.0455712237853367
W5__ind_QualEngag_z_low_g2	:=	W5__a2_z_low_g2*W5__b2_g2	0	0	W5__ind_QualEngag_z_low_g2	0.00241434648708272	0.0102329240793902	0.23593905987687	0.813479958319628	0.0125963238720609	0.154296449513399	0.0125963238720609
W5__ind_QualEngag_z_low_g3	:=	W5__a2_z_low_g3*W5__b2_g3	0	0	W5__ind_QualEngag_z_low_g3	0.0069819270195428	0.0176992336035976	0.394476234164378	0.693229470068102	0.0303072908993521	0.00654516385476887	0.0303072908993521
W5__ind_QualEngag_z_mid_g1	:=	W5__a2_z_mid_g1*W5__b2_g1	0	0	W5__ind_QualEngag_z_mid_g1	-0.00835696920102021	0.0249609614336666	-0.334801574980545	0.737774772352814	-0.0262237473056012	-0.013090460611469	-0.0262237473056012
W5__ind_QualEngag_z_mid_g2	:=	W5__a2_z_mid_g2*W5__b2_g2	0	0	W5__ind_QualEngag_z_mid_g2	-0.0261333330779526	0.0128847898917035	-2.02823121662076	0.0425366553074766	-0.136344940159807	-0.0681632877284249	-0.136344940159807
W5__ind_QualEngag_z_mid_g3	:=	W5__a2_z_mid_g3*W5__b2_g3	0	0	W5__ind_QualEngag_z_mid_g3	0.00906990871844996	0.0222933748218719	0.406843234410231	0.6841231303704	0.0393708443515976	0.0196781120284742	0.0393708443515976
W5__ind_QualEngag_z_high_g1	:=	W5__a2_z_high_g1*W5__b2_g1	0	0	W5__ind_QualEngag_z_high_g1	-0.00219132616097774	0.0539996760930285	-0.0405803575044156	0.967630443696734	-0.0068762708258657	0.0119952892356807	-0.0068762708258657
W5__ind_QualEngag_z_high_g2	:=	W5__a2_z_high_g2*W5__b2_g2	0	0	W5__ind_QualEngag_z_high_g2	-0.054681012642988	0.0284264770328732	-1.92359442148788	0.0544054408500814	-0.285286204191675	-0.290623024970249	-0.285286204191675
W5__ind_QualEngag_z_high_g3	:=	W5__a2_z_high_g3*W5__b2_g3	0	0	W5__ind_QualEngag_z_high_g3	0.0111578904173571	0.049338256455169	0.226150886128205	0.821084068203248	0.048434397803843	0.0328110602021795	0.048434397803843
W5__total_z_low_g1	:=	W5__dir_z_low_g1+W5__ind_EmoDiss_z_low_g1+W5__ind_QualEngag_z_low_g1	0	0	W5__total_z_low_g1	0.00163196421801917	0.0631478251719059	0.0258435538132392	0.979382122518218	0.00512102129799565	0.287123613549586	0.00512102129799565
W5__total_z_low_g2	:=	W5__dir_z_low_g2+W5__ind_EmoDiss_z_low_g2+W5__ind_QualEngag_z_low_g2	0	0	W5__total_z_low_g2	0.0203664653405804	0.0332630897161072	0.612284231994187	0.540349720244443	0.10625757111981	0.417841016153187	0.10625757111981
W5__total_z_low_g3	:=	W5__dir_z_low_g3+W5__ind_EmoDiss_z_low_g3+W5__ind_QualEngag_z_low_g3	0	0	W5__total_z_low_g3	0.122236491954489	0.0587099670816846	2.08203986529951	0.0373388285291938	0.530606651976094	0.308601455684088	0.530606651976094
W5__total_z_mid_g1	:=	W5__dir_z_mid_g1+W5__ind_EmoDiss_z_mid_g1+W5__ind_QualEngag_z_mid_g1	0	0	W5__total_z_mid_g1	-0.112093854128583	0.0732113260002815	-1.53109990287775	0.125744703839221	-0.351744853244166	-0.175585208819345	-0.351744853244166
W5__total_z_mid_g2	:=	W5__dir_z_mid_g2+W5__ind_EmoDiss_z_mid_g2+W5__ind_QualEngag_z_mid_g2	0	0	W5__total_z_mid_g2	-0.0499845682564485	0.0450408204928301	-1.10976149434057	0.267101816072147	-0.260783534481059	-0.130374204388027	-0.260783534481059
W5__total_z_mid_g3	:=	W5__dir_z_mid_g3+W5__ind_EmoDiss_z_mid_g3+W5__ind_QualEngag_z_mid_g3	0	0	W5__total_z_mid_g3	0.111703777242188	0.0658450010826283	1.69646556922388	0.0897977453359899	0.484886029596041	0.242352984005683	0.484886029596041
W5__total_z_high_g1	:=	W5__dir_z_high_g1+W5__ind_EmoDiss_z_high_g1+W5__ind_QualEngag_z_high_g1	0	0	W5__total_z_high_g1	-0.225819672475184	0.162359898012597	-1.39085867408998	0.164268286584491	-0.708610727786329	-0.638294031188276	-0.708610727786329
W5__total_z_high_g2	:=	W5__dir_z_high_g2+W5__ind_EmoDiss_z_high_g2+W5__ind_QualEngag_z_high_g2	0	0	W5__total_z_high_g2	-0.120335601853478	0.101426648262881	-1.1864298378626	0.2354525941554	-0.627824640081928	-0.678589424929242	-0.627824640081928
W5__total_z_high_g3	:=	W5__dir_z_high_g3+W5__ind_EmoDiss_z_high_g3+W5__ind_QualEngag_z_high_g3	0	0	W5__total_z_high_g3	0.101171062529887	0.144568431652718	0.699814346557479	0.48404325401491	0.439165407215987	0.176104512327277	0.439165407215987
W5__index_MM_EmoDiss_g1	:=	W5__a1z_g1*W5__b1_g1	0	0	W5__index_MM_EmoDiss_g1	-0.0114550416112151	0.0220521949972224	-0.519451311429902	0.603446057353726	-0.035945342068627	-0.0466063809535191	-0.035945342068627
W5__index_MM_EmoDiss_g2	:=	W5__a1z_g2*W5__b1_g2	0	0	W5__index_MM_EmoDiss_g2	-0.0104679998530404	0.0111347969544357	-0.940115917324417	0.347158104984176	-0.0546144959503759	-0.081572601774856	-0.0546144959503759
W5__index_MM_EmoDiss_g3	:=	W5__a1z_g3*W5__b1_g3	0	0	W5__index_MM_EmoDiss_g3	-0.0279848752643749	0.0163498119730143	-1.71163285000247	0.0869643505372324	-0.121477316082721	-0.176018744171467	-0.121477316082721
W5__index_MM_QualEngag_g1	:=	W5__a2z_g1*W5__b2_g1	0	0	W5__index_MM_QualEngag_g1	0.0033029245496173	0.0174237187241001	0.189564845594573	0.849650136805405	0.0103644104310038	0.0134383937697338	0.0103644104310038
W5__index_MM_QualEngag_g2	:=	W5__a2z_g2*W5__b2_g2	0	0	W5__index_MM_QualEngag_g2	-0.0152929436650154	0.00912844466461492	-1.67530660773968	0.0938740896533343	-0.0797875832621185	-0.119171305031044	-0.0797875832621185
W5__index_MM_QualEngag_g3	:=	W5__a2z_g3*W5__b2_g3	0	0	W5__index_MM_QualEngag_g3	0.00111852826504608	0.0158621766267514	0.0705154337494697	0.943783416772674	0.00485533025667732	0.00703529812706841	0.00485533025667732
W5__diff_ind_EmoDiss_z_low_g2	:=	W5__ind_EmoDiss_z_low_g2-W5__ind_EmoDiss_z_low_g1	0	0	W5__diff_ind_EmoDiss_z_low_g2	0.00568407838095358	0.0292252105427187	0.194492298785842	0.845790425276481	-0.01170533173232	0.041900596067205	-0.01170533173232
W5__diff_ind_EmoDiss_z_low_g3	:=	W5__ind_EmoDiss_z_low_g3-W5__ind_EmoDiss_z_low_g1	0	0	W5__diff_ind_EmoDiss_z_low_g3	0.0195861828272091	0.0317703908030667	0.616491718613625	0.537570035936461	0.0610933433159615	0.192227989758491	0.0610933433159615
W5__diff_ind_EmoDiss_z_mid_g2	:=	W5__ind_EmoDiss_z_mid_g2-W5__ind_EmoDiss_z_mid_g1	0	0	W5__diff_ind_EmoDiss_z_mid_g2	0.00752661128023702	0.0343233147425501	0.219285676126915	0.826427519174207	-0.0465554583293153	-0.0233716294423492	-0.0465554583293153
W5__diff_ind_EmoDiss_z_mid_g3	:=	W5__ind_EmoDiss_z_mid_g3-W5__ind_EmoDiss_z_mid_g1	0	0	W5__diff_ind_EmoDiss_z_mid_g3	-0.0112704269092964	0.038173376654149	-0.295243122226428	0.767808162600502	-0.0985711032552438	-0.0493489595734689	-0.0985711032552438
W5__diff_ind_EmoDiss_z_high_g2	:=	W5__ind_EmoDiss_z_high_g2-W5__ind_EmoDiss_z_high_g1	0	0	W5__diff_ind_EmoDiss_z_high_g2	0.00936914417952046	0.07586379305898	0.123499548358154	0.901711531911919	-0.0814055849263107	-0.0886438549519034	-0.0814055849263107
W5__diff_ind_EmoDiss_z_high_g3	:=	W5__ind_EmoDiss_z_high_g3-W5__ind_EmoDiss_z_high_g1	0	0	W5__diff_ind_EmoDiss_z_high_g3	-0.0421270366458019	0.0846004295488011	-0.497952987596845	0.618517178500109	-0.258235549826449	-0.290925908905429	-0.258235549826449
W5__diff_ind_QualEngag_z_low_g2	:=	W5__ind_QualEngag_z_low_g2-W5__ind_QualEngag_z_low_g1	0	0	W5__diff_ind_QualEngag_z_low_g2	0.0169369587281454	0.0234655072124854	0.721781062509217	0.470429094284115	0.0581675476573976	0.192472659972018	0.0581675476573976
W5__diff_ind_QualEngag_z_low_g3	:=	W5__ind_QualEngag_z_low_g3-W5__ind_QualEngag_z_low_g1	0	0	W5__diff_ind_QualEngag_z_low_g3	0.0215045392606055	0.0275532241975301	0.780472699181723	0.435112690975465	0.0758785146846889	0.0447213743133877	0.0758785146846889
W5__diff_ind_QualEngag_z_mid_g2	:=	W5__ind_QualEngag_z_mid_g2-W5__ind_QualEngag_z_mid_g1	0	0	W5__diff_ind_QualEngag_z_mid_g2	-0.0177763638769324	0.0280903436477081	-0.632828280774088	0.526845786477001	-0.110121192854206	-0.0550728271169558	-0.110121192854206
W5__diff_ind_QualEngag_z_mid_g3	:=	W5__ind_QualEngag_z_mid_g3-W5__ind_QualEngag_z_mid_g1	0	0	W5__diff_ind_QualEngag_z_mid_g3	0.0174268779194702	0.0334670607708749	0.520717311830267	0.602563712763138	0.0655945916571988	0.0327685726399433	0.0655945916571988
W5__diff_ind_QualEngag_z_high_g2	:=	W5__ind_QualEngag_z_high_g2-W5__ind_QualEngag_z_high_g1	0	0	W5__diff_ind_QualEngag_z_high_g2	-0.0524896864820103	0.0610248278543452	-0.860136576006299	0.389713761246112	-0.278409933365809	-0.302618314205929	-0.278409933365809
W5__diff_ind_QualEngag_z_high_g3	:=	W5__ind_QualEngag_z_high_g3-W5__ind_QualEngag_z_high_g1	0	0	W5__diff_ind_QualEngag_z_high_g3	0.0133492165783349	0.0731452566349172	0.182502833300094	0.855188131047291	0.0553106686297087	0.0208157709664988	0.0553106686297087
W5__diff_total_z_low_g2	:=	W5__total_z_low_g2-W5__total_z_low_g1	0	0	W5__diff_total_z_low_g2	0.0187345011225613	0.0713728306949037	0.262487853433267	0.792945348713072	0.101136549821814	0.130717402603601	0.101136549821814
W5__diff_total_z_low_g3	:=	W5__total_z_low_g3-W5__total_z_low_g1	0	0	W5__diff_total_z_low_g3	0.12060452773647	0.0862235933992204	1.39874160866927	0.161890481993466	0.525485630678098	0.0214778421345014	0.525485630678098
W5__diff_total_z_mid_g2	:=	W5__total_z_mid_g2-W5__total_z_mid_g1	0	0	W5__diff_total_z_mid_g2	0.062109285872134	0.0859568133738495	0.722563848452639	0.46994788542905	0.0909613187631071	0.0452110044313175	0.0909613187631071
W5__diff_total_z_mid_g3	:=	W5__total_z_mid_g3-W5__total_z_mid_g1	0	0	W5__diff_total_z_mid_g3	0.223797631370771	0.0984655392626817	2.27285234048974	0.0230350796699914	0.836630882840207	0.417938192825027	0.836630882840207
W5__diff_total_z_high_g2	:=	W5__total_z_high_g2-W5__total_z_high_g1	0	0	W5__diff_total_z_high_g2	0.105484070621707	0.191436938599902	0.551012105569476	0.581625376101393	0.0807860877044003	-0.0402953937409656	0.0807860877044003
W5__diff_total_z_high_g3	:=	W5__total_z_high_g3-W5__total_z_high_g1	0	0	W5__diff_total_z_high_g3	0.326990735005071	0.217395418335316	1.50412891637262	0.13254817610733	1.14777613500232	0.814398543515553	1.14777613500232
W5__diff_index_MM_EmoDiss_g2	:=	W5__index_MM_EmoDiss_g2-W5__index_MM_EmoDiss_g1	0	0	W5__diff_index_MM_EmoDiss_g2	0.000987041758174653	0.024703906723675	0.0399548852420464	0.968129093910036	-0.0186691538817489	-0.0349662208213369	-0.0186691538817489
W5__diff_index_MM_EmoDiss_g3	:=	W5__index_MM_EmoDiss_g3-W5__index_MM_EmoDiss_g1	0	0	W5__diff_index_MM_EmoDiss_g3	-0.0165298336531598	0.0274520610473684	-0.60213452187206	0.547084596723708	-0.0855319740140945	-0.129412363217948	-0.0855319740140945
W5__diff_index_MM_QualEngag_g2	:=	W5__index_MM_QualEngag_g2-W5__index_MM_QualEngag_g1	0	0	W5__diff_index_MM_QualEngag_g2	-0.0185958682146327	0.0196701417425369	-0.945385572612264	0.34446206510415	-0.0901519936931223	-0.132609698800778	-0.0901519936931223
W5__diff_index_MM_QualEngag_g3	:=	W5__index_MM_QualEngag_g3-W5__index_MM_QualEngag_g1	0	0	W5__diff_index_MM_QualEngag_g3	-0.00218439628457123	0.0235625682283321	-0.0927062051726887	0.926136967229558	-0.00550908017432643	-0.00640309564266544	-0.00550908017432643
