lhs	op	rhs	block	group	label	est	se	z	pvalue	ci.lower	ci.upper	std.lv	std.all
Belong	=~	sbvalued	1	1		1	0	NA	NA	1	1	0.660643147232101	0.859407875374665
Belong	=~	sbmyself	1	1	.p2.	0.982174905355113	0.0142016178046046	69.1593675360468	0	0.954340245935885	1.01000956477434	0.648867120606192	0.81766061595053
Belong	=~	sbcommunity	1	1	.p3.	1.01381088074617	0.0134691911252149	75.2688763060367	0	0.987411751239862	1.04021001025248	0.669767210954298	0.893580814400865
Gains	=~	pganalyze	1	1		1	0	NA	NA	1	1	0.512334538795123	0.71526493862323
Gains	=~	pgthink	1	1	.p5.	1.01146349649934	0.0215600248690682	46.9138371890502	0	0.969206624250176	1.0537203687485	0.518207683987091	0.78080517178141
Gains	=~	pgwork	1	1	.p6.	0.970569877411745	0.0213786729072481	45.3989768973307	0	0.928668448476276	1.01247130634721	0.497256470512185	0.719814208854943
Gains	=~	pgvalues	1	1	.p7.	0.976960085962711	0.0219129664384935	44.5836527293051	0	0.934011460948829	1.01990871097659	0.500530395062949	0.678230319853354
Gains	=~	pgprobsolve	1	1	.p8.	1.03237468113269	0.0216482299723063	47.6886416327508	0	0.98994493005793	1.07480443220745	0.528921206121879	0.766182881160539
SupportEnv	=~	SEacademic	1	1		1	0	NA	NA	1	1	0.615687887902026	0.83024538100799
SupportEnv	=~	SEwellness	1	1	.p10.	0.990601114241981	0.016871439356495	58.7146771126336	0	0.957533700735899	1.02366852774806	0.609901107781038	0.819529611646903
SupportEnv	=~	SEnonacad	1	1	.p11.	0.977184323754352	0.0175122762954197	55.7999603974918	0	0.942860892928015	1.01150775458069	0.601640552383286	0.765459971619937
SupportEnv	=~	SEactivities	1	1	.p12.	1.00826643602037	0.0183444622498627	54.9629867742741	0	0.972311950694888	1.04422092134586	0.620777432435887	0.756050074910666
SupportEnv	=~	SEdiverse	1	1	.p13.	1.00320102650555	0.0175540937982637	57.1491207711776	0	0.968795634879717	1.03760641813139	0.617658721150347	0.7859774615026
Satisf	=~	sameinst	1	1		1	0	NA	NA	1	1	0.562470898513762	0.848747286851512
Satisf	=~	evalexp	1	1	.p15.	1.04000026107733	0.0320537914694766	32.4454678650942	0	0.977175984229203	1.10282453792547	0.584969881302715	0.860372704298726
DevAdj	=~	Belong	1	1		1	0	NA	NA	1	1	0.506049547245087	0.506049547245087
DevAdj	=~	Gains	1	1	.p17.	0.506811820556263	0.0433185026730809	11.6996615598906	0	0.421909115452822	0.591714525659703	0.330714377610701	0.330714377610701
DevAdj	=~	SupportEnv	1	1	.p18.	0.820267708487804	0.0504728667449346	16.251656808658	0	0.721342707471243	0.919192709504365	0.445404889308183	0.445404889308183
DevAdj	=~	Satisf	1	1		0.924773057130961	0.0668886273815497	13.8255648730212	0	0.793673756487804	1.05587235777412	0.549661205272286	0.549661205272286
EmoDiss	=~	MHWdacad	1	1		1	0	NA	NA	1	1	0.968923621055247	0.897441510072542
EmoDiss	=~	MHWdlonely	1	1	.p21.	0.992347141253408	0.0100067859006557	99.1674200992329	0	0.972734201287119	1.0119600812197	0.961508585447075	0.922147923357155
EmoDiss	=~	MHWdmental	1	1	.p22.	1.00313558962728	0.00944575677774589	106.199599802385	0	0.984622246536177	1.02164893271839	0.971961767911058	0.944853118928927
EmoDiss	=~	MHWdexhaust	1	1	.p23.	1.00524717906789	0.00978882443080023	102.69335058303	0	0.986061435732538	1.02443292240325	0.974007736798035	0.93570949211039
EmoDiss	=~	MHWdsleep	1	1	.p24.	0.999521165815692	0.0101495379830563	98.4794743843806	0	0.97962843690918	1.0194138947222	0.968459667303502	0.915184923081454
EmoDiss	=~	MHWdfinancial	1	1	.p25.	0.991393836915748	0.011148294134138	88.9278507534104	0	0.969543581923778	1.01324409190772	0.960584906356261	0.854753812992309
QualEngag	=~	QIadmin	1	1		1	0	NA	NA	1	1	0.952517879477691	0.881346963577205
QualEngag	=~	QIstudent	1	1	.p27.	0.997852006071883	0.0101723706992474	98.0943415821156	0	0.977914525863968	1.0177894862798	0.95047187685615	0.898342233669442
QualEngag	=~	QIadvisor	1	1	.p28.	0.993738380222993	0.0102259952172715	97.1776691763547	0	0.973695797891062	1.01378096255492	0.946553574685601	0.907962087634823
QualEngag	=~	QIfaculty	1	1	.p29.	0.993890176427035	0.0098204795386435	101.20587009179	0	0.974642390220381	1.01313796263369	0.946698163283988	0.925037395747486
QualEngag	=~	QIstaff	1	1	.p30.	0.995336074781335	0.0100065679649995	99.4682770619027	0	0.975723561961084	1.01494858760159	0.948075407318366	0.910477650547948
sbvalued	~~	sbvalued	1	1		0.154479505573058	0.00993404485186737	15.5505142040928	0	0.135009135442593	0.173949875703524	0.154479505573058	0.261418103744003
sbmyself	~~	sbmyself	1	1		0.208717400696505	0.0112927889946509	18.4823608052332	0	0.186583940981979	0.230850860411031	0.208717400696505	0.3314311171234
sbcommunity	~~	sbcommunity	1	1		0.113209759883497	0.00829007561319426	13.6560587823006	0	0.0969615102525228	0.129458009514472	0.113209759883497	0.201513328134688
pganalyze	~~	pganalyze	1	1		0.250579508881387	0.0113911903612016	21.9976579212354	0	0.228253186032393	0.272905831730382	0.250579508881387	0.488396067576307
pgthink	~~	pgthink	1	1		0.17193688152251	0.00843443738389564	20.3851037949252	0	0.155405688020216	0.188468075024804	0.17193688152251	0.390343283719403
pgwork	~~	pgwork	1	1		0.229957562122765	0.0103087152875725	22.3071018752439	0	0.209752851432245	0.250162272813284	0.229957562122765	0.481867504730532
pgvalues	~~	pgvalues	1	1		0.294105530512386	0.0126496826240442	23.2500323726191	0	0.269312608153397	0.318898452871374	0.294105530512386	0.540003633231617
pgprobsolve	~~	pgprobsolve	1	1		0.19680179096037	0.00993044639887565	19.8180205657877	0	0.177338473668168	0.216265108252571	0.19680179096037	0.412963792616536
SEacademic	~~	SEacademic	1	1		0.170859528479774	0.00905856757118969	18.8616497185696	0	0.15310506228872	0.188613994670828	0.170859528479774	0.310692607314898
SEwellness	~~	SEwellness	1	1		0.181867302139317	0.00915402258958658	19.867473600754	0	0.163925747550062	0.199808856728573	0.181867302139317	0.328371215633876
SEnonacad	~~	SEnonacad	1	1		0.255802085763622	0.0118529455208879	21.5813094992154	0	0.232570739431966	0.279033432095277	0.255802085763622	0.414071031847605
SEactivities	~~	SEactivities	1	1		0.288807391582336	0.0136294914890574	21.1898875181227	0	0.262094079136188	0.315520704028483	0.288807391582336	0.428388284227576
SEdiverse	~~	SEdiverse	1	1		0.236054593289138	0.0103724127508517	22.7579251770284	0	0.215725037864684	0.256384148713591	0.236054593289138	0.382239430009929
sameinst	~~	sameinst	1	1		0.122807259630735	0.0123481850249995	9.94536924917347	0	0.0986052617072989	0.147009257554171	0.122807259630735	0.279628043062197
evalexp	~~	evalexp	1	1		0.120078167008907	0.0133667328586624	8.98335952985617	0	0.0938798520149601	0.146276482002853	0.120078167008907	0.259758809697696
MHWdacad	~~	MHWdacad	1	1		0.226833291778996	0.0117258269183938	19.3447586560545	0	0.203851093329993	0.249815490227998	0.226833291778996	0.194598735998715
MHWdlonely	~~	MHWdlonely	1	1		0.162690485832789	0.00888220924700049	18.3164437257239	0	0.145281675605519	0.180099296060058	0.162690485832789	0.149643207448086
MHWdmental	~~	MHWdmental	1	1		0.113495208095173	0.0069817788070558	16.2559157532281	0	0.0998111730853184	0.127179243105027	0.113495208095173	0.10725258365028
MHWdexhaust	~~	MHWdexhaust	1	1		0.134843426357843	0.00795539062069902	16.9499441054466	0	0.119251147258325	0.150435705457361	0.134843426357843	0.124447746374517
MHWdsleep	~~	MHWdsleep	1	1		0.181898508547003	0.00929171112123123	19.5764274387923	0	0.163687089394639	0.200109927699366	0.181898508547003	0.162436556564393
MHWdfinancial	~~	MHWdfinancial	1	1		0.340236134536426	0.0155137456222381	21.9312693930417	0	0.309829751851523	0.370642517221328	0.340236134536426	0.269395919175108
QIadmin	~~	QIadmin	1	1		0.260735521193873	0.012690542914889	20.5456553705019	0	0.235862514136431	0.285608528251316	0.260735521193873	0.223227529793241
QIstudent	~~	QIstudent	1	1		0.216027967738725	0.0103017381652326	20.9700503229444	0	0.195836931956707	0.236219003520742	0.216027967738725	0.192981231205798
QIadvisor	~~	QIadvisor	1	1		0.190849695107448	0.00962396922958922	19.8306634772557	0	0.171987062029131	0.209712328185764	0.190849695107448	0.175604847417813
QIfaculty	~~	QIfaculty	1	1		0.151143099988648	0.00822340745231421	18.3796195026326	0	0.135025517551914	0.167260682425382	0.151143099988648	0.144305816468709
QIstaff	~~	QIstaff	1	1		0.185447343383897	0.0102202383683828	18.1451094093455	0	0.165416044268452	0.205478642499341	0.185447343383897	0.171030447852689
Belong	~~	Belong	1	1		0.324680732169774	0.0164890380852303	19.6907018160507	0	0.292362811383013	0.356998652956534	0.743913855733042	0.743913855733042
Gains	~~	Gains	1	1		0.233777986632467	0.0131965605722475	17.7150694192321	0	0.207913203191061	0.259642770073873	0.890628000441567	0.890628000441567
SupportEnv	~~	SupportEnv	1	1		0.303869265460597	0.0152800644002389	19.8866482169962	0	0.273920889554676	0.333817641366518	0.801614484580365	0.801614484580365
Satisf	~~	Satisf	1	1		0.220788392324803	0.014379920062287	15.3539373910601	0	0.192604266902156	0.248972517747451	0.697872559418618	0.697872559418618
DevAdj	~~	DevAdj	1	1		0.111768635814961	0.0129778325227015	8.61227293690608	0	0.086332551473074	0.137204720156849	1	1
EmoDiss	~~	EmoDiss	1	1		0.938812983438812	0.0401708635377312	23.3704954477022	0	0.860079537676986	1.01754642920064	1	1
QualEngag	~~	QualEngag	1	1		0.907290310724678	0.0391996279466192	23.1453806643317	0	0.830460451741934	0.984120169707421	1	1
DevAdj	~~	EmoDiss	1	1		-0.231478916716474	0.0191088154187018	-12.1137240401582	0	-0.268931506724353	-0.194026326708595	-0.714598207715823	-0.714598207715823
DevAdj	~~	QualEngag	1	1		0.18971411163425	0.0159743410178516	11.8761776415215	0	0.1584049785625	0.221023244706	0.595753393662042	0.595753393662042
EmoDiss	~~	QualEngag	1	1		-0.168207218793679	0.0285269410609526	-5.89643377585685	3.71441721824795e-09	-0.224118995862242	-0.112295441725115	-0.182256048492546	-0.182256048492546
sbvalued	~1		1	1		2.47610528611193	0.0217244086682582	113.978029226167	0	2.43352622753672	2.51868434468715	2.47610528611193	3.22107993105969
sbmyself	~1		1	1		2.46241060575157	0.0231020910375999	106.588213237662	0	2.4171313393503	2.50768987215283	2.46241060575157	3.10297148473318
sbcommunity	~1		1	1		2.45526649775236	0.0213405887568716	115.051488303563	0	2.41343971238002	2.49709328312471	2.45526649775236	3.27573371874489
pganalyze	~1		1	1		2.74607636881265	0.0204337431925567	134.389296319088	0	2.7060269680859	2.7861257695394	2.74607636881265	3.83376875198128
pgthink	~1		1	1		2.72314910755683	0.0191789190241678	141.986579333555	0	2.68555911700705	2.7607390981066	2.72314910755683	4.10308255244874
pgwork	~1		1	1		2.76073095038545	0.019329588306755	142.824094676691	0	2.72284565346822	2.79861624730267	2.76073095038545	3.99635496520775
pgvalues	~1		1	1		2.73249407474825	0.0211208363798014	129.374330902986	0	2.69109799612048	2.77389015337603	2.73249407474825	3.70259298654746
pgprobsolve	~1		1	1		2.74129933082351	0.0196334687679742	139.623790539503	0	2.70281843914669	2.77978022250033	2.74129933082351	3.9709820576372
SEacademic	~1		1	1		2.47522600248755	0.0213412657846177	115.983092449542	0	2.4333978901652	2.5170541148099	2.47522600248755	3.33780312378531
SEwellness	~1		1	1		2.48923744941409	0.0213333343180908	116.683000055139	0	2.44742488248048	2.5310500163477	2.48923744941409	3.34481078028742
SEnonacad	~1		1	1		2.44822821555211	0.0226580253524836	108.051261196235	0	2.40381930190045	2.49263712920377	2.44822821555211	3.11485104016354
SEactivities	~1		1	1		2.46126840021927	0.0228091954966537	107.906848384037	0	2.41656319852949	2.50597360190904	2.46126840021927	2.99759956005363
SEdiverse	~1		1	1		2.48503251804223	0.0222226726346015	111.824196796786	0	2.44147688003819	2.52858815604627	2.48503251804223	3.1622309916463
sameinst	~1		1	1		2.6508987387506	0.0186597839336469	142.064814264572	0	2.61432623428135	2.68747124321985	2.6508987387506	4.00010581556802
evalexp	~1		1	1		2.66610787165305	0.019545912601614	136.402322367537	0	2.62779858690892	2.70441715639718	2.66610787165305	3.92130691306348
MHWdacad	~1		1	1		3.95901295589906	0.0312341248269722	126.75280571589	0	3.89779519614956	4.02023071564855	3.95901295589906	3.66693771142588
MHWdlonely	~1		1	1		3.94391082400542	0.0299666277990481	131.610098088204	0	3.88517731278117	4.00264433522967	3.94391082400542	3.78246146868399
MHWdmental	~1		1	1		3.95733836727103	0.0295941479113513	133.720301024553	0	3.89933490321163	4.01534183133043	3.95733836727103	3.8469656136879
MHWdexhaust	~1		1	1		3.93730349546857	0.0299378593012041	131.515866109712	0	3.87862636946398	3.99598062147316	3.93730349546857	3.78248766908233
MHWdsleep	~1		1	1		3.94191263881778	0.030165911612389	130.674407903484	0	3.88278853849667	4.00103673913888	3.94191263881778	3.72506892847164
MHWdfinancial	~1		1	1		3.94605122749246	0.0319573317300439	123.478745372933	0	3.88341600825957	4.00868644672534	3.94605122749246	3.51130057389349
QIadmin	~1		1	1		4.58088046395499	0.0309305242990095	148.102257164185	0	4.52025775030599	4.64150317760399	4.58088046395499	4.2386029432127
QIstudent	~1		1	1		4.61121796404787	0.0297700455276352	154.894555326337	0	4.55286974699559	4.66956618110016	4.61121796404787	4.35831079974854
QIadvisor	~1		1	1		4.59162931080334	0.0299769453761408	153.172021137881	0	4.53287557749958	4.6503830441071	4.59162931080334	4.40442616897517
QIfaculty	~1		1	1		4.59839118604724	0.0291259795851553	157.879365828812	0	4.54130531504588	4.65547705704859	4.59839118604724	4.49317847265467
QIstaff	~1		1	1		4.59971471459579	0.0300110707654038	153.267264288959	0	4.54089409675812	4.65853533243347	4.59971471459579	4.41730416611227
Belong	~1		1	1		0	0	NA	NA	0	0	0	0
Gains	~1		1	1		0	0	NA	NA	0	0	0	0
SupportEnv	~1		1	1		0	0	NA	NA	0	0	0	0
Satisf	~1		1	1		0	0	NA	NA	0	0	0	0
DevAdj	~1		1	1		0	0	NA	NA	0	0	0	0
EmoDiss	~1		1	1		0	0	NA	NA	0	0	0	0
QualEngag	~1		1	1		0	0	NA	NA	0	0	0	0
Belong	=~	sbvalued	2	2		1	0	NA	NA	1	1	0.649379530239176	0.862063566162505
Belong	=~	sbmyself	2	2	.p2.	0.982174905355113	0.0142016178046046	69.1593675360468	0	0.954340245935886	1.01000956477434	0.637804278652211	0.825005358296592
Belong	=~	sbcommunity	2	2	.p3.	1.01381088074617	0.013469191125215	75.2688763060366	0	0.987411751239863	1.04021001025248	0.658348033490314	0.884853768110513
Gains	=~	pganalyze	2	2		1	0	NA	NA	1	1	0.517960434964019	0.713420060853263
Gains	=~	pgthink	2	2	.p5.	1.01146349649934	0.0215600248690682	46.9138371890502	0	0.969206624250177	1.0537203687485	0.523898072597025	0.784112903193413
Gains	=~	pgwork	2	2	.p6.	0.970569877411745	0.0213786729072481	45.3989768973307	0	0.928668448476276	1.01247130634721	0.502716795867162	0.737748002934846
Gains	=~	pgvalues	2	2	.p7.	0.976960085962711	0.0219129664384935	44.5836527293051	0	0.934011460948829	1.01990871097659	0.506026671067731	0.706323415805992
Gains	=~	pgprobsolve	2	2	.p8.	1.03237468113269	0.0216482299723063	47.6886416327508	0	0.98994493005793	1.07480443220745	0.534729238885329	0.770687482165275
SupportEnv	=~	SEacademic	2	2		1	0	NA	NA	1	1	0.567607840161566	0.803633558263087
SupportEnv	=~	SEwellness	2	2	.p10.	0.990601114241981	0.016871439356495	58.7146771126335	0	0.957533700735899	1.02366852774806	0.562272958916531	0.787424239711429
SupportEnv	=~	SEnonacad	2	2	.p11.	0.977184323754353	0.0175122762954197	55.7999603974918	0	0.942860892928016	1.01150775458069	0.554657483445948	0.735407716793558
SupportEnv	=~	SEactivities	2	2	.p12.	1.00826643602037	0.0183444622498627	54.9629867742741	0	0.972311950694889	1.04422092134586	0.572299934056924	0.726348169977676
SupportEnv	=~	SEdiverse	2	2	.p13.	1.00320102650555	0.0175540937982637	57.1491207711776	0	0.968795634879717	1.03760641813139	0.569424767902682	0.754891673700734
Satisf	=~	sameinst	2	2		1	0	NA	NA	1	1	0.5440429163812	0.848885805167055
Satisf	=~	evalexp	2	2	.p15.	1.04000026107733	0.0320537914694766	32.4454678650942	0	0.977175984229203	1.10282453792547	0.565804775073722	0.85988209761418
DevAdj	=~	Belong	2	2		1	0	NA	NA	1	1	0.3365282858479	0.3365282858479
DevAdj	=~	Gains	2	2	.p17.	0.506811820556263	0.0433185026730809	11.6996615598906	0	0.421909115452822	0.591714525659703	0.213830827524971	0.213830827524971
DevAdj	=~	SupportEnv	2	2	.p18.	0.820267708487804	0.0504728667449346	16.251656808658	0	0.721342707471243	0.919192709504365	0.3158111051732	0.3158111051732
DevAdj	=~	Satisf	2	2		1.07122218983551	0.0862391239347437	12.4215337651863	0	0.902196612865124	1.24024776680589	0.4302952662047	0.4302952662047
EmoDiss	=~	MHWdacad	2	2		1	0	NA	NA	1	1	0.994229063344929	0.901263459265476
EmoDiss	=~	MHWdlonely	2	2	.p21.	0.992347141253408	0.0100067859006557	99.1674200992329	0	0.972734201287119	1.0119600812197	0.986620368761393	0.923024600474374
EmoDiss	=~	MHWdmental	2	2	.p22.	1.00313558962728	0.00944575677774589	106.199599802386	0	0.984622246536177	1.02164893271839	0.997346557683098	0.937192712800691
EmoDiss	=~	MHWdexhaust	2	2	.p23.	1.00524717906789	0.00978882443080023	102.69335058303	0	0.986061435732539	1.02443292240325	0.999445961274803	0.93265380923766
EmoDiss	=~	MHWdsleep	2	2	.p24.	0.999521165815692	0.0101495379830563	98.4794743843807	0	0.97962843690918	1.0194138947222	0.993752992482367	0.91749565043021
EmoDiss	=~	MHWdfinancial	2	2	.p25.	0.991393836915748	0.011148294134138	88.9278507534105	0	0.969543581923778	1.01324409190772	0.985672565882679	0.869221861188477
QualEngag	=~	QIadmin	2	2		1	0	NA	NA	1	1	1.00157317497955	0.90003090405585
QualEngag	=~	QIstudent	2	2	.p27.	0.997852006071883	0.0101723706992475	98.0943415821155	0	0.977914525863967	1.0177894862798	0.999421801881129	0.91000961413992
QualEngag	=~	QIadvisor	2	2	.p28.	0.993738380222993	0.0102259952172715	97.1776691763547	0	0.973695797891062	1.01378096255492	0.995301704578978	0.918561332623959
QualEngag	=~	QIfaculty	2	2	.p29.	0.993890176427035	0.00982047953864349	101.20587009179	0	0.974642390220381	1.01313796263369	0.99545373958501	0.928629894952435
QualEngag	=~	QIstaff	2	2	.p30.	0.995336074781336	0.0100065679649996	99.4682770619027	0	0.975723561961084	1.01494858760159	0.996901912590425	0.915618902902786
sbvalued	~~	sbvalued	2	2		0.14574447639057	0.00703811812651968	20.7078758512739	0	0.131950018343653	0.159538934437487	0.14574447639057	0.256846407895185
sbmyself	~~	sbmyself	2	2		0.190875511114298	0.00787766685413376	24.2299547123063	0	0.175435567797991	0.206315454430605	0.190875511114298	0.319366158781912
sbcommunity	~~	sbcommunity	2	2		0.12014216908503	0.00664412812429403	18.0824582003069	0	0.107119917252744	0.133164420917316	0.12014216908503	0.217033809060626
pganalyze	~~	pganalyze	2	2		0.258828546115326	0.00867712198459262	29.8288472347064	0	0.241821699536064	0.275835392694588	0.258828546115326	0.491031816772127
pgthink	~~	pgthink	2	2		0.171943364487408	0.00638081481288661	26.9469291194839	0	0.159437197262131	0.184449531712686	0.171943364487408	0.385166955045598
pgwork	~~	pgwork	2	2		0.211610058721097	0.00739133069975079	28.6294941083115	0	0.19712331675176	0.226096800690434	0.211610058721097	0.455727884165647
pgvalues	~~	pgvalues	2	2		0.257199593641661	0.00856196404065861	30.0397890507697	0	0.240418452485043	0.273980734798279	0.257199593641661	0.501107232284156
pgprobsolve	~~	pgprobsolve	2	2		0.195470369363258	0.00716497423030768	27.2813778640574	0	0.181427277921697	0.209513460804818	0.195470369363258	0.406040804833749
SEacademic	~~	SEacademic	2	2		0.176683592544004	0.00658318649328541	26.8386126876725	0	0.163780784113654	0.189586400974354	0.176683592544004	0.354173104033409
SEwellness	~~	SEwellness	2	2		0.19373952031835	0.00716727355741352	27.0311323778	0	0.179691922278473	0.207787118358227	0.19373952031835	0.379963066714878
SEnonacad	~~	SEnonacad	2	2		0.261199346795759	0.00876418193870836	29.8030493458987	0	0.244021865841934	0.278376827749584	0.261199346795759	0.459175490080486
SEactivities	~~	SEactivities	2	2		0.2932813481183	0.0102697809807119	28.5577023180068	0	0.27315294726699	0.31340974896961	0.2932813481183	0.47241833597008
SEdiverse	~~	SEdiverse	2	2		0.244743865092226	0.00882282607369571	27.7398492328782	0	0.227451443745921	0.262036286438531	0.244743865092226	0.430138560977304
sameinst	~~	sameinst	2	2		0.114758041202577	0.0100182880090957	11.4548554701549	0	0.095122557518	0.134393524887154	0.114758041202577	0.27939288978588
evalexp	~~	evalexp	2	2		0.112832560463695	0.0108112789955912	10.4365598658315	0	0.0916428430055219	0.134022277921868	0.112832560463695	0.260602778202639
MHWdacad	~~	MHWdacad	2	2		0.228449173273761	0.00833613612556338	27.4046836367277	0	0.212110646697434	0.244787699850089	0.228449173273761	0.187724176992827
MHWdlonely	~~	MHWdlonely	2	2		0.169126006490655	0.00659946016576651	25.6272486298144	0	0.156191302248345	0.182060710732964	0.169126006490655	0.148025586919122
MHWdmental	~~	MHWdmental	2	2		0.137789854721691	0.00579179243940272	23.7905374136475	0	0.126438150134531	0.149141559308852	0.137789854721691	0.121669819073283
MHWdexhaust	~~	MHWdexhaust	2	2		0.149466822239932	0.00615027232158708	24.302472219858	0	0.137412509994508	0.161521134485356	0.149466822239932	0.130156872114483
MHWdsleep	~~	MHWdsleep	2	2		0.185592363758148	0.00714527026356885	25.9741558978415	0	0.171587891381748	0.199596836134548	0.185592363758148	0.158201731441646
MHWdfinancial	~~	MHWdfinancial	2	2		0.314340298476938	0.0106681265087811	29.4653703457867	0	0.29343115473721	0.335249442216666	0.314340298476938	0.244453356032039
QIadmin	~~	QIadmin	2	2		0.235221467086695	0.00909594094257284	25.8600477478651	0	0.217393750433749	0.253049183739641	0.235221467086695	0.18994437174441
QIstudent	~~	QIstudent	2	2		0.207318159327774	0.00774108794049398	26.7815274702259	0	0.192145905763249	0.2224904128923	0.207318159327774	0.171882502172914
QIadvisor	~~	QIadvisor	2	2		0.183442314930846	0.00726408378057656	25.2533313865889	0	0.169204972340234	0.197679657521457	0.183442314930846	0.156245078208096
QIfaculty	~~	QIfaculty	2	2		0.158169256795876	0.00623683994684249	25.3604803304198	0	0.145945275122724	0.170393238469028	0.158169256795876	0.137646518200629
QIstaff	~~	QIstaff	2	2		0.191615060142213	0.0071478519251837	26.8073628480054	0	0.177605527802028	0.205624592482398	0.191615060142213	0.161642024647098
Belong	~~	Belong	2	2		0.373936411560907	0.0139696217938083	26.76782643655	0	0.346556455967397	0.401316367154417	0.886748712824274	0.886748712824274
Gains	~~	Gains	2	2		0.256016140935175	0.0112066097653769	22.8451018010946	0	0.234051589406241	0.277980692464108	0.954276377199986	0.954276377199986
SupportEnv	~~	SupportEnv	2	2		0.290045638604484	0.011231591253489	25.824091356101	0	0.26803212425857	0.312059152950397	0.900263345849282	0.900263345849282
Satisf	~~	Satisf	2	2		0.241180310208908	0.0131050458268744	18.4036220395599	0	0.215494892372487	0.266865728045328	0.814845983881826	0.814845983881826
DevAdj	~~	DevAdj	2	2		0.0477573627327462	0.00706152340578013	6.76303964292675	1.35125244327128e-11	0.0339170311814305	0.0615976942840619	1	1
EmoDiss	~~	EmoDiss	2	2		0.988491430399735	0.0332461940151588	29.7324689240827	0	0.923330087506992	1.05365277329248	1	1
QualEngag	~~	QualEngag	2	2		1.00314882483862	0.0338055412676415	29.6740944597395	0	0.936891181476156	1.06940646820108	1	1
DevAdj	~~	EmoDiss	2	2		-0.164316716782368	0.0135248432288187	-12.1492511227223	0	-0.190824922407403	-0.137808511157333	-0.756266958452519	-0.756266958452519
DevAdj	~~	QualEngag	2	2		0.146530062415173	0.0108475907077991	13.5080744067732	0	0.125269175308855	0.16779094952149	0.669458842367089	0.669458842367089
EmoDiss	~~	QualEngag	2	2		-0.19214986435641	0.0233336122842568	-8.23489573819883	2.22044604925031e-16	-0.237882904062775	-0.146416824650045	-0.192961623102081	-0.192961623102081
sbvalued	~1		2	2		2.61074559413429	0.0159803234725671	163.372512365977	0	2.57942473566676	2.64206645260182	2.61074559413429	3.46581398461007
sbmyself	~1		2	2		2.60140042142247	0.016194230134425	160.637486303997	0	2.56966031360164	2.6331405292433	2.60140042142247	3.3649339751746
sbcommunity	~1		2	2		2.59145115614242	0.0158198777991077	163.809808713477	0	2.56044476541635	2.6224575468685	2.59145115614242	3.48304423152911
pganalyze	~1		2	2		2.94464610989985	0.0154308620742744	190.82836044585	0	2.91440217598386	2.97489004381583	2.94464610989985	4.05584956901584
pgthink	~1		2	2		2.93571883816885	0.0142415685771502	206.137324148341	0	2.90780587667428	2.96363179966342	2.93571883816885	4.39386045026889
pgwork	~1		2	2		2.92806156502214	0.0145568589335763	201.146523325055	0	2.8995306457843	2.95659248425998	2.92806156502214	4.29699502746705
pgvalues	~1		2	2		2.93337657763706	0.0150742511447471	194.595177529548	0	2.90383158829944	2.96292156697467	2.93337657763706	4.0944730438617
pgprobsolve	~1		2	2		2.9241034991897	0.014660061524049	199.46052029815	0	2.89537030659142	2.95283669178798	2.9241034991897	4.21441320111626
SEacademic	~1		2	2		2.66710249251054	0.0149048131284036	178.942363754158	0	2.63788959558257	2.69631538943851	2.66710249251054	3.77615126968383
SEwellness	~1		2	2		2.65086090289152	0.0150985489120076	175.570574254545	0	2.62126829080517	2.68045351497787	2.65086090289152	3.7123466422115
SEnonacad	~1		2	2		2.6596222596314	0.0160246507894719	165.970684451904	0	2.62821452121921	2.6910299980436	2.6596222596314	3.5263325419091
SEactivities	~1		2	2		2.64429109970833	0.0171256899724849	154.404938075885	0	2.61072536415186	2.6778568352648	2.64429109970833	3.35606538960453
SEdiverse	~1		2	2		2.66760124108883	0.016047216735845	166.234511878322	0	2.63614927423447	2.6990532079432	2.66760124108883	3.5364636018008
sameinst	~1		2	2		2.83108759916578	0.0136438152001616	207.499702805432	0	2.80434621276175	2.85782898556982	2.83108759916578	4.4174273825714
evalexp	~1		2	2		2.83156096851284	0.0139219890479609	203.387673899052	0	2.80427437138567	2.85884756564	2.83156096851284	4.30326623668032
MHWdacad	~1		2	2		4.09082889671138	0.0237486651387913	172.255108773645	0	4.04428236835845	4.13737542506432	4.09082889671138	3.70831505398688
MHWdlonely	~1		2	2		4.09750148132592	0.0231213234694046	177.217428178277	0	4.05218452005099	4.14281844260086	4.09750148132592	3.83338393113865
MHWdmental	~1		2	2		4.10629630612411	0.0227345988393127	180.618815187691	0	4.06173731119609	4.15085530105212	4.10629630612411	3.85862962583435
MHWdexhaust	~1		2	2		4.09773752314649	0.0229728722673484	178.372885874207	0	4.05271152088105	4.14276352541193	4.09773752314649	3.82388909285696
MHWdsleep	~1		2	2		4.09970827597654	0.0230588675859171	177.793131458042	0	4.05451372598386	4.14490282596921	4.09970827597654	3.78511012263236
MHWdfinancial	~1		2	2		4.11158628043676	0.0246702105153679	166.661986036784	0	4.06323355633562	4.1599390045379	4.11158628043676	3.62582951258038
QIadmin	~1		2	2		4.66065055277879	0.0239664617999704	194.46552401759	0	4.61367715081399	4.70762395474359	4.66065055277879	4.18814085210652
QIstudent	~1		2	2		4.63973537381554	0.0236252707131074	196.388664924013	0	4.59343069409284	4.68604005353824	4.63973537381554	4.22464647988479
QIadvisor	~1		2	2		4.64542721285049	0.0232421939599548	199.87042621081	0	4.59987334976729	4.6909810759337	4.64542721285049	4.28725259045807
QIfaculty	~1		2	2		4.63269587511171	0.0228657764217143	202.603917298531	0	4.5878797768466	4.67751197337681	4.63269587511171	4.32170749154554
QIstaff	~1		2	2		4.64013498622765	0.0231657402382979	200.301606531723	0	4.59473096968538	4.68553900276993	4.64013498622765	4.26179873039939
Belong	~1		2	2		0	0	NA	NA	0	0	0	0
Gains	~1		2	2		0	0	NA	NA	0	0	0	0
SupportEnv	~1		2	2		0	0	NA	NA	0	0	0	0
Satisf	~1		2	2		0	0	NA	NA	0	0	0	0
DevAdj	~1		2	2		0	0	NA	NA	0	0	0	0
EmoDiss	~1		2	2		0	0	NA	NA	0	0	0	0
QualEngag	~1		2	2		0	0	NA	NA	0	0	0	0
Belong	=~	sbvalued	3	3		1	0	NA	NA	1	1	0.631388246001937	0.859149197705859
Belong	=~	sbmyself	3	3	.p2.	0.982174905355113	0.0142016178046046	69.1593675360467	0	0.954340245935885	1.01000956477434	0.620133690759283	0.825673214479313
Belong	=~	sbcommunity	3	3	.p3.	1.01381088074617	0.013469191125215	75.2688763060366	0	0.987411751239862	1.04021001025248	0.640108273772003	0.894774156466126
Gains	=~	pganalyze	3	3		1	0	NA	NA	1	1	0.468106006269426	0.695138403240392
Gains	=~	pgthink	3	3	.p5.	1.01146349649934	0.0215600248690682	46.9138371890501	0	0.969206624250176	1.0537203687485	0.473472137833614	0.757197895318272
Gains	=~	pgwork	3	3	.p6.	0.970569877411744	0.0213786729072481	45.3989768973306	0	0.928668448476276	1.01247130634721	0.454329589120618	0.703605036213502
Gains	=~	pgvalues	3	3	.p7.	0.97696008596271	0.0219129664384935	44.5836527293051	0	0.934011460948828	1.01990871097659	0.457320884124639	0.675561897900113
Gains	=~	pgprobsolve	3	3	.p8.	1.03237468113269	0.0216482299723063	47.6886416327508	0	0.98994493005793	1.07480443220745	0.483260788958696	0.74432814800975
SupportEnv	=~	SEacademic	3	3		1	0	NA	NA	1	1	0.567117288993844	0.801270163700558
SupportEnv	=~	SEwellness	3	3	.p10.	0.990601114241981	0.016871439356495	58.7146771126335	0	0.957533700735899	1.02366852774806	0.561787018383193	0.804691733176717
SupportEnv	=~	SEnonacad	3	3	.p11.	0.977184323754352	0.0175122762954197	55.7999603974918	0	0.942860892928015	1.01150775458069	0.554178124534851	0.748635503681728
SupportEnv	=~	SEactivities	3	3	.p12.	1.00826643602037	0.0183444622498627	54.9629867742741	0	0.972311950694888	1.04422092134586	0.571805327779359	0.736382115702025
SupportEnv	=~	SEdiverse	3	3	.p13.	1.00320102650555	0.0175540937982637	57.1491207711775	0	0.968795634879717	1.03760641813139	0.56893264646767	0.778877699803829
Satisf	=~	sameinst	3	3		1	0	NA	NA	1	1	0.544280976678923	0.858869075907913
Satisf	=~	evalexp	3	3	.p15.	1.04000026107733	0.0320537914694766	32.4454678650942	0	0.977175984229203	1.10282453792547	0.566052357845506	0.890453286046996
DevAdj	=~	Belong	3	3		1	0	NA	NA	1	1	0.342689613332735	0.342689613332735
DevAdj	=~	Gains	3	3	.p17.	0.506811820556263	0.0433185026730809	11.6996615598906	0	0.421909115452822	0.591714525659703	0.234260980223297	0.234260980223297
DevAdj	=~	SupportEnv	3	3	.p18.	0.820267708487804	0.0504728667449347	16.251656808658	0	0.721342707471242	0.919192709504365	0.312953751486197	0.312953751486197
DevAdj	=~	Satisf	3	3		1.04670021176114	0.125437525542514	8.34439460786704	0	0.800847179387988	1.29255324413429	0.416098922178712	0.416098922178712
EmoDiss	=~	MHWdacad	3	3		1	0	NA	NA	1	1	0.85021419434103	0.881231910337936
EmoDiss	=~	MHWdlonely	3	3	.p21.	0.992347141253408	0.0100067859006557	99.1674200992328	0	0.972734201287119	1.0119600812197	0.84370762520739	0.905481181404973
EmoDiss	=~	MHWdmental	3	3	.p22.	1.00313558962728	0.00944575677774589	106.199599802385	0	0.984622246536176	1.02164893271839	0.852880117149775	0.921553888019874
EmoDiss	=~	MHWdexhaust	3	3	.p23.	1.00524717906789	0.00978882443080023	102.69335058303	0	0.986061435732539	1.02443292240325	0.854675420464801	0.901008693492663
EmoDiss	=~	MHWdsleep	3	3	.p24.	0.999521165815692	0.0101495379830563	98.4794743843807	0	0.97962843690918	1.0194138947222	0.849807082720795	0.892888950310885
EmoDiss	=~	MHWdfinancial	3	3	.p25.	0.991393836915748	0.011148294134138	88.9278507534104	0	0.969543581923778	1.01324409190772	0.842897112327984	0.806427647912746
QualEngag	=~	QIadmin	3	3		1	0	NA	NA	1	1	0.898473082116587	0.88038962700943
QualEngag	=~	QIstudent	3	3	.p27.	0.997852006071883	0.0101723706992474	98.0943415821155	0	0.977914525863967	1.0177894862798	0.896543167391624	0.893302632696606
QualEngag	=~	QIadvisor	3	3	.p28.	0.993738380222992	0.0102259952172715	97.1776691763545	0	0.973695797891062	1.01378096255492	0.892847185296497	0.905753835955267
QualEngag	=~	QIfaculty	3	3	.p29.	0.993890176427035	0.00982047953864349	101.20587009179	0	0.974642390220381	1.01313796263369	0.892983570099797	0.919808445233319
QualEngag	=~	QIstaff	3	3	.p30.	0.995336074781335	0.0100065679649996	99.4682770619027	0	0.975723561961084	1.01494858760159	0.894282670850612	0.90570201035401
sbvalued	~~	sbvalued	3	3		0.141426038469793	0.00910745287869222	15.5286050176195	0	0.123575758836661	0.159276318102926	0.141426038469793	0.261862656081379
sbmyself	~~	sbmyself	3	3		0.179531817241956	0.0099821319169812	17.985318039781	0	0.159967198195745	0.199096436288167	0.179531817241956	0.318263742891399
sbcommunity	~~	sbcommunity	3	3		0.102037517975142	0.00767727269968121	13.2908549645995	0	0.0869903399842745	0.11708469596601	0.102037517975142	0.199379208920333
pganalyze	~~	pganalyze	3	3		0.234343950112375	0.0112308273653739	20.8661341224857	0	0.212331932959655	0.256355967265095	0.234343950112375	0.516782600340398
pgthink	~~	pgthink	3	3		0.166818103651243	0.00838700749327887	19.8900625503108	0	0.150379871026348	0.183256336276137	0.166818103651243	0.426651347325579
pgwork	~~	pgwork	3	3		0.210534804145091	0.00968723111850087	21.733228160832	0	0.191548180042914	0.229521428247268	0.210534804145091	0.504939953014997
pgvalues	~~	pgvalues	3	3		0.249117423075044	0.01099564469206	22.6560088154662	0	0.227566355491808	0.270668490658281	0.249117423075044	0.543616122105597
pgprobsolve	~~	pgprobsolve	3	3		0.187994584012306	0.0091730896789064	20.4941399891251	0	0.170015658614693	0.205973509409919	0.187994584012306	0.445975608080375
SEacademic	~~	SEacademic	3	3		0.17932042590092	0.00850779238326568	21.0771981523236	0	0.162645459241775	0.195995392560065	0.17932042590092	0.357966124763281
SEwellness	~~	SEwellness	3	3		0.171793993138943	0.00840990395409223	20.4275808709264	0	0.155310884275481	0.188277102002404	0.171793993138943	0.35247121455705
SEnonacad	~~	SEnonacad	3	3		0.240858039133608	0.0119252586492766	20.1973010579707	0	0.217484961674702	0.264231116592515	0.240858039133608	0.439544882627205
SEactivities	~~	SEactivities	3	3		0.276000649876721	0.0123641328487042	22.3226855659067	0	0.251767394793192	0.30023390496025	0.276000649876721	0.457741379674209
SEdiverse	~~	SEdiverse	3	3		0.209875529674172	0.00986805350688998	21.2681791325549	0	0.190534500203154	0.229216559145191	0.209875529674172	0.393349528748297
sameinst	~~	sameinst	3	3		0.105356992936898	0.0121517146262653	8.67013390103606	0	0.0815400699190097	0.129173915954787	0.105356992936898	0.262343910449088
evalexp	~~	evalexp	3	3		0.0836866591046299	0.0123274615520473	6.78863679690254	1.13198339590781e-11	0.0595252784418149	0.107848039767445	0.0836866591046299	0.207092945368107
MHWdacad	~~	MHWdacad	3	3		0.207978470658614	0.0102038219791121	20.3824087762762	0	0.187979347074896	0.227977594242332	0.207978470658614	0.223430320202152
MHWdlonely	~~	MHWdlonely	3	3		0.156368056882229	0.00862339029025536	18.1330140025006	0	0.139466522488696	0.173269591275761	0.156368056882229	0.180103830121455
MHWdmental	~~	MHWdmental	3	3		0.129109589521202	0.00747556107330419	17.2708895366079	0	0.114457759053297	0.143761419989108	0.129109589521202	0.150738431475453
MHWdexhaust	~~	MHWdexhaust	3	3		0.169326770390934	0.00904550357627261	18.7194409866906	0	0.151597909159412	0.187055631622457	0.169326770390934	0.188183334250644
MHWdsleep	~~	MHWdsleep	3	3		0.183656036381247	0.00952720271561164	19.2770157058064	0	0.164983062185236	0.202329010577258	0.183656036381247	0.202749322412726
MHWdfinancial	~~	MHWdfinancial	3	3		0.382016580675808	0.01615459392073	23.6475508174548	0	0.350354158406308	0.413679002945309	0.382016580675808	0.349674448681916
QIadmin	~~	QIadmin	3	3		0.234248596934796	0.0109479531816783	21.3965654627403	0	0.212791002994276	0.255706190875316	0.234248596934796	0.224914104654196
QIstudent	~~	QIstudent	3	3		0.203478686160372	0.0100988866675082	20.1486255722659	0	0.183685232008104	0.22327214031264	0.203478686160372	0.202010406417313
QIadvisor	~~	QIadvisor	3	3		0.174527709538633	0.00926885542762806	18.8294780193044	0	0.156361086722573	0.192694332354692	0.174527709538633	0.179609988652319
QIfaculty	~~	QIfaculty	3	3		0.145103765573032	0.00837753017737143	17.3205900188784	0	0.128684108145986	0.161523423000077	0.145103765573032	0.153952424077465
QIstaff	~~	QIstaff	3	3		0.175200924329383	0.00938020033866714	18.6777380017321	0	0.156816069497825	0.193585779160941	0.175200924329383	0.179703868440705
Belong	~~	Belong	3	3		0.351835056387467	0.0168363327291294	20.8973689251662	0	0.318836450606641	0.384833662168294	0.882563828913861	0.882563828913861
Gains	~~	Gains	3	3		0.207098142992372	0.010952395505547	18.908935756336	0	0.185631842257061	0.228564443727682	0.94512179314482	0.94512179314482
SupportEnv	~~	SupportEnv	3	3		0.290122342624079	0.0148158272626441	19.5819198942457	0	0.26108385478813	0.319160830460028	0.902059949430715	0.902059949430715
Satisf	~~	Satisf	3	3		0.244950979261286	0.0149717004655096	16.3609324021398	0	0.215606985561566	0.274294972961007	0.826861686961714	0.826861686961714
DevAdj	~~	DevAdj	3	3		0.0468160608019352	0.00888352276645191	5.26998827297806	1.36432475095205e-07	0.0294046761238478	0.0642274454800226	1	1
EmoDiss	~~	EmoDiss	3	3		0.722864176258966	0.0315881425341135	22.8840355357493	0	0.660952554553586	0.784775797964346	1	1
QualEngag	~~	QualEngag	3	3		0.80725387928808	0.0338005796280757	23.8828413054063	0	0.741005960560473	0.873501798015686	1	1
DevAdj	~~	EmoDiss	3	3		-0.119044637173116	0.0128078925596012	-9.29463115177962	0	-0.144147645307792	-0.0939416290384387	-0.647118849399231	-0.647118849399231
DevAdj	~~	QualEngag	3	3		0.120325556112725	0.0131165169661337	9.17359055177537	0	0.0946176552564947	0.146033456968956	0.618949723054126	0.618949723054126
EmoDiss	~~	QualEngag	3	3		-0.0520348727979559	0.0228331239068137	-2.27892044077368	0.0226717950894932	-0.0967869733098512	-0.00728277228606065	-0.0681178725463527	-0.0681178725463527
sbvalued	~1		3	3		3.06229898578508	0.0210462171085306	145.503534910502	0	3.02104915824155	3.10354881332862	3.06229898578508	4.1669634071152
sbmyself	~1		3	3		3.0546410846511	0.0212473851966647	143.765506031801	0	3.01299697489999	3.09628519440221	3.0546410846511	4.06708321290588
sbcommunity	~1		3	3		3.04470748378156	0.020232327433851	150.487258262113	0	3.0050528506878	3.08436211687533	3.04470748378156	4.25603867675848
pganalyze	~1		3	3		3.13062469792862	0.0191339419365682	163.616295497661	0	3.09312286085067	3.16812653500657	3.13062469792862	4.64898425680631
pgthink	~1		3	3		3.11858307637273	0.0174391115039187	178.826947443507	0	3.08440304590267	3.15276310684279	3.11858307637273	4.98737803793312
pgwork	~1		3	3		3.09774627109404	0.0182170047238913	170.046959862254	0	3.06204159792902	3.13345094425906	3.09774627109404	4.79737602270653
pgvalues	~1		3	3		3.12709986822202	0.0191694009306691	163.129764958851	0	3.0895285327927	3.16467120365134	3.12709986822202	4.61940312641288
pgprobsolve	~1		3	3		3.10609740252343	0.0187486429107621	165.670519050767	0	3.06935073765933	3.14284406738753	3.10609740252343	4.78407472731202
SEacademic	~1		3	3		3.04834987428483	0.0198193856897809	153.806476244952	0	3.00950459213715	3.08719515643251	3.04834987428483	4.30696057092221
SEwellness	~1		3	3		3.05423577757494	0.0197462216590736	154.674440017313	0	3.01553389429241	3.09293766085747	3.05423577757494	4.37482213181137
SEnonacad	~1		3	3		3.05562089860417	0.0208581127757694	146.495559375527	0	3.01473974877819	3.09650204843015	3.05562089860417	4.12781773442789
SEactivities	~1		3	3		3.04320226924839	0.0217321400822548	140.03233265247	0	3.00060805738019	3.08579648111659	3.04320226924839	3.91909556743943
SEdiverse	~1		3	3		3.06372801390091	0.0208030500566544	147.273020329098	0	3.02295478502128	3.10450124278054	3.06372801390091	4.19429161449482
sameinst	~1		3	3		3.17518388916974	0.0181951066387439	174.507572404585	0	3.13952213546294	3.21084564287655	3.17518388916974	5.01040339379275
evalexp	~1		3	3		3.17631346791182	0.0180452348770583	176.01951371384	0	3.14094545746022	3.21168147836342	3.17631346791182	4.99663807740796
MHWdacad	~1		3	3		3.26241160012653	0.0275976337161904	118.21345386625	0	3.20832123198427	3.31650196826879	3.26241160012653	3.38143167430462
MHWdlonely	~1		3	3		3.26889814558495	0.0267365300302125	122.263365586001	0	3.21649550965416	3.32130078151574	3.26889814558495	3.5082363443488
MHWdmental	~1		3	3		3.26618958573872	0.0269095087819981	121.376782170165	0	3.21344791768434	3.3189312537931	3.26618958573872	3.52918264973336
MHWdexhaust	~1		3	3		3.27540420826901	0.0272644849656255	120.134461090997	0	3.22196679967935	3.32884161685867	3.27540420826901	3.45296892327603
MHWdsleep	~1		3	3		3.25622871902738	0.027700635151173	117.550687962817	0	3.2019364717822	3.31052096627257	3.25622871902738	3.42130667303436
MHWdfinancial	~1		3	3		3.27400887604033	0.0294982587647282	110.989902900816	0	3.21619335125482	3.33182440082584	3.27400887604033	3.13235297468109
QIadmin	~1		3	3		5.33396872640686	0.0288976306099715	184.581524983792	0	5.27733041117278	5.39060704164095	5.33396872640686	5.22661260642191
QIstudent	~1		3	3		5.31852989196256	0.0286791797989245	185.449163095034	0	5.26231973245052	5.3747400514746	5.31852989196256	5.29930618777491
QIadvisor	~1		3	3		5.33080475306743	0.0280534229995856	190.023326320862	0	5.27582105434517	5.38578845178968	5.33080475306743	5.4078647873163
QIfaculty	~1		3	3		5.33153641156819	0.0280040058385978	190.384777174262	0	5.27664956870169	5.38642325443469	5.33153641156819	5.49169366787041
QIstaff	~1		3	3		5.32195336637993	0.0282849003307615	188.155280879388	0	5.26651598042533	5.37739075233453	5.32195336637993	5.38991084145226
Belong	~1		3	3		0	0	NA	NA	0	0	0	0
Gains	~1		3	3		0	0	NA	NA	0	0	0	0
SupportEnv	~1		3	3		0	0	NA	NA	0	0	0	0
Satisf	~1		3	3		0	0	NA	NA	0	0	0	0
DevAdj	~1		3	3		0	0	NA	NA	0	0	0	0
EmoDiss	~1		3	3		0	0	NA	NA	0	0	0	0
QualEngag	~1		3	3		0	0	NA	NA	0	0	0	0
