lhs	op	rhs	block	group	label	est	se	z	pvalue	ci.lower	ci.upper	std.lv	std.all
Belong	=~	sbvalued	1	1		1	0	NA	NA	1	1	0.656902702299887	0.858203847887182
Belong	=~	sbmyself	1	1	.p2.	0.985505902136289	0.0131703523908641	74.8276031566102	0	0.959692485786495	1.01131931848608	0.647381490245816	0.817417974275896
Belong	=~	sbcommunity	1	1	.p3.	1.01216101439178	0.012285876785616	82.3841091729647	0	0.988081138373479	1.03624089041009	0.664891305516558	0.891852422618665
Gains	=~	pganalyze	1	1		1	0	NA	NA	1	1	0.512078463781237	0.715249868095506
Gains	=~	pgthink	1	1	.p5.	1.01305749666104	0.0206163881854278	49.1384566272907	0	0.9726501183263	1.05346487499577	0.518764926612249	0.781452504543074
Gains	=~	pgwork	1	1	.p6.	0.962527160025816	0.0201565191509683	47.7526478067308	0	0.923021108436226	1.00203321161541	0.492889429453737	0.716085622760188
Gains	=~	pgvalues	1	1	.p7.	0.980957754678712	0.0207821718120287	47.2018884047015	0	0.940225446406612	1.02169006295081	0.502327340050167	0.679856592777125
Gains	=~	pgprobsolve	1	1	.p8.	1.02492260548946	0.0206455589102984	49.6437325791267	0	0.984458053584575	1.06538715739434	0.524840793313706	0.763044965025877
SupportEnv	=~	SEacademic	1	1		1	0	NA	NA	1	1	0.610981998877406	0.827914915385783
SupportEnv	=~	SEwellness	1	1	.p10.	0.992131065006122	0.015624116175609	63.4999800215868	0	0.961508360011659	1.02275377000059	0.60617422124581	0.817606254857647
SupportEnv	=~	SEnonacad	1	1	.p11.	0.988386045131009	0.0161580834233795	61.1697575283521	0	0.956716783561992	1.02005530670003	0.603886081516677	0.766856574829809
SupportEnv	=~	SEactivities	1	1	.p12.	1.010288650256	0.0168028912528056	60.1258816150053	0	0.977355588564356	1.04322171194764	0.617268178976566	0.754206609588273
SupportEnv	=~	SEdiverse	1	1	.p13.	1.00506587736791	0.0161442786086181	62.2552361572467	0	0.973423672738636	1.03670808199718	0.614077158757718	0.784157191861685
Satisf	=~	sameinst	1	1		1	0	NA	NA	1	1	0.575667848292717	0.859001051694583
Satisf	=~	evalexp	1	1	.p15.	1.0154843193307	0.023382750383153	43.4287798779372	0	0.969654970720233	1.06131366794117	0.5845816730841	0.854670725122092
DevAdj	=~	Belong	1	1		1	0	NA	NA	1	1	0.49350174535428	0.49350174535428
DevAdj	=~	Gains	1	1	.p17.	0.508777251576375	0.0434315510098607	11.7144619463593	0	0.423652975804334	0.593901527348416	0.322092724501147	0.322092724501147
DevAdj	=~	SupportEnv	1	1	.p18.	0.8179406026772	0.0501589472856306	16.3069730714129	0	0.71963087249492	0.916250332859479	0.433993368608657	0.433993368608657
DevAdj	=~	Satisf	1	1	.p19.	1.01490980243505	0.0561962725450423	18.0600911140784	0	0.904767132181366	1.12505247268873	0.571538136195329	0.571538136195329
EmoDiss	=~	MHWdacad	1	1		1	0	NA	NA	1	1	0.968750411503059	0.897301826490373
EmoDiss	=~	MHWdlonely	1	1	.p21.	0.99267922961885	0.00938538042633554	105.768672608451	0	0.974284222002026	1.01107423723568	0.961658412183801	0.922199700712646
EmoDiss	=~	MHWdmental	1	1	.p22.	1.00404640389844	0.00877501696864786	114.421021347968	0	0.986847686676161	1.02124512112072	0.972670366944779	0.944976217945145
EmoDiss	=~	MHWdexhaust	1	1	.p23.	1.00300961353818	0.00911348172279679	110.057785163404	0	0.985147517587735	1.02087170948863	0.971665975856637	0.935264846362389
EmoDiss	=~	MHWdsleep	1	1	.p24.	1.00113137208829	0.00947926189563935	105.612798033234	0	0.982552360172817	1.01971038400377	0.969846428679156	0.915438341458412
EmoDiss	=~	MHWdfinancial	1	1	.p25.	0.992802126001341	0.0105251144977983	94.3269668191281	0	0.972173280652496	1.01343097135019	0.961777468104911	0.855019322448483
QualEngag	=~	QIadmin	1	1		1	0	NA	NA	1	1	0.952344271912976	0.881058798611734
QualEngag	=~	QIstudent	1	1	.p27.	0.995962986049114	0.00962880115875356	103.435824421785	0	0.97709088256366	1.01483508953457	0.948499644801217	0.897808306523295
QualEngag	=~	QIadvisor	1	1	.p28.	0.994695535954275	0.009533271297991	104.339371540165	0	0.976010667555363	1.01338040435319	0.947292595963462	0.90810439405714
QualEngag	=~	QIfaculty	1	1	.p29.	0.995609966626252	0.00930188005201765	107.033197703973	0	0.977378616735786	1.01384131651672	0.94816344877598	0.925286013770268
QualEngag	=~	QIstaff	1	1	.p30.	0.994816321855281	0.00945425917009765	105.224143315399	0	0.976286314381382	1.01334632932918	0.947407625724413	0.910365951506362
sbvalued	~~	sbvalued	1	1		0.154375715234502	0.00989231047839739	15.6056277824705	0	0.134987142972955	0.173764287496049	0.154375715234502	0.263486155471634
sbmyself	~~	sbmyself	1	1		0.20813495799955	0.0112640778120189	18.4777628025144	0	0.186057771168937	0.230212144830164	0.20813495799955	0.331827855330691
sbcommunity	~~	sbcommunity	1	1		0.113715421585746	0.00820696407216929	13.8559667845224	0	0.0976300675818801	0.129800775589612	0.113715421585746	0.204599256269218
pganalyze	~~	pganalyze	1	1		0.250350681750012	0.0113717035884603	22.0152310339905	0	0.228062552273765	0.27263881122626	0.250350681750012	0.488417626189361
pgthink	~~	pgthink	1	1		0.171575834209398	0.00843742752875048	20.3350883459152	0	0.15503878013088	0.188112888287915	0.171575834209398	0.389331983143357
pgwork	~~	pgwork	1	1		0.230831693875908	0.0102702838410478	22.4756878630102	0	0.210702307436451	0.250961080315366	0.230831693875908	0.487221380876154
pgvalues	~~	pgvalues	1	1		0.29359981404979	0.0126627361150714	23.1861274989647	0	0.268781307318516	0.318418320781065	0.29359981404979	0.537795013257478
pgprobsolve	~~	pgprobsolve	1	1		0.197644273006771	0.00988112418711757	20.0022051402256	0	0.178277625473253	0.217010920540289	0.197644273006771	0.417762381348658
SEacademic	~~	SEacademic	1	1		0.171310752511881	0.00903865689810393	18.9531204075041	0	0.153595310522983	0.189026194500779	0.171310752511881	0.314556892881751
SEwellness	~~	SEwellness	1	1		0.182228485332805	0.00913959420010869	19.9383562708548	0	0.164315209867281	0.200141760798329	0.182228485332805	0.331520012017652
SEnonacad	~~	SEnonacad	1	1		0.255450183260509	0.0118821216872192	21.4987011566529	0	0.232161652693637	0.27873871382738	0.255450183260509	0.411930993640294
SEactivities	~~	SEactivities	1	1		0.288813874792882	0.0136099498978314	21.2207889787236	0	0.262138863161738	0.315488886424027	0.288813874792882	0.431172390053363
SEdiverse	~~	SEdiverse	1	1		0.236162166861896	0.0103643056993363	22.7861058630313	0	0.215848500966433	0.256475832757358	0.236162166861896	0.385097498451597
sameinst	~~	sameinst	1	1		0.117720491389025	0.0113831521247245	10.3416426398566	0	0.0954099231940248	0.140031059584026	0.117720491389025	0.2621171931876
evalexp	~~	evalexp	1	1		0.126099295013229	0.0120127288772558	10.497139850711	0	0.102554779057763	0.149643810968694	0.126099295013229	0.269537951619277
MHWdacad	~~	MHWdacad	1	1		0.227115011742475	0.01169903504109	19.4131405662766	0	0.204185324408067	0.250044699076883	0.227115011742475	0.19484943217704
MHWdlonely	~~	MHWdlonely	1	1		0.162619075987907	0.0088788867198402	18.3152551799685	0	0.145216777794209	0.180021374181604	0.162619075987907	0.149547712005506
MHWdmental	~~	MHWdmental	1	1		0.113384671461958	0.00697176319381957	16.2634140474641	0	0.09972026669333	0.127049076230587	0.113384671461958	0.107019947518089
MHWdexhaust	~~	MHWdexhaust	1	1		0.135221378910546	0.00797551056144811	16.9545733616325	0	0.119589665451789	0.150853092369304	0.135221378910546	0.125279667158736
MHWdsleep	~~	MHWdsleep	1	1		0.181798131156696	0.00929573245876954	19.5571604457257	0	0.163578830327588	0.200017431985804	0.181798131156696	0.161972642987871
MHWdfinancial	~~	MHWdfinancial	1	1		0.340295260898159	0.0155183763223866	21.92853516558	0	0.309879802207742	0.370710719588576	0.340295260898159	0.268941958239738
QIadmin	~~	QIadmin	1	1		0.261404376684639	0.0127327065464828	20.5301501083324	0	0.236448730427815	0.286360022941463	0.261404376684639	0.223735393388848
QIstudent	~~	QIstudent	1	1		0.216458700146703	0.0103029028290604	21.0094867182633	0	0.196265381665528	0.236652018627877	0.216458700146703	0.193940244737773
QIadvisor	~~	QIadvisor	1	1		0.19080669493173	0.00963289209687902	19.8078306092051	0	0.171926573354887	0.209686816508574	0.19080669493173	0.175346409494114
QIfaculty	~~	QIfaculty	1	1		0.151046820415132	0.0082267637041191	18.3604180024648	0	0.134922659845738	0.167170980984527	0.151046820415132	0.143845792721128
QIstaff	~~	QIstaff	1	1		0.185451914499943	0.0102161600283557	18.1528004636975	0	0.165428608784068	0.205475220215818	0.185451914499943	0.171233834337917
Belong	~~	Belong	1	1		0.326426782621953	0.0162836851485002	20.046247495274	0	0.294511346195302	0.358342219048603	0.756456027332279	0.756456027332279
Gains	~~	Gains	1	1		0.235020222373652	0.0130926286008113	17.9505758193651	0	0.209359141853103	0.260681302894202	0.896256276823428	0.896256276823428
SupportEnv	~~	SupportEnv	1	1		0.302988044662606	0.0149888276978339	20.2142589647882	0	0.273610482204375	0.332365607120837	0.811649756003711	0.811649756003711
Satisf	~~	Satisf	1	1		0.223141858362656	0.0138463200330316	16.1156074560123	0	0.196003569779499	0.250280146945813	0.67334415887437	0.67334415887437
DevAdj	~~	DevAdj	1	1		0.105094377666942	0.0120430927511687	8.72652729978707	0	0.0814903496121755	0.128698405721708	1	1
EmoDiss	~~	EmoDiss	1	1		0.938477359787346	0.0398901719944278	23.5265307935609	0	0.860294059341159	1.01666066023353	1	1
QualEngag	~~	QualEngag	1	1		0.906959612245457	0.0389341074120978	23.294732370406	0	0.830650163947531	0.983269060543382	1	1
DevAdj	~~	EmoDiss	1	1		-0.223816875105349	0.01830677682015	-12.2259028612288	0	-0.259697498345856	-0.187936251864843	-0.712674445520604	-0.712674445520604
DevAdj	~~	QualEngag	1	1		0.183517720345999	0.0154165288147916	11.9039585726925	0	0.153301879102384	0.213733561589615	0.594421200414881	0.594421200414881
EmoDiss	~~	QualEngag	1	1		-0.1681352609561	0.0285217151782356	-5.89499123406158	3.74701270011712e-09	-0.224036795482752	-0.112233726429449	-0.182243869623889	-0.182243869623889
sbvalued	~1		1	1	.p67.	2.4749543331773	0.0204038356404817	121.298484107906	0	2.43496355017548	2.51494511617912	2.4749543331773	3.2333788925535
sbmyself	~1		1	1	.p68.	2.46838493020352	0.0206022591162829	119.811371960303	0	2.42800524433544	2.5087646160716	2.46838493020352	3.11671284981282
sbcommunity	~1		1	1	.p69.	2.45292724992479	0.0205336325149775	119.459002109617	0	2.41268206972366	2.49317243012593	2.45292724992479	3.29023570048517
pganalyze	~1		1	1	.p70.	2.75094107532573	0.0174803719012899	157.37314348116	0	2.71668017596283	2.78520197468862	2.75094107532573	3.84239990632726
pgthink	~1		1	1	.p71.	2.73497737625407	0.0171196072793747	159.75701612905	0	2.70142356255703	2.76853118995111	2.73497737625407	4.11989093884884
pgwork	~1		1	1	.p72.	2.74497455044962	0.0165260321674227	166.100036756598	0	2.71258412259412	2.77736497830512	2.74497455044962	3.98798735164207
pgvalues	~1		1	1	.p73.	2.74523684484479	0.0175562955641274	156.367659385622	0	2.71082713783716	2.77964655185242	2.74523684484479	3.71544054822103
pgprobsolve	~1		1	1	.p74.	2.72854217300731	0.0172808196574801	157.894256585581	0	2.69467238885532	2.7624119571593	2.72854217300731	3.96691795587914
SEacademic	~1		1	1	.p75.	2.47646717522464	0.0194574867738182	127.27579897713	0	2.4383312019183	2.51460314853099	2.47646717522464	3.35575207714618
SEwellness	~1		1	1	.p76.	2.47623244639667	0.019447213863595	127.330961841899	0	2.43811660762437	2.51434828516896	2.47623244639667	3.33993605418331
SEnonacad	~1		1	1	.p77.	2.47071647151478	0.0198028806975627	124.765508071705	0	2.43190353855741	2.50952940447214	2.47071647151478	3.13748772941224
SEactivities	~1		1	1	.p78.	2.45816251733414	0.0200838712369082	122.394855470731	0	2.41879885303966	2.49752618162862	2.45816251733414	3.00349585667844
SEdiverse	~1		1	1	.p79.	2.48207814567122	0.0198880080368174	124.802752546977	0	2.44309836619481	2.52105792514762	2.48207814567122	3.16953562094421
sameinst	~1		1	1	.p80.	2.65805776072834	0.0182656397953215	145.522291609471	0	2.62225776457493	2.69385775688175	2.65805776072834	3.96630525519568
evalexp	~1		1	1	.p81.	2.65855548991471	0.0183679778892448	144.738604649094	0	2.62255491478296	2.69455606504645	2.65855548991471	3.88686415082985
MHWdacad	~1		1	1	.p82.	3.94492591977002	0.0290212991578001	135.932092437348	0	3.88804521863617	4.00180662090387	3.94492591977002	3.65397443051066
MHWdlonely	~1		1	1	.p83.	3.94498016205586	0.028468179188189	138.575078370048	0	3.88918355614158	4.00077676797015	3.94498016205586	3.78310996781454
MHWdmental	~1		1	1	.p84.	3.95338111364113	0.0286654420003166	137.914535334828	0	3.89719787971958	4.00956434756267	3.95338111364113	3.84081931538524
MHWdexhaust	~1		1	1	.p85.	3.94558797342182	0.0287037555065287	137.45894583461	0	3.88932964640798	4.00184630043566	3.94558797342182	3.79777600684055
MHWdsleep	~1		1	1	.p86.	3.94303431677359	0.0287009217951429	137.383542762758	0	3.88678154373201	3.99928708981517	3.94303431677359	3.72183130083469
MHWdfinancial	~1		1	1	.p87.	3.9539029347781	0.0290292145331014	136.204268643561	0	3.89700671979373	4.01079914976247	3.9539029347781	3.51501622821577
QIadmin	~1		1	1	.p88.	4.60283455857887	0.0286316052206448	160.760618313499	0	4.54671764352683	4.6589514736309	4.60283455857887	4.25830028697925
QIstudent	~1		1	1	.p89.	4.59681901728498	0.0281639768014779	163.216262024608	0	4.54161863709267	4.6520193974773	4.59681901728498	4.35114796291531
QIadvisor	~1		1	1	.p90.	4.59828126242514	0.0282713566822797	162.648058036327	0	4.54287042153379	4.6536921033165	4.59828126242514	4.40805664196276
QIfaculty	~1		1	1	.p91.	4.59419213134912	0.0279604802412466	164.31020110205	0	4.53939059708584	4.64899366561241	4.59419213134912	4.48334274981646
QIstaff	~1		1	1	.p92.	4.59533912164826	0.0281798727030197	163.071677792066	0	4.54010758606141	4.6505706572351	4.59533912164826	4.41567088799286
Belong	~1		1	1		0	0	NA	NA	0	0	0	0
Gains	~1		1	1		0	0	NA	NA	0	0	0	0
SupportEnv	~1		1	1		0	0	NA	NA	0	0	0	0
Satisf	~1		1	1		0	0	NA	NA	0	0	0	0
DevAdj	~1		1	1		0	0	NA	NA	0	0	0	0
EmoDiss	~1		1	1		0	0	NA	NA	0	0	0	0
QualEngag	~1		1	1		0	0	NA	NA	0	0	0	0
Belong	=~	sbvalued	2	2		1	0	NA	NA	1	1	0.650980319704914	0.862654977486521
Belong	=~	sbmyself	2	2	.p2.	0.985505902136289	0.0131703523908641	74.8276031566102	0	0.959692485786495	1.01131931848608	0.641544947243761	0.826848105579304
Belong	=~	sbcommunity	2	2	.p3.	1.01216101439178	0.012285876785616	82.3841091729645	0	0.988081138373479	1.03624089041009	0.658896900741613	0.884624436017547
Gains	=~	pganalyze	2	2		1	0	NA	NA	1	1	0.519700028350135	0.714709676689643
Gains	=~	pgthink	2	2	.p5.	1.01305749666104	0.0206163881854278	49.1384566272907	0	0.9726501183263	1.05346487499577	0.526486009735056	0.785971460375484
Gains	=~	pgwork	2	2	.p6.	0.962527160025817	0.0201565191509683	47.7526478067308	0	0.923021108436227	1.00203321161541	0.500225392353191	0.735567438702039
Gains	=~	pgvalues	2	2	.p7.	0.980957754678713	0.0207821718120287	47.2018884047015	0	0.940225446406613	1.02169006295081	0.509803772916811	0.709332406297637
Gains	=~	pgprobsolve	2	2	.p8.	1.02492260548946	0.0206455589102984	49.6437325791267	0	0.984458053584575	1.06538715739434	0.532652307129566	0.768984826276003
SupportEnv	=~	SEacademic	2	2		1	0	NA	NA	1	1	0.567101258247337	0.803058290695167
SupportEnv	=~	SEwellness	2	2	.p10.	0.992131065006123	0.015624116175609	63.4999800215869	0	0.96150836001166	1.02275377000059	0.562638775311243	0.787376054090879
SupportEnv	=~	SEnonacad	2	2	.p11.	0.988386045131009	0.0161580834233795	61.1697575283523	0	0.956716783561992	1.02005530670003	0.560514969827905	0.73946428585633
SupportEnv	=~	SEactivities	2	2	.p12.	1.010288650256	0.0168028912528056	60.1258816150054	0	0.977355588564356	1.04322171194764	0.57293596475318	0.726638583638183
SupportEnv	=~	SEdiverse	2	2	.p13.	1.00506587736791	0.0161442786086181	62.2552361572466	0	0.973423672738635	1.03670808199718	0.569974123676804	0.755165639847306
Satisf	=~	sameinst	2	2		1	0	NA	NA	1	1	0.547436149781981	0.856617653683225
Satisf	=~	evalexp	2	2	.p15.	1.0154843193307	0.0233827503831529	43.4287798779374	0	0.969654970720233	1.06131366794117	0.555912825938375	0.849543847229245
DevAdj	=~	Belong	2	2		1	0	NA	NA	1	1	0.344174239384209	0.344174239384209
DevAdj	=~	Gains	2	2	.p17.	0.508777251576375	0.0434315510098586	11.7144619463598	0	0.423652975804338	0.593901527348412	0.219341679724595	0.219341679724595
DevAdj	=~	SupportEnv	2	2	.p18.	0.8179406026772	0.0501589472856307	16.3069730714129	0	0.71963087249492	0.916250332859479	0.323152393424469	0.323152393424469
DevAdj	=~	Satisf	2	2	.p19.	1.01490980243505	0.056196272545042	18.0600911140785	0	0.904767132181367	1.12505247268873	0.415374847827063	0.415374847827063
EmoDiss	=~	MHWdacad	2	2		1	0	NA	NA	1	1	0.994023356059239	0.901200493040057
EmoDiss	=~	MHWdlonely	2	2	.p21.	0.99267922961885	0.00938538042633553	105.768672608451	0	0.974284222002025	1.01107423723568	0.986746339316029	0.923045190946787
EmoDiss	=~	MHWdmental	2	2	.p22.	1.00404640389844	0.00877501696864787	114.421021347968	0	0.986847686676161	1.02124512112072	0.998045576042336	0.93730980826189
EmoDiss	=~	MHWdexhaust	2	2	.p23.	1.00300961353818	0.0091134817227968	110.057785163404	0	0.985147517587734	1.02087170948863	0.997014982208902	0.932246159512693
EmoDiss	=~	MHWdsleep	2	2	.p24.	1.00113137208829	0.00947926189563935	105.612798033234	0	0.982552360172818	1.01971038400377	0.995147966339397	0.917740333010486
EmoDiss	=~	MHWdfinancial	2	2	.p25.	0.992802126001341	0.0105251144977983	94.3269668191281	0	0.972173280652496	1.01343097135019	0.9868685011906	0.869505140615155
QualEngag	=~	QIadmin	2	2		1	0	NA	NA	1	1	1.00143335914377	0.899922069628819
QualEngag	=~	QIstudent	2	2	.p27.	0.995962986049114	0.00962880115875356	103.435824421785	0	0.977090882563659	1.01483508953457	0.997390558702019	0.909600148864184
QualEngag	=~	QIadvisor	2	2	.p28.	0.994695535954275	0.009533271297991	104.339371540165	0	0.976010667555363	1.01338040435319	0.996121291895998	0.918717061592779
QualEngag	=~	QIfaculty	2	2	.p29.	0.995609966626252	0.00930188005201767	107.033197703973	0	0.977378616735786	1.01384131651672	0.99703703327554	0.928876949039382
QualEngag	=~	QIstaff	2	2	.p30.	0.994816321855282	0.00945425917009766	105.224143315399	0	0.976286314381383	1.01334632932918	0.99624225092658	0.915507046958578
sbvalued	~~	sbvalued	2	2		0.145682302109185	0.00696587414031319	20.9137143701874	0	0.132029439673332	0.159335164545037	0.145682302109185	0.25582638981773
sbmyself	~~	sbmyself	2	2		0.190428695739706	0.0078483245107172	24.2636113580252	0	0.175046262359717	0.205811129119694	0.190428695739706	0.316322210299915
sbcommunity	~~	sbcommunity	2	2		0.120630109180247	0.0065510021682138	18.4139931697104	0	0.107790380867904	0.13346983749259	0.120630109180247	0.217439607200637
pganalyze	~~	pganalyze	2	2		0.258656738177885	0.00866081694597666	29.8651662760338	0	0.241681848887076	0.275631627468693	0.258656738177885	0.489190078046186
pgthink	~~	pgthink	2	2		0.171516663638769	0.00635942150540765	26.9704820623891	0	0.15905242652566	0.183980900751877	0.171516663638769	0.382248863475229
pgwork	~~	pgwork	2	2		0.212247654715765	0.0073714253728528	28.7932989863023	0	0.197799926470249	0.226695382961282	0.212247654715765	0.458940543121322
pgvalues	~~	pgvalues	2	2		0.256643121822969	0.00854626651998265	30.0298523598455	0	0.239892747241523	0.273393496404416	0.256643121822969	0.496847537376004
pgprobsolve	~~	pgprobsolve	2	2		0.196072505507027	0.00714236280219442	27.4520506640723	0	0.182073731650207	0.210071279363847	0.196072505507027	0.408662336957265
SEacademic	~~	SEacademic	2	2		0.177082054380194	0.00654997562560373	27.0355287564711	0	0.164244338054396	0.189919770705993	0.177082054380194	0.355097381745757
SEwellness	~~	SEwellness	2	2		0.194054188702994	0.00714915986626175	27.1436353827773	0	0.180042092845402	0.208066284560586	0.194054188702994	0.380038949444277
SEnonacad	~~	SEnonacad	2	2		0.260389103094142	0.00874422645125211	29.7784034466373	0	0.243250734177026	0.277527472011259	0.260389103094142	0.453192569942988
SEactivities	~~	SEactivities	2	2		0.293436354156077	0.0102320600297204	28.6781306309533	0	0.273381885010173	0.313490823301981	0.293436354156077	0.471996368768296
SEdiverse	~~	SEdiverse	2	2		0.244802760979949	0.00879160883408316	27.8450469760326	0	0.227571524298982	0.262033997660916	0.244802760979949	0.42972485639401
sameinst	~~	sameinst	2	2		0.108720405344071	0.00869719698660153	12.5006258351467	0	0.091674212483882	0.125766598204261	0.108720405344071	0.266206195398247
evalexp	~~	evalexp	2	2		0.119156125899792	0.0092298164974396	12.9099127737638	0	0.101066017980896	0.137246233818687	0.119156125899792	0.278275251634933
MHWdacad	~~	MHWdacad	2	2		0.228524639284691	0.00832887841162466	27.4376246105043	0	0.212200337566293	0.244848941003088	0.228524639284691	0.187837671344358
MHWdlonely	~~	MHWdlonely	2	2		0.169118210634955	0.00659269031784381	25.6523820294151	0	0.156196775050756	0.182039646219155	0.169118210634955	0.147987575470009
MHWdmental	~~	MHWdmental	2	2		0.137699733571028	0.0057870342417612	23.7945254543926	0	0.126357354879876	0.14904211226218	0.137699733571028	0.121450323336059
MHWdexhaust	~~	MHWdexhaust	2	2		0.149740242923083	0.00615117520666587	24.3433551950876	0	0.137684161055423	0.161796324790744	0.149740242923083	0.130917098073836
MHWdsleep	~~	MHWdsleep	2	2		0.185486553514845	0.00714429412497726	25.9628943419845	0	0.171483994334929	0.199489112694762	0.185486553514845	0.157752681165803
MHWdfinancial	~~	MHWdfinancial	2	2		0.314263783190272	0.010665111381854	29.4665261278914	0	0.29336054899073	0.335167017389814	0.314263783190272	0.24396081044382
QIadmin	~~	QIadmin	2	2		0.235455265192688	0.0090775832412016	25.9381003661852	0	0.217663528973268	0.253247001412107	0.235455265192688	0.190140268594983
QIstudent	~~	QIstudent	2	2		0.207558066025728	0.0077372090342175	26.8259607705842	0	0.192393414977804	0.222722717073653	0.207558066025728	0.172627569186254
QIadvisor	~~	QIadvisor	2	2		0.183345905323771	0.00725871399338124	25.2587311596727	0	0.169119087322667	0.197572723324875	0.183345905323771	0.15595896073833
QIfaculty	~~	QIfaculty	2	2		0.158059684132603	0.00623669906191307	25.3434841994956	0	0.145835978588838	0.170283389676367	0.158059684132603	0.137187613543289
QIstaff	~~	QIstaff	2	2		0.191650860104843	0.00714362121193024	26.8282506055577	0	0.177649619810263	0.205652100399422	0.191650860104843	0.161846846969183
Belong	~~	Belong	2	2		0.373576680014981	0.0138043112428929	27.0623194045495	0	0.34652072714753	0.400632632882433	0.881544092944301	0.881544092944301
Gains	~~	Gains	2	2		0.257093971406108	0.0110168031607804	23.3365312653817	0	0.235501433986211	0.278686508826005	0.951889227535593	0.951889227535593
SupportEnv	~~	SupportEnv	2	2		0.288019562255164	0.0109764841132415	26.2396919891416	0	0.266506048716335	0.309533075793994	0.895572530624037	0.895572530624037
Satisf	~~	Satisf	2	2		0.247979576880413	0.0121751817197335	20.3676283926413	0	0.224116659204504	0.271842494556321	0.827463735792645	0.827463735792645
DevAdj	~~	DevAdj	2	2		0.0501986966281302	0.00686047326761329	7.31708945869765	2.53352894219461e-13	0.0367524161067083	0.0636449771495521	1	1
EmoDiss	~~	EmoDiss	2	2		0.988082432391272	0.0329442242717822	29.9925845647426	0	0.923512939319969	1.05265192546258	1	1
QualEngag	~~	QualEngag	2	2		1.00286877280597	0.0334751872899422	29.9585709295578	0	0.937258611341946	1.06847893426999	1	1
DevAdj	~~	EmoDiss	2	2		-0.16901546425476	0.0127151196814685	-13.2924792285746	0	-0.193936640889555	-0.144094287619965	-0.758898392997088	-0.758898392997088
DevAdj	~~	QualEngag	2	2		0.150051202836261	0.0105080522994798	14.2796398951773	0	0.129455798781618	0.170646606890905	0.668761412394727	0.668761412394727
EmoDiss	~~	QualEngag	2	2		-0.192065210323221	0.0233096470662569	-8.23973051918299	2.22044604925031e-16	-0.237751279065424	-0.146379141581018	-0.19294346029742	-0.19294346029742
sbvalued	~1		2	2	.p67.	2.4749543331773	0.0204038356404817	121.298484107906	0	2.43496355017548	2.51494511617912	2.4749543331773	3.27971769643517
sbmyself	~1		2	2	.p68.	2.46838493020352	0.0206022591162829	119.811371960303	0	2.42800524433545	2.5087646160716	2.46838493020352	3.18135060083919
sbcommunity	~1		2	2	.p69.	2.45292724992479	0.0205336325149775	119.459002109617	0	2.41268206972366	2.49317243012593	2.45292724992479	3.29326087679949
pganalyze	~1		2	2	.p70.	2.75094107532573	0.0174803719012899	157.373143481159	0	2.71668017596283	2.78520197468862	2.75094107532573	3.78319049313902
pgthink	~1		2	2	.p71.	2.73497737625407	0.0171196072793747	159.75701612905	0	2.70142356255703	2.76853118995111	2.73497737625407	4.08294640837668
pgwork	~1		2	2	.p72.	2.74497455044962	0.0165260321674227	166.100036756597	0	2.71258412259412	2.77736497830512	2.74497455044962	4.03640824764626
pgvalues	~1		2	2	.p73.	2.74523684484479	0.0175562955641274	156.367659385622	0	2.71082713783716	2.77964655185242	2.74523684484479	3.81967643328611
pgprobsolve	~1		2	2	.p74.	2.72854217300731	0.0172808196574801	157.894256585581	0	2.69467238885532	2.7624119571593	2.72854217300731	3.93916913681253
SEacademic	~1		2	2	.p75.	2.47646717522464	0.0194574867738182	127.27579897713	0	2.4383312019183	2.51460314853099	2.47646717522464	3.5068648989511
SEwellness	~1		2	2	.p76.	2.47623244639667	0.019447213863595	127.330961841899	0	2.43811660762437	2.51434828516896	2.47623244639667	3.4653248553249
SEnonacad	~1		2	2	.p77.	2.47071647151478	0.0198028806975627	124.765508071705	0	2.43190353855741	2.50952940447214	2.47071647151478	3.25951435645527
SEactivities	~1		2	2	.p78.	2.45816251733414	0.0200838712369081	122.394855470731	0	2.41879885303966	2.49752618162862	2.45816251733414	3.11761844225932
SEdiverse	~1		2	2	.p79.	2.48207814567122	0.0198880080368174	124.802752546977	0	2.44309836619481	2.52105792514762	2.48207814567122	3.28853548462081
sameinst	~1		2	2	.p80.	2.65805776072834	0.0182656397953216	145.522291609471	0	2.62225776457493	2.69385775688175	2.65805776072834	4.15927812450164
evalexp	~1		2	2	.p81.	2.65855548991471	0.0183679778892448	144.738604649094	0	2.62255491478296	2.69455606504645	2.65855548991471	4.06279429722123
MHWdacad	~1		2	2	.p82.	3.94492591977002	0.0290212991578	135.932092437349	0	3.88804521863617	4.00180662090387	3.94492591977002	3.57654491942478
MHWdlonely	~1		2	2	.p83.	3.94498016205586	0.028468179188189	138.575078370048	0	3.88918355614158	4.00077676797015	3.94498016205586	3.69030501748829
MHWdmental	~1		2	2	.p84.	3.95338111364113	0.0286654420003166	137.914535334828	0	3.89719787971958	4.00956434756267	3.95338111364113	3.71279927747103
MHWdexhaust	~1		2	2	.p85.	3.94558797342182	0.0287037555065287	137.45894583461	0	3.88932964640798	4.00184630043566	3.94558797342182	3.6892717771329
MHWdsleep	~1		2	2	.p86.	3.94303431677359	0.0287009217951429	137.383542762758	0	3.88678154373201	3.99928708981517	3.94303431677359	3.63632519921506
MHWdfinancial	~1		2	2	.p87.	3.9539029347781	0.0290292145331015	136.20426864356	0	3.89700671979373	4.01079914976247	3.9539029347781	3.48368493181739
QIadmin	~1		2	2	.p88.	4.60283455857887	0.0286316052206448	160.760618313499	0	4.54671764352684	4.6589514736309	4.60283455857887	4.13626365079046
QIstudent	~1		2	2	.p89.	4.59681901728498	0.0281639768014778	163.216262024608	0	4.54161863709267	4.6520193974773	4.59681901728498	4.19220657940209
QIadvisor	~1		2	2	.p90.	4.59828126242514	0.0282713566822798	162.648058036327	0	4.54287042153379	4.6536921033165	4.59828126242514	4.24096893035134
QIfaculty	~1		2	2	.p91.	4.59419213134912	0.0279604802412466	164.31020110205	0	4.53939059708584	4.64899366561241	4.59419213134912	4.28012102644633
QIstaff	~1		2	2	.p92.	4.59533912164826	0.0281798727030198	163.071677792065	0	4.54010758606141	4.6505706572351	4.59533912164826	4.22293407564328
Belong	~1		2	2		-0.0170772373846364	0.0185893192450355	-0.91865856729515	0.358274187731872	-0.0535116336020233	0.0193571588327504	-0.0262331085406353	-0.0262331085406353
Gains	~1		2	2		0.115321514029987	0.0192727772185859	5.9836479570145	2.18194640133618e-09	0.0775475647994946	0.153095463260479	0.221900149584545	0.221900149584545
SupportEnv	~1		2	2		0.0599865408645587	0.019181271069126	3.12734962393146	0.00176390028508799	0.0223919403913716	0.0975811413377458	0.105777477993879	0.105777477993879
Satisf	~1		2	2		0.0163488262582112	0.0170290913798784	0.96005276461955	0.337028659770417	-0.0170275795357919	0.0497252320522143	0.0298643527007162	0.0298643527007162
DevAdj	~1		2	2		0.153108018211468	0.0125207018080221	12.2283894752106	0	0.128567893606579	0.177648142816357	0.683363399507127	0.683363399507127
EmoDiss	~1		2	2		0.152877879636982	0.0354400569695814	4.3137029877858	1.60542597444913e-05	0.083416644366555	0.222339114907409	0.153797069963285	0.153797069963285
QualEngag	~1		2	2		0.0457426524185036	0.0352386111075345	1.29808329502303	0.19425871395173	-0.0233237562174772	0.114809061054484	0.0456771806140091	0.0456771806140091
Belong	=~	sbvalued	3	3		1	0	NA	NA	1	1	0.632263460150202	0.859561688100007
Belong	=~	sbmyself	3	3	.p2.	0.985505902136289	0.0131703523908641	74.8276031566102	0	0.959692485786494	1.01131931848608	0.623099371683136	0.82723180455018
Belong	=~	sbcommunity	3	3	.p3.	1.01216101439178	0.0122858767856161	82.3841091729645	0	0.988081138373479	1.03624089041009	0.639952425188487	0.89430059465628
Gains	=~	pganalyze	3	3		1	0	NA	NA	1	1	0.469369966558057	0.696248104186806
Gains	=~	pgthink	3	3	.p5.	1.01305749666104	0.0206163881854278	49.1384566272908	0	0.9726501183263	1.05346487499577	0.475498763329179	0.758949110676995
Gains	=~	pgwork	3	3	.p6.	0.962527160025816	0.0201565191509683	47.7526478067309	0	0.923021108436226	1.00203321161541	0.451781340912539	0.701036502339947
Gains	=~	pgvalues	3	3	.p7.	0.980957754678712	0.0207821718120287	47.2018884047014	0	0.940225446406612	1.02169006295081	0.460432108508414	0.678307591304806
Gains	=~	pgprobsolve	3	3	.p8.	1.02492260548946	0.0206455589102984	49.6437325791266	0	0.984458053584575	1.06538715739434	0.481067889063185	0.742162046683032
SupportEnv	=~	SEacademic	3	3		1	0	NA	NA	1	1	0.566246622988136	0.800453432278984
SupportEnv	=~	SEwellness	3	3	.p10.	0.992131065006122	0.015624116175609	63.4999800215868	0	0.961508360011659	1.02275377000059	0.561790865121339	0.804579141232613
SupportEnv	=~	SEnonacad	3	3	.p11.	0.988386045131009	0.0161580834233795	61.1697575283522	0	0.956716783561992	1.02005530670003	0.559670260264033	0.752313459065607
SupportEnv	=~	SEactivities	3	3	.p12.	1.010288650256	0.0168028912528056	60.1258816150053	0	0.977355588564355	1.04322171194764	0.5720725364507	0.736496631815416
SupportEnv	=~	SEdiverse	3	3	.p13.	1.00506587736791	0.0161442786086181	62.2552361572466	0	0.973423672738634	1.03670808199718	0.569115158940185	0.778844884756252
Satisf	=~	sameinst	3	3		1	0	NA	NA	1	1	0.549160743761749	0.86753215180809
Satisf	=~	evalexp	3	3	.p15.	1.0154843193307	0.0233827503831531	43.4287798779369	0	0.969654970720232	1.06131366794117	0.557664124082042	0.880449538666748
DevAdj	=~	Belong	3	3		1	0	NA	NA	1	1	0.347606251360626	0.347606251360626
DevAdj	=~	Gains	3	3	.p17.	0.508777251576375	0.0434315510098611	11.7144619463592	0	0.423652975804333	0.593901527348417	0.238230877154103	0.238230877154103
DevAdj	=~	SupportEnv	3	3	.p18.	0.817940602677199	0.0501589472856303	16.306973071413	0	0.719630872494921	0.916250332859478	0.317469350986667	0.317469350986667
DevAdj	=~	Satisf	3	3	.p19.	1.01490980243505	0.056196272545042	18.0600911140785	0	0.904767132181366	1.12505247268872	0.406175407203398	0.406175407203398
EmoDiss	=~	MHWdacad	3	3		1	0	NA	NA	1	1	0.850023105338613	0.88116839178677
EmoDiss	=~	MHWdlonely	3	3	.p21.	0.99267922961885	0.00938538042633554	105.768672608451	0	0.974284222002026	1.01107423723568	0.843800281365757	0.905524634235558
EmoDiss	=~	MHWdmental	3	3	.p22.	1.00404640389844	0.00877501696864787	114.421021347968	0	0.986847686676161	1.02124512112072	0.853462642145818	0.921703697817459
EmoDiss	=~	MHWdexhaust	3	3	.p23.	1.00300961353818	0.0091134817227968	110.057785163404	0	0.985147517587734	1.02087170948863	0.852581346384206	0.900369679474704
EmoDiss	=~	MHWdsleep	3	3	.p24.	1.00113137208829	0.00947926189563937	105.612798033234	0	0.982552360172818	1.01971038400377	0.850984797754398	0.893193409228921
EmoDiss	=~	MHWdfinancial	3	3	.p25.	0.992802126001341	0.0105251144977983	94.326966819128	0	0.972173280652496	1.01343097135019	0.843904746130437	0.806764052572794
QualEngag	=~	QIadmin	3	3		1	0	NA	NA	1	1	0.898318698917012	0.880335396045043
QualEngag	=~	QIstudent	3	3	.p27.	0.995962986049114	0.00962880115875356	103.435824421785	0	0.97709088256366	1.01483508953457	0.894692173797142	0.892779380761818
QualEngag	=~	QIadvisor	3	3	.p28.	0.994695535954275	0.00953327129799101	104.339371540165	0	0.976010667555363	1.01338040435319	0.893553599677004	0.905889214214254
QualEngag	=~	QIfaculty	3	3	.p29.	0.995609966626252	0.00930188005201766	107.033197703973	0	0.977378616735786	1.01384131651672	0.894375049848504	0.920100984115685
QualEngag	=~	QIstaff	3	3	.p30.	0.994816321855281	0.00945425917009765	105.224143315399	0	0.976286314381382	1.01334632932918	0.893662103910444	0.905578677243421
sbvalued	~~	sbvalued	3	3		0.14129872977823	0.00904443698166044	15.6227225713159	0	0.123571959033734	0.159025500522727	0.14129872977823	0.261153704350666
sbmyself	~~	sbmyself	3	3		0.179109088157233	0.00998707966511557	17.9340802479881	0	0.159534771702874	0.198683404611591	0.179109088157233	0.315687541540653
sbcommunity	~~	sbcommunity	3	3		0.102529721802911	0.00761937638856953	13.4564453275631	0	0.0875960184966597	0.117463425109162	0.102529721802911	0.200226446397424
pganalyze	~~	pganalyze	3	3		0.23415903267192	0.0112640670000675	20.7881427436926	0	0.212081867032341	0.256236198311498	0.23415903267192	0.515238577416278
pgthink	~~	pgthink	3	3		0.166431483222473	0.00838636043175791	19.8454960977138	0	0.149994518814856	0.18286844763009	0.166431483222473	0.423996247402598
pgwork	~~	pgwork	3	3		0.211206420097211	0.00971319946136292	21.7442688104312	0	0.192168898978286	0.230243941216136	0.211206420097211	0.508547822386973
pgvalues	~~	pgvalues	3	3		0.248765540058335	0.0110098006546593	22.5949177338701	0	0.227186727298237	0.270344352818433	0.248765540058335	0.539898811578272
pgprobsolve	~~	pgprobsolve	3	3		0.188734219299125	0.00915519577559847	20.6149845317521	0	0.170790365307539	0.206678073290711	0.188734219299125	0.449195496463253
SEacademic	~~	SEacademic	3	3		0.17978988837452	0.00846090016845311	21.2494988470465	0	0.163206828767563	0.196372947981477	0.17978988837452	0.359274302752793
SEwellness	~~	SEwellness	3	3		0.171932769308759	0.00840751204659536	20.449898656807	0	0.155454348497845	0.188411190119672	0.171932769308759	0.352652405493391
SEnonacad	~~	SEnonacad	3	3		0.24020442392268	0.0119540684696593	20.0939474733931	0	0.216774880253422	0.263633967591938	0.24020442392268	0.434024459308742
SEactivities	~~	SEactivities	3	3		0.276070997306371	0.0123858983482644	22.2891379812637	0	0.251795082627599	0.300346911985144	0.276070997306371	0.457572711324547
SEdiverse	~~	SEdiverse	3	3		0.210055197309603	0.00986668073966406	21.289347740338	0	0.190716858412907	0.2293935362063	0.210055197309603	0.393400645489021
sameinst	~~	sameinst	3	3		0.0991302906953706	0.0110377911973965	8.9809898486531	0	0.0774966174796002	0.120763963911141	0.0991302906953706	0.247387965579224
evalexp	~~	evalexp	3	3		0.0901881361800045	0.0108438281049636	8.31700164434754	0	0.0689346236397326	0.111441648720276	0.0901881361800045	0.224808609861511
MHWdacad	~~	MHWdacad	3	3		0.208019136301547	0.0102029092515427	20.3882178281742	0	0.188021801630993	0.228016470972101	0.208019136301547	0.223542265315917
MHWdlonely	~~	MHWdlonely	3	3		0.156319062681468	0.00860915015389075	18.1573163305582	0	0.139445438442345	0.173192686920591	0.156319062681468	0.180025136792559
MHWdmental	~~	MHWdmental	3	3		0.129007229714836	0.00746636432183639	17.2784536293704	0	0.114373424548582	0.14364103488109	0.129007229714836	0.150462293429621
MHWdexhaust	~~	MHWdexhaust	3	3		0.169769453345797	0.00904646859948689	18.766378446881	0	0.15203870070353	0.187500205988064	0.169769453345797	0.189334440282619
MHWdsleep	~~	MHWdsleep	3	3		0.183546294241858	0.00951841265391048	19.2832881821373	0	0.164890548250203	0.202202040233513	0.183546294241858	0.202205533710017
MHWdfinancial	~~	MHWdfinancial	3	3		0.382017398759231	0.0161589943211641	23.6411617682721	0	0.350346351863362	0.4136884456551	0.382017398759231	0.349131763476321
QIadmin	~~	QIadmin	3	3		0.234296381137806	0.0109489516576899	21.3989785015856	0	0.212836830220264	0.255755932055348	0.234296381137806	0.225009590470218
QIstudent	~~	QIstudent	3	3		0.20381553411336	0.0100834071390189	20.2129628709201	0	0.184052419279429	0.223578648947291	0.20381553411336	0.202944977286546
QIadvisor	~~	QIadvisor	3	3		0.174513123456452	0.00927527950742284	18.8148641037494	0	0.156333909675361	0.192692337237543	0.174513123456452	0.179364731570281
QIfaculty	~~	QIfaculty	3	3		0.144955220381927	0.00838329182349323	17.2909667746155	0	0.128524270335991	0.161386170427863	0.144955220381927	0.153414179029348
QIstaff	~~	QIstaff	3	3		0.175223064877291	0.00936667474768563	18.7070726375533	0	0.156864719716927	0.193581410037656	0.175223064877291	0.179927259322055
Belong	~~	Belong	3	3		0.351454392329	0.016585259689945	21.1907681217722	0	0.318947880662464	0.383960903995536	0.879169894015013	0.879169894015013
Gains	~~	Gains	3	3		0.207804806714182	0.0108276464976049	19.1920568112516	0	0.186583009541545	0.229026603886818	0.943246049170387	0.943246049170387
SupportEnv	~~	SupportEnv	3	3		0.288319442021645	0.0145594935586026	19.8028482832281	0	0.259783359013641	0.316855525029649	0.899213211184104	0.899213211184104
Satisf	~~	Satisf	3	3		0.251823726830825	0.0141579525500611	17.7867333528914	0	0.224074649737878	0.279572803923771	0.835021538583154	0.835021538583154
DevAdj	~~	DevAdj	3	3		0.0483026907121061	0.00781790148638046	6.17847267534057	6.47246922724776e-10	0.0329798853641183	0.063625496060094	1	1
EmoDiss	~~	EmoDiss	3	3		0.722539279609499	0.0313929488167752	23.0159735495571	0	0.66101023056011	0.784068328658888	1	1
QualEngag	~~	QualEngag	3	3		0.806976484823953	0.0337802118804903	23.8890296981832	0	0.74076848614806	0.873184483499846	1	1
DevAdj	~~	EmoDiss	3	3		-0.121012360772022	0.01153439053749	-10.4914395241515	0	-0.143619350809122	-0.0984053707349223	-0.647758828224617	-0.647758828224617
DevAdj	~~	QualEngag	3	3		0.122684564336884	0.0120625064054355	10.1707356840533	0	0.0990424862189471	0.146326642454822	0.621403683461537	0.621403683461537
EmoDiss	~~	QualEngag	3	3		-0.0520098263831967	0.0228140808549602	-2.27972482055479	0.02262401426225	-0.0967246031993035	-0.00729504956708985	-0.0681120941810511	-0.0681120941810511
sbvalued	~1		3	3	.p67.	2.4749543331773	0.0204038356404817	121.298484107906	0	2.43496355017548	2.51494511617912	2.4749543331773	3.36469851364006
sbmyself	~1		3	3	.p68.	2.46838493020352	0.0206022591162829	119.811371960303	0	2.42800524433545	2.5087646160716	2.46838493020352	3.27704795243335
sbcommunity	~1		3	3	.p69.	2.45292724992479	0.0205336325149775	119.459002109617	0	2.41268206972366	2.49317243012593	2.45292724992479	3.4278396516901
pganalyze	~1		3	3	.p70.	2.75094107532573	0.0174803719012899	157.37314348116	0	2.71668017596283	2.78520197468862	2.75094107532573	4.08065629437379
pgthink	~1		3	3	.p71.	2.73497737625407	0.0171196072793747	159.75701612905	0	2.70142356255703	2.76853118995111	2.73497737625407	4.36532922377498
pgwork	~1		3	3	.p72.	2.74497455044962	0.0165260321674227	166.100036756597	0	2.71258412259412	2.77736497830512	2.74497455044962	4.25942194507741
pgvalues	~1		3	3	.p73.	2.74523684484479	0.0175562955641275	156.367659385622	0	2.71082713783716	2.77964655185242	2.74523684484479	4.04427701148007
pgprobsolve	~1		3	3	.p74.	2.72854217300731	0.0172808196574801	157.894256585581	0	2.69467238885532	2.7624119571593	2.72854217300731	4.20942758728613
SEacademic	~1		3	3	.p75.	2.47646717522464	0.0194574867738182	127.27579897713	0	2.43833120191829	2.51460314853099	2.47646717522464	3.50076551428076
SEwellness	~1		3	3	.p76.	2.47623244639667	0.019447213863595	127.330961841899	0	2.43811660762437	2.51434828516896	2.47623244639667	3.54638193482168
SEnonacad	~1		3	3	.p77.	2.47071647151478	0.0198028806975627	124.765508071705	0	2.43190353855741	2.50952940447214	2.47071647151478	3.32115780849023
SEactivities	~1		3	3	.p78.	2.45816251733414	0.0200838712369082	122.394855470731	0	2.41879885303966	2.49752618162862	2.45816251733414	3.16468332093673
SEdiverse	~1		3	3	.p79.	2.48207814567122	0.0198880080368174	124.802752546977	0	2.44309836619481	2.52105792514762	2.48207814567122	3.39677099960096
sameinst	~1		3	3	.p80.	2.65805776072834	0.0182656397953214	145.522291609472	0	2.62225776457493	2.69385775688175	2.65805776072834	4.19904480607827
evalexp	~1		3	3	.p81.	2.6585554899147	0.0183679778892448	144.738604649094	0	2.62255491478296	2.69455606504645	2.6585554899147	4.19737231343035
MHWdacad	~1		3	3	.p82.	3.94492591977002	0.0290212991578001	135.932092437348	0	3.88804521863617	4.00180662090387	3.94492591977002	4.08947004688413
MHWdlonely	~1		3	3	.p83.	3.94498016205586	0.028468179188189	138.575078370048	0	3.88918355614158	4.00077676797015	3.94498016205586	4.23355715469798
MHWdmental	~1		3	3	.p84.	3.95338111364112	0.0286654420003166	137.914535334828	0	3.89719787971958	4.00956434756267	3.95338111364112	4.26948504994102
MHWdexhaust	~1		3	3	.p85.	3.94558797342182	0.0287037555065287	137.45894583461	0	3.88932964640798	4.00184630043566	3.94558797342182	4.16674349495815
MHWdsleep	~1		3	3	.p86.	3.94303431677359	0.0287009217951429	137.383542762758	0	3.88678154373201	3.99928708981517	3.94303431677359	4.13860773235821
MHWdfinancial	~1		3	3	.p87.	3.9539029347781	0.0290292145331015	136.20426864356	0	3.89700671979373	4.01079914976247	3.9539029347781	3.77988957849516
QIadmin	~1		3	3	.p88.	4.60283455857887	0.0286316052206448	160.760618313499	0	4.54671764352683	4.6589514736309	4.60283455857887	4.51069112659166
QIstudent	~1		3	3	.p89.	4.59681901728498	0.0281639768014778	163.216262024608	0	4.54161863709267	4.6520193974773	4.59681901728498	4.58699132049896
QIadvisor	~1		3	3	.p90.	4.59828126242514	0.0282713566822798	162.648058036327	0	4.54287042153379	4.6536921033165	4.59828126242514	4.66176108636367
QIfaculty	~1		3	3	.p91.	4.59419213134912	0.0279604802412466	164.31020110205	0	4.53939059708584	4.64899366561241	4.59419213134912	4.72634014330664
QIstaff	~1		3	3	.p92.	4.59533912164825	0.0281798727030197	163.071677792066	0	4.54010758606141	4.6505706572351	4.59533912164825	4.65661585632617
Belong	~1		3	3		0.124339831636726	0.0232829526177076	5.34038073599654	9.27515797499723e-08	0.0787060830522666	0.169973580221186	0.19665825952869	0.19665825952869
Gains	~1		3	3		0.140089404714545	0.0261425628412892	5.35867143420572	8.38361617905292e-08	0.0888509230820426	0.191327886347046	0.298462651417252	0.298462651417252
SupportEnv	~1		3	3		0.20111106403908	0.0264598597762215	7.60060959279198	2.95319324550292e-14	0.149250691841706	0.252971436236454	0.355165145140819	0.355165145140819
Satisf	~1		3	3		0.0427223087334268	0.024501662568141	1.74364937949059	0.0812202472367711	-0.0053000674614827	0.0907446849283362	0.077795634918802	0.077795634918802
DevAdj	~1		3	3		0.463632752475444	0.0172570115879803	26.8663406819736	0	0.429809631282213	0.497455873668676	2.10954331125553	2.10954331125553
EmoDiss	~1		3	3		-0.680841876544963	0.0379688410138993	-17.9315949174147	0	-0.755259437466933	-0.606424315622993	-0.800968670461898	-0.800968670461898
QualEngag	~1		3	3		0.733286182274405	0.0386123055656088	18.9909970806698	0	0.657607454005757	0.808964910543054	0.816287341183518	0.816287341183518
