lhs	op	rhs	block	group	label	est	se	z	pvalue	std.lv	std.all	std.nox
Belong	=~	sbvalued	1	1		1	0	NA	NA	0.524094182169632	0.703723621561279	0.703723621561279
Belong	=~	sbmyself	1	1		0.922913778755574	0.0447241748259931	20.6356804199591	0	0.483693742089988	0.682052261095707	0.682052261095707
Belong	=~	sbcommunity	1	1		1.19676615309908	0.0514686410655931	23.2523363415383	0	0.627218178256759	0.784470191459616	0.784470191459616
Gains	=~	pganalyze	1	1		1	0	NA	NA	0.388913168931866	0.616859278085796	0.616859278085796
Gains	=~	pgthink	1	1		0.67897582346482	0.0581329185274182	11.6797133304873	0	0.264062639131826	0.461154801126932	0.461154801126932
Gains	=~	pgwork	1	1		0.691166642470439	0.0576151477213389	11.9962660828942	0	0.268803809183176	0.470192947109735	0.470192947109735
Gains	=~	pgvalues	1	1		0.75575578607811	0.0602576215067155	12.5420779509839	0	0.293923377702231	0.50900300551931	0.50900300551931
Gains	=~	pgprobsolve	1	1		1.02526820128754	0.0732005034698409	14.0062998570763	0	0.398740305167812	0.63491837825344	0.63491837825344
SupportEnv	=~	SEacademic	1	1		1	0	NA	NA	0.275159405705509	0.513897759488093	0.513897759488093
SupportEnv	=~	SEwellness	1	1		1.32480570465566	0.105271587779357	12.5846463666187	0	0.36453275036832	0.598521101794846	0.598521101794846
SupportEnv	=~	SEnonacad	1	1		1.38597384271265	0.0963082446896848	14.391019659619	0	0.381363738884195	0.634821815486807	0.634821815486807
SupportEnv	=~	SEactivities	1	1		1.52854795982052	0.114318473304475	13.3709619769799	0	0.420594348216583	0.673928786544337	0.673928786544337
SupportEnv	=~	SEdiverse	1	1		1.15820251284433	0.0985893216495077	11.7477480670962	0	0.318690315120873	0.547713308207982	0.547713308207982
Satisf	=~	sameinst	1	1		1	0	NA	NA	0.417636059382074	0.669931565606944	0.669931565606944
Satisf	=~	evalexp	1	1		1.2143794680601	0.129955600210221	9.34457203918627	0	0.507168655635118	0.712261531315432	0.712261531315432
DevAdj	=~	Belong	1	1		1	0	NA	NA	0.530877850085555	0.530877850085555	0.530877850085555
DevAdj	=~	Gains	1	1		0.71660612021094	0.106247545694203	6.74468398802778	1.53359547283571e-11	0.512662803686991	0.512662803686991	0.512662803686991
DevAdj	=~	SupportEnv	1	1		0.378991707066282	0.058164819630202	6.51582364521752	7.22919502038621e-11	0.383220990064459	0.383220990064459	0.383220990064459
DevAdj	=~	Satisf	1	1		0.860185042033753	0.122923299081748	6.99773800784263	2.60125254669674e-12	0.573057025526495	0.573057025526495	0.573057025526495
EmoDiss	=~	MHWdacad	1	1		1	0	NA	NA	0.890259942601986	0.603232971425152	0.603232971425152
EmoDiss	=~	MHWdlonely	1	1		0.789285053061284	0.0518161042639274	15.2324275294999	0	0.702668866034944	0.495178118240804	0.495178118240804
EmoDiss	=~	MHWdmental	1	1		1.00957724779055	0.0559360790571788	18.0487668211164	0	0.89878618267029	0.615831958829441	0.615831958829441
EmoDiss	=~	MHWdexhaust	1	1		0.91832210995349	0.0578560814745924	15.8725251788228	0	0.817545388897329	0.549484967522894	0.549484967522894
EmoDiss	=~	MHWdsleep	1	1		0.986635251383272	0.0553661636951194	17.8201844869784	0	0.878361842265569	0.600088528895017	0.600088528895017
EmoDiss	=~	MHWdfinancial	1	1		1.00333377665087	0.0622291153949698	16.1232209438088	0	0.893227870411839	0.583145534970737	0.583145534970737
QualEngag	=~	QIadmin	1	1		1	0	NA	NA	1.08122122992776	0.76520377355925	0.76520377355925
QualEngag	=~	QIstudent	1	1		0.835884059447268	0.0326166454628198	25.6275299800559	0	0.903775590832583	0.690545417703737	0.690545417703737
QualEngag	=~	QIadvisor	1	1		0.917256928339984	0.0350734478246763	26.1524596305766	0	0.991757664219515	0.724285369453462	0.724285369453462
QualEngag	=~	QIfaculty	1	1		0.84427351297512	0.0367781879767618	22.9558213555429	0	0.912846446094389	0.686950268010967	0.686950268010967
QualEngag	=~	QIstaff	1	1		0.81421714273292	0.0368073775543857	22.1210310767142	0	0.880348860493953	0.658132868034999	0.658132868034999
EmoDiss	~	x_FASt	1	1	W4__a1_g1	0.0413784663745847	0.0968581612137047	0.427206813097438	0.669228699356344	0.0464790836861049	0.0232288800996652	0.0464790836861049
EmoDiss	~	credit_dose_c	1	1	W4__a1c_g1	0.228929939726639	0.0902763727513867	2.53587879917475	0.0112165546831147	0.257149545623202	0.403928580883001	0.257149545623202
EmoDiss	~	XZ_c	1	1	W4__a1z_g1	-0.0358716043820108	0.0936140252064753	-0.383186219189831	0.701581695168158	-0.0402934049544764	-0.0533132649467348	-0.0402934049544764
EmoDiss	~	cohort	1	1	W4__g1_g1	0.0597489348680624	0.0523303249450083	1.1417650268912	0.253551703106491	0.0671140326649233	0.0335386997381316	0.0671140326649233
EmoDiss	~	hgrades_c	1	1		0.0619682747925494	0.0247849686221978	2.50023616076116	0.0124110541015425	0.0696069449237861	0.0745141524986503	0.0696069449237861
EmoDiss	~	bparented_c	1	1		-0.063186430992036	0.0234993687723955	-2.68885652223393	0.00716972281842043	-0.0709752601103891	-0.0873455004241748	-0.0709752601103891
EmoDiss	~	pell	1	1		0.189808392391666	0.0522587075595058	3.63209121036022	0.000281133711624193	0.213205585592123	0.10593501666392	0.213205585592123
EmoDiss	~	hapcl	1	1		-0.00802836831712605	0.0538249541843946	-0.149156993048658	0.881429754869881	-0.00901800466688564	-0.00449990695254476	-0.00901800466688564
EmoDiss	~	hprecalc13	1	1		-0.0538995113113726	0.0546609962357809	-0.986068952693003	0.324099277805643	-0.060543565684691	-0.0288243386818136	-0.060543565684691
EmoDiss	~	hchallenge_c	1	1		0.0671396309023616	0.0296936569910163	2.26107652966674	0.0237545184701089	0.0754157608238901	0.0621480077421726	0.0754157608238901
EmoDiss	~	cSFcareer_c	1	1		0.0759667181465402	0.0302002685729675	2.5154318731635	0.0118886651673662	0.0853309404492695	0.0795489436078149	0.0853309404492695
QualEngag	~	x_FASt	1	1	W4__a2_g1	0.155069628112481	0.109870413635004	1.41138658699905	0.158130655749597	0.143420813262094	0.0716775076195754	0.143420813262094
QualEngag	~	credit_dose_c	1	1	W4__a2c_g1	-0.131497825064126	0.09758376053351	-1.34753799551484	0.177807024886186	-0.121619721685368	-0.191039348207675	-0.121619721685368
QualEngag	~	XZ_c	1	1	W4__a2z_g1	-0.131879541442681	0.102908546001778	-1.28152176438682	0.200010460306706	-0.121972763568001	-0.161385374796027	-0.121972763568001
QualEngag	~	cohort	1	1	W4__g2_g1	0.173907077729387	0.0634838833918786	2.73938940779471	0.006155341958898	0.160843195560455	0.0803777008566359	0.160843195560455
QualEngag	~	hgrades_c	1	1		0.00478827516797607	0.0283291882492421	0.169022674629732	0.865778806219356	0.00442858041947252	0.00474079011929666	0.00442858041947252
QualEngag	~	bparented_c	1	1		0.0730973987915665	0.025026204778138	2.92083435900844	0.00349095377217989	0.0676063295542675	0.0831995356913783	0.0676063295542675
QualEngag	~	pell	1	1		-0.156788434256186	0.0630972969660994	-2.48486768522626	0.0129599594665066	-0.145010502861344	-0.0720510674914868	-0.145010502861344
QualEngag	~	hapcl	1	1		-0.0874149688279003	0.0636523500980924	-1.37331879644959	0.16965326169712	-0.0808483651710584	-0.0403426405256857	-0.0808483651710584
QualEngag	~	hprecalc13	1	1		0.143948309775539	0.0671705159529706	2.14302819821012	0.0321108341899281	0.133134927238856	0.0633845428446867	0.133134927238856
QualEngag	~	hchallenge_c	1	1		-0.0371457656798752	0.0387045571016927	-0.959725894350841	0.337193187355229	-0.0343553795020813	-0.0283113021463315	-0.0343553795020813
QualEngag	~	cSFcareer_c	1	1		-0.0415395417306687	0.0314131047074019	-1.32236345683083	0.186047151355375	-0.0384190955383332	-0.0358158300887246	-0.0384190955383332
DevAdj	~	x_FASt	1	1	W4__c_g1	0.0313001559065577	0.0406730258640717	0.769555626649517	0.441563535389055	0.112497418433942	0.056222903660752	0.112497418433942
DevAdj	~	credit_dose_c	1	1	W4__cc_g1	-0.0266777427159369	0.0349284805938235	-0.763781941337992	0.444997200174729	-0.0958837775168723	-0.150613519803152	-0.0958837775168723
DevAdj	~	XZ_c	1	1	W4__cz_g1	0.0386034516432781	0.0381738915239231	1.01125272017619	0.31189548874126	0.138746550192053	0.183579213501355	0.138746550192053
DevAdj	~	EmoDiss	1	1	W4__b1_g1	-0.135007319929043	0.017982407510239	-7.50774443589778	6.01740879346835e-14	-0.431986529332684	-0.431986529332684	-0.431986529332684
DevAdj	~	QualEngag	1	1	W4__b2_g1	0.112550509263341	0.0139536165355022	8.06604574355172	6.66133814775094e-16	0.437379158464485	0.437379158464485	0.437379158464485
DevAdj	~	cohort	1	1	W4__g3_g1	-0.0487982770256279	0.021404162596296	-2.27984985659156	0.022616594882326	-0.175388269815529	-0.0876462683788004	-0.175388269815529
DevAdj	~	hgrades_c	1	1		0.015282127311686	0.00982463315265489	1.55549088441601	0.119829203889929	0.0549262398524769	0.0587984750232347	0.0549262398524769
DevAdj	~	bparented_c	1	1		0.00928646642682748	0.00960716968244691	0.96661834169481	0.333734862022395	0.0333769423548682	0.041075238443375	0.0333769423548682
DevAdj	~	pell	1	1		-0.0319848685680092	0.0227607821872259	-1.40526227547488	0.159943301789533	-0.114958377638499	-0.0571191304250785	-0.114958377638499
DevAdj	~	hapcl	1	1		0.0100460483297878	0.0216198063015158	0.464668748169286	0.642168691793291	0.0361069927554885	0.0180170795799796	0.0361069927554885
DevAdj	~	hprecalc13	1	1		0.00203729926587001	0.0225075394791032	0.0905163031152966	0.927876939120467	0.00732235675349216	0.00348611927006294	0.00732235675349216
DevAdj	~	hchallenge_c	1	1		0.0047795819357381	0.0141473303786517	0.337843381600142	0.735481216190398	0.0171785287769569	0.0141563424908292	0.0171785287769569
DevAdj	~	cSFcareer_c	1	1		0.00779782911712601	0.0122714670512712	0.635443919178209	0.525138931675447	0.0280265583240085	0.0261274878244562	0.0280265583240085
sbvalued	~~	sbvalued	1	1		0.27996941613016	0.0157032310330362	17.8287777554291	0	0.27996941613016	0.504773064456677	0.504773064456677
sbmyself	~~	sbmyself	1	1		0.268968150843177	0.0131087196060324	20.5182625707703	0	0.268968150843177	0.534804713134234	0.534804713134234
sbcommunity	~~	sbcommunity	1	1		0.245867441935548	0.0186279902269385	13.1988174215376	0	0.245867441935548	0.384606518711313	0.384606518711313
pganalyze	~~	pganalyze	1	1		0.246242851534952	0.0138711068076124	17.7522136445389	0	0.246242851534952	0.619484631039471	0.619484631039471
pgthink	~~	pgthink	1	1		0.258155092755349	0.0117918362667739	21.8926965160429	0	0.258155092755349	0.78733624939758	0.78733624939758
pgwork	~~	pgwork	1	1		0.254572030794527	0.0106420026318897	23.9214403153481	0	0.254572030794527	0.778918592488262	0.778918592488262
pgvalues	~~	pgvalues	1	1		0.247056625185668	0.0118101407824025	20.919024568597	0	0.247056625185668	0.74091594037231	0.74091594037231
pgprobsolve	~~	pgprobsolve	1	1		0.235413044609975	0.0139564036038741	16.8677441045506	0	0.235413044609975	0.596878652956021	0.596878652956021
SEacademic	~~	SEacademic	1	1		0.210979105228654	0.00853333219458105	24.7241171933553	0	0.210979105228654	0.735909092793118	0.735909092793118
SEwellness	~~	SEwellness	1	1		0.238064845284912	0.0106761168868098	22.2988234213733	0	0.238064845284912	0.641772490706284	0.641772490706284
SEnonacad	~~	SEnonacad	1	1		0.215451914518449	0.0118654735506132	18.1578858694025	0	0.215451914518449	0.597001262582035	0.597001262582035
SEactivities	~~	SEactivities	1	1		0.212592670694948	0.0116415719125386	18.2615090377936	0	0.212592670694948	0.545819990666878	0.545819990666878
SEdiverse	~~	SEdiverse	1	1		0.236992973748903	0.0100774773236565	23.5170932305221	0	0.236992973748903	0.700010132011868	0.700010132011868
sameinst	~~	sameinst	1	1		0.214209024459949	0.0183688392666887	11.6615438433505	0	0.214209024459949	0.551191697403429	0.551191697403429
evalexp	~~	evalexp	1	1		0.249800820098728	0.0287089212908244	8.70115660453483	0	0.249800820098728	0.492683511008196	0.492683511008196
MHWdacad	~~	MHWdacad	1	1		1.38546555799655	0.0628697330269616	22.0370835263829	0	1.38546555799655	0.636109982185582	0.636109982185582
MHWdlonely	~~	MHWdlonely	1	1		1.51988117545775	0.0615926928717075	24.6763228654986	0	1.51988117545775	0.754798631215496	0.754798631215496
MHWdmental	~~	MHWdmental	1	1		1.3222261901239	0.0650652078647616	20.321554844982	0	1.3222261901239	0.620750998484293	0.620750998484293
MHWdexhaust	~~	MHWdexhaust	1	1		1.54528564170336	0.0669794869918382	23.0710283268019	0	1.54528564170336	0.698066270466365	0.698066270466365
MHWdsleep	~~	MHWdsleep	1	1		1.37095798448758	0.0623942663555249	21.9724994709579	0	1.37095798448758	0.639893757488614	0.639893757488614
MHWdfinancial	~~	MHWdfinancial	1	1		1.54837417645041	0.0657776269587691	23.5395262498747	0	1.54837417645041	0.659941285043693	0.659941285043693
QIadmin	~~	QIadmin	1	1		0.827486434722784	0.0481238500909262	17.1949341783609	0	0.827486434722784	0.414463184930685	0.414463184930685
QIstudent	~~	QIstudent	1	1		0.896108260667185	0.0415272849664406	21.578782754311	0	0.896108260667185	0.523147026088371	0.523147026088371
QIadvisor	~~	QIadvisor	1	1		0.891375434161703	0.0438202284921792	20.3416427716891	0	0.891375434161703	0.475410703595662	0.475410703595662
QIfaculty	~~	QIfaculty	1	1		0.932524991154901	0.0496132039414893	18.7959034505141	0	0.932524991154901	0.52809932927966	0.52809932927966
QIstaff	~~	QIstaff	1	1		1.01428295757133	0.0421981981548851	24.0361674649824	0	1.01428295757133	0.566861128012027	0.566861128012027
Belong	~~	Belong	1	1		0.197262782961482	0.0172504170486313	11.4352471830317	0	0.718168708288539	0.718168708288539	0.718168708288539
Gains	~~	Gains	1	1		0.111500543968048	0.0134309307824393	8.30177340455305	0	0.737176849715793	0.737176849715793	0.737176849715793
SupportEnv	~~	SupportEnv	1	1		0.0645936582896538	0.00809128331783089	7.98311661480296	1.33226762955019e-15	0.853141672774016	0.853141672774016	0.853141672774016
Satisf	~~	Satisf	1	1		0.117141374815901	0.0163874832346365	7.1482224047871	8.79074590898199e-13	0.671605645494726	0.671605645494726	0.671605645494726
DevAdj	~~	DevAdj	1	1		0.0455122101280499	0.00793340157039307	5.73678386556133	9.64912638679039e-09	0.587922440640418	0.587922440640418	0.587922440640418
EmoDiss	~~	EmoDiss	1	1		0.653558920206253	0.0563371816138332	11.6008451520723	0	0.824614716633845	0.824614716633845	0.824614716633845
QualEngag	~~	QualEngag	1	1		1.02421026892982	0.0653693190866434	15.6680577867468	0	0.876112742176991	0.876112742176991	0.876112742176991
x_FASt	~~	x_FASt	1	1		0.249770664633078	0	NA	NA	0.249770664633078	1	0.249770664633078
x_FASt	~~	credit_dose_c	1	1		0.593350195249618	0	NA	NA	0.593350195249618	0.755825521504279	0.593350195249618
x_FASt	~~	XZ_c	1	1		0.437099555591094	0	NA	NA	0.437099555591094	0.6610104705744	0.437099555591094
x_FASt	~~	cohort	1	1		0.00417873444559824	0	NA	NA	0.00417873444559824	0.01673174248473	0.00417873444559824
x_FASt	~~	hgrades_c	1	1		0.0214913887298291	0	NA	NA	0.0214913887298291	0.0401705308950338	0.0214913887298291
x_FASt	~~	bparented_c	1	1		-0.0213278373362881	0	NA	NA	-0.0213278373362881	-0.0346770832043139	-0.0213278373362881
x_FASt	~~	pell	1	1		0.00916243792464	0	NA	NA	0.00916243792464	0.0368977062940118	0.00916243792464
x_FASt	~~	hapcl	1	1		0.00468727071354691	0	NA	NA	0.00468727071354691	0.0187956021751044	0.00468727071354691
x_FASt	~~	hprecalc13	1	1		-0.0141069686409756	0	NA	NA	-0.0141069686409756	-0.0592886592142846	-0.0141069686409756
x_FASt	~~	hchallenge_c	1	1		0.000329017790189871	0	NA	NA	0.000329017790189871	0.000798883721780249	0.000329017790189871
x_FASt	~~	cSFcareer_c	1	1		-0.0184693122955782	0	NA	NA	-0.0184693122955782	-0.0396416867567085	-0.0184693122955782
credit_dose_c	~~	credit_dose_c	1	1		2.46738911763512	0	NA	NA	2.46738911763512	1	2.46738911763512
credit_dose_c	~~	XZ_c	1	1		2.02410245800575	0	NA	NA	2.02410245800575	0.973895498540477	2.02410245800575
credit_dose_c	~~	cohort	1	1		-0.0208201594624625	0	NA	NA	-0.0208201594624625	-0.0265235922297617	-0.0208201594624625
credit_dose_c	~~	hgrades_c	1	1		0.0548076812055401	0	NA	NA	0.0548076812055401	0.0325939062809553	0.0548076812055401
credit_dose_c	~~	bparented_c	1	1		-0.0517995950693984	0	NA	NA	-0.0517995950693984	-0.0267962485675031	-0.0517995950693984
credit_dose_c	~~	pell	1	1		0.0270715014293931	0	NA	NA	0.0270715014293931	0.0346858674085491	0.0270715014293931
credit_dose_c	~~	hapcl	1	1		0.000540266395961886	0	NA	NA	0.000540266395961886	0.000689280599882909	0.000540266395961886
credit_dose_c	~~	hprecalc13	1	1		-0.0595280139619926	0	NA	NA	-0.0595280139619926	-0.0795996602027369	-0.0595280139619926
credit_dose_c	~~	hchallenge_c	1	1		0.070504940597143	0	NA	NA	0.070504940597143	0.0544672732523603	0.070504940597143
credit_dose_c	~~	cSFcareer_c	1	1		-0.128143902573364	0	NA	NA	-0.128143902573364	-0.0875087013929179	-0.128143902573364
XZ_c	~~	XZ_c	1	1		1.75066328028688	0	NA	NA	1.75066328028688	1	1.75066328028688
XZ_c	~~	cohort	1	1		-0.028433222541964	0	NA	NA	-0.028433222541964	-0.0430023199758875	-0.028433222541964
XZ_c	~~	hgrades_c	1	1		0.0344244551086144	0	NA	NA	0.0344244551086144	0.0243041014824815	0.0344244551086144
XZ_c	~~	bparented_c	1	1		-0.0421903897049272	0	NA	NA	-0.0421903897049272	-0.0259106722605595	-0.0421903897049272
XZ_c	~~	pell	1	1		0.0230141540409072	0	NA	NA	0.0230141540409072	0.0350068265944112	0.0230141540409072
XZ_c	~~	hapcl	1	1		-0.0020698890623474	0	NA	NA	-0.0020698890623474	-0.00313510925705215	-0.0020698890623474
XZ_c	~~	hprecalc13	1	1		-0.05190210263176	0	NA	NA	-0.05190210263176	-0.0823933732745157	-0.05190210263176
XZ_c	~~	hchallenge_c	1	1		0.0691188468347225	0	NA	NA	0.0691188468347225	0.063391361294405	0.0691188468347225
XZ_c	~~	cSFcareer_c	1	1		-0.105378193563111	0	NA	NA	-0.105378193563111	-0.0854321927893349	-0.105378193563111
cohort	~~	cohort	1	1		0.249727156979193	0	NA	NA	0.249727156979193	1	0.249727156979193
cohort	~~	hgrades_c	1	1		-0.0407239353416107	0	NA	NA	-0.0407239353416107	-0.0761255878444198	-0.0407239353416107
cohort	~~	bparented_c	1	1		-0.0404256986717347	0	NA	NA	-0.0404256986717347	-0.0657341578652923	-0.0404256986717347
cohort	~~	pell	1	1		-0.000270688116383644	0	NA	NA	-0.000270688116383644	-0.00109017280098777	-0.000270688116383644
cohort	~~	hapcl	1	1		0.0166802765595166	0	NA	NA	0.0166802765595166	0.066892477699488	0.0166802765595166
cohort	~~	hprecalc13	1	1		0.0185570017617102	0	NA	NA	0.0185570017617102	0.077998017708573	0.0185570017617102
cohort	~~	hchallenge_c	1	1		-0.0108587781278774	0	NA	NA	-0.0108587781278774	-0.0263683514522927	-0.0108587781278774
cohort	~~	cSFcareer_c	1	1		-0.013696151010342	0	NA	NA	-0.013696151010342	-0.0293993524477339	-0.013696151010342
hgrades_c	~~	hgrades_c	1	1		1.1459677265106	0	NA	NA	1.1459677265106	1	1.1459677265106
hgrades_c	~~	bparented_c	1	1		0.0906946241022255	0	NA	NA	0.0906946241022255	0.068843320147148	0.0906946241022255
hgrades_c	~~	pell	1	1		-0.0259267409549903	0	NA	NA	-0.0259267409549903	-0.0487439561022219	-0.0259267409549903
hgrades_c	~~	hapcl	1	1		-0.0637808702518869	0	NA	NA	-0.0637808702518869	-0.119401881192476	-0.0637808702518869
hgrades_c	~~	hprecalc13	1	1		-0.0284259604231587	0	NA	NA	-0.0284259604231587	-0.0557747453981505	-0.0284259604231587
hgrades_c	~~	hchallenge_c	1	1		0.00716597511227122	0	NA	NA	0.00716597511227122	0.00812314129771328	0.00716597511227122
hgrades_c	~~	cSFcareer_c	1	1		0.0167108874926501	0	NA	NA	0.0167108874926501	0.0167450110033711	0.0167108874926501
bparented_c	~~	bparented_c	1	1		1.51449236788213	0	NA	NA	1.51449236788213	1	1.51449236788213
bparented_c	~~	pell	1	1		0.0489695687744446	0	NA	NA	0.0489695687744446	0.0800851095639447	0.0489695687744446
bparented_c	~~	hapcl	1	1		0.0101702263160398	0	NA	NA	0.0101702263160398	0.0165616649640954	0.0101702263160398
bparented_c	~~	hprecalc13	1	1		-0.00579396287604389	0	NA	NA	-0.00579396287604389	-0.00988896424301942	-0.00579396287604389
bparented_c	~~	hchallenge_c	1	1		-0.00846758273609133	0	NA	NA	-0.00846758273609133	-0.00834950655147235	-0.00846758273609133
bparented_c	~~	cSFcareer_c	1	1		0.0250987499484687	0	NA	NA	0.0250987499484687	0.0218771458778679	0.0250987499484687
pell	~~	pell	1	1		0.246877733739538	0	NA	NA	0.246877733739538	1	0.246877733739538
pell	~~	hapcl	1	1		0.0143815338753797	0	NA	NA	0.0143815338753797	0.0580057664432428	0.0143815338753797
pell	~~	hprecalc13	1	1		-0.00108434255845025	0	NA	NA	-0.00108434255845025	-0.00458388997846837	-0.00108434255845025
pell	~~	hchallenge_c	1	1		0.0158875184890688	0	NA	NA	0.0158875184890688	0.0388016338830073	0.0158875184890688
pell	~~	cSFcareer_c	1	1		-0.0073027513267023	0	NA	NA	-0.0073027513267023	-0.0157658600347663	-0.0073027513267023
hapcl	~~	hapcl	1	1		0.248992437039826	0	NA	NA	0.248992437039826	1	0.248992437039826
hapcl	~~	hprecalc13	1	1		-0.00568888521666339	0	NA	NA	-0.00568888521666339	-0.0239465380378815	-0.00568888521666339
hapcl	~~	hchallenge_c	1	1		-0.0159673756958559	0	NA	NA	-0.0159673756958559	-0.0388307135805316	-0.0159673756958559
hapcl	~~	cSFcareer_c	1	1		0.012010332536087	0	NA	NA	0.012010332536087	0.0258186820627386	0.012010332536087
hprecalc13	~~	hprecalc13	1	1		0.226664086423606	0	NA	NA	0.226664086423606	1	0.226664086423606
hprecalc13	~~	hchallenge_c	1	1		0.00107213264470468	0	NA	NA	0.00107213264470468	0.00273270070130116	0.00107213264470468
hprecalc13	~~	cSFcareer_c	1	1		-0.00625597938757207	0	NA	NA	-0.00625597938757207	-0.0140953565945324	-0.00625597938757207
hchallenge_c	~~	hchallenge_c	1	1		0.679094462060503	0	NA	NA	0.679094462060503	1	0.679094462060503
hchallenge_c	~~	cSFcareer_c	1	1		-0.0161411921709266	0	NA	NA	-0.0161411921709266	-0.0210108019501561	-0.0161411921709266
cSFcareer_c	~~	cSFcareer_c	1	1		0.869072022481789	0	NA	NA	0.869072022481789	1	0.869072022481789
sbvalued	~1		1	1		2.88738265459713	0.0524148783290583	55.0870811236129	0	2.88738265459713	3.87701189529452	3.87701189529452
sbmyself	~1		1	1		2.95394126246686	0.0493399462656471	59.8691625354188	0	2.95394126246686	4.16532640778842	4.16532640778842
sbcommunity	~1		1	1		2.64343716651449	0.0619038149083649	42.7023305498623	0	2.64343716651449	3.30618233337969	3.30618233337969
pganalyze	~1		1	1		2.91724690704337	0.0384588707457618	75.8536808407162	0	2.91724690704337	4.62707607978185	4.62707607978185
pgthink	~1		1	1		2.85053609257067	0.0283821778227598	100.434015683068	0	2.85053609257067	4.97813098133251	4.97813098133251
pgwork	~1		1	1		2.80465351203237	0.0289890032281872	96.7488771502599	0	2.80465351203237	4.905913738542	4.905913738542
pgvalues	~1		1	1		2.80874239984751	0.0309997822202031	90.6052300592295	0	2.80874239984751	4.86405108170833	4.86405108170833
pgprobsolve	~1		1	1		2.9163789322663	0.0390878676305361	74.610847535412	0	2.9163789322663	4.64378082187536	4.64378082187536
SEacademic	~1		1	1		2.80894789489045	0.0241279016240704	116.419071109284	0	2.80894789489045	5.24609371793716	5.24609371793716
SEwellness	~1		1	1		2.68368885465608	0.0305051723384134	87.9748793051947	0	2.68368885465608	4.40631029321885	4.40631029321885
SEnonacad	~1		1	1		2.57376108376083	0.0318011571444734	80.9329381339231	0	2.57376108376083	4.28430791192365	4.28430791192365
SEactivities	~1		1	1		2.54147960052909	0.0345728627116099	73.510823264156	0	2.54147960052909	4.07227598391257	4.07227598391257
SEdiverse	~1		1	1		2.69823016815554	0.0270539960640505	99.734995220945	0	2.69823016815554	4.63728108946935	4.63728108946935
sameinst	~1		1	1		3.33840102193364	0.0442110598178463	75.5105404776126	0	3.33840102193364	5.35514157124483	5.35514157124483
evalexp	~1		1	1		3.27960692385358	0.0540226011040769	60.7080528672671	0	3.27960692385358	4.60584033287978	4.60584033287978
MHWdacad	~1		1	1		3.6028267543034	0.111408337814328	32.3389328391905	0	3.6028267543034	2.44124640964569	2.44124640964569
MHWdlonely	~1		1	1		3.11989359308472	0.0920874481511455	33.8796834500611	0	3.11989359308472	2.19862173096254	2.19862173096254
MHWdmental	~1		1	1		3.31324698395095	0.112112325240917	29.5529236132705	0	3.31324698395095	2.27017662215302	2.27017662215302
MHWdexhaust	~1		1	1		3.95822604857055	0.109075077451478	36.289005160976	0	3.95822604857055	2.66038527191816	2.66038527191816
MHWdsleep	~1		1	1		3.74753680454678	0.113567504886915	32.998319442506	0	3.74753680454678	2.56028181076254	2.56028181076254
MHWdfinancial	~1		1	1		3.19469991370759	0.116605983242091	27.3973926970363	0	3.19469991370759	2.08566598956549	2.08566598956549
QIadmin	~1		1	1		4.39153250590017	0.124900771115032	35.1601712839355	0	4.39153250590017	3.10798304011053	3.10798304011053
QIstudent	~1		1	1		5.07847489761077	0.106958374288904	47.4808534757024	0	5.07847489761077	3.88029684032283	3.88029684032283
QIadvisor	~1		1	1		4.73799358224401	0.115370659529651	41.0675782002123	0	4.73799358224401	3.46017939259824	3.46017939259824
QIfaculty	~1		1	1		4.99949700614741	0.106677910688095	46.8653442301185	0	4.99949700614741	3.76230397016616	3.76230397016616
QIstaff	~1		1	1		4.66664861804164	0.104914658488404	44.4804251882251	0	4.66664861804164	3.48870200999642	3.48870200999642
x_FASt	~1		1	1		0.484856177268531	0	NA	NA	0.484856177268531	0.970157439458896	0.484856177268531
credit_dose_c	~1		1	1		0.526238211300078	0	NA	NA	0.526238211300078	0.335014463768728	0.526238211300078
XZ_c	~1		1	1		0.848500042713203	0	NA	NA	0.848500042713203	0.64128422558798	0.848500042713203
cohort	~1		1	1		0.516517960552287	0	NA	NA	0.516517960552287	1.03360009622296	0.516517960552287
hgrades_c	~1		1	1		0.437786704363219	0	NA	NA	0.437786704363219	0.40895580231592	0.437786704363219
bparented_c	~1		1	1		-0.0607589673952981	0	NA	NA	-0.0607589673952981	-0.0493715588550957	-0.0607589673952981
pell	~1		1	1		1.5558772427779	0	NA	NA	1.5558772427779	3.13136986335981	1.5558772427779
hapcl	~1		1	1		0.531742132256259	0	NA	NA	0.531742132256259	1.06563381884038	0.531742132256259
hprecalc13	~1		1	1		0.347239031240325	0	NA	NA	0.347239031240325	0.729352001038324	0.347239031240325
hchallenge_c	~1		1	1		-0.0277171693313875	0	NA	NA	-0.0277171693313875	-0.0336344074243385	-0.0277171693313875
cSFcareer_c	~1		1	1		-0.0282133077369657	0	NA	NA	-0.0282133077369657	-0.030263985581619	-0.0282133077369657
Belong	~1		1	1		0	0	NA	NA	0	0	0
Gains	~1		1	1		0	0	NA	NA	0	0	0
SupportEnv	~1		1	1		0	0	NA	NA	0	0	0
Satisf	~1		1	1		0	0	NA	NA	0	0	0
DevAdj	~1		1	1		0	0	NA	NA	0	0	0
EmoDiss	~1		1	1		0	0	NA	NA	0	0	0
QualEngag	~1		1	1		0	0	NA	NA	0	0	0
Belong	=~	sbvalued	2	2		1	0	NA	NA	0.508300124088335	0.695009248395155	0.695009248395155
Belong	=~	sbmyself	2	2		1.00041955339477	0.0437696059272188	22.8564898449918	0	0.508513383130958	0.720161666388354	0.720161666388354
Belong	=~	sbcommunity	2	2		1.08347013692349	0.0500919966505497	21.6296057129038	0	0.550728005044214	0.703737554461399	0.703737554461399
Gains	=~	pganalyze	2	2		1	0	NA	NA	0.400474347559745	0.641697690188402	0.641697690188402
Gains	=~	pgthink	2	2		0.663431929109115	0.0458482241025182	14.4701772445026	0	0.265687468960276	0.459491761701351	0.459491761701351
Gains	=~	pgwork	2	2		0.811717108183664	0.0499911437671661	16.237218175368	0	0.325071879302936	0.549516427129773	0.549516427129773
Gains	=~	pgvalues	2	2		0.752319768486613	0.0545821378086465	13.7832594817757	0	0.301284768440975	0.522310326556274	0.522310326556274
Gains	=~	pgprobsolve	2	2		0.842355529277207	0.0530381694392654	15.8820626387153	0	0.337341781000633	0.573165345137938	0.573165345137938
SupportEnv	=~	SEacademic	2	2		1	0	NA	NA	0.301768014829293	0.584491963542133	0.584491963542133
SupportEnv	=~	SEwellness	2	2		1.22744909546424	0.0642043959447835	19.1178357400926	0	0.370404876842255	0.635957520362698	0.635957520362698
SupportEnv	=~	SEnonacad	2	2		1.22595957326643	0.0690754875172474	17.7481132212106	0	0.369955386685577	0.602672125971077	0.602672125971077
SupportEnv	=~	SEactivities	2	2		1.38254068613045	0.0699865526892253	19.7543761337926	0	0.417206558274315	0.666914377943233	0.666914377943233
SupportEnv	=~	SEdiverse	2	2		1.07779729705749	0.0605749052229582	17.7928020372535	0	0.325244750721416	0.563420212280705	0.563420212280705
Satisf	=~	sameinst	2	2		1	0	NA	NA	0.488696603661042	0.728045637105075	0.728045637105075
Satisf	=~	evalexp	2	2		1.04184978635765	0.093381382231727	11.1569325861153	0	0.509148452117964	0.750405140668063	0.750405140668063
DevAdj	=~	Belong	2	2		1	0	NA	NA	0.479061133889944	0.479061133889944	0.479061133889944
DevAdj	=~	Gains	2	2		1.02090876654389	0.124884192513585	8.17484379724707	2.22044604925031e-16	0.620759513953338	0.620759513953338	0.620759513953338
DevAdj	=~	SupportEnv	2	2		0.492960540303576	0.0655612954933439	7.51907869718078	5.50670620214078e-14	0.397786559409318	0.397786559409318	0.397786559409318
DevAdj	=~	Satisf	2	2		1.10005030097491	0.135780954771572	8.10165389413819	4.44089209850063e-16	0.54813101586297	0.54813101586297	0.54813101586297
EmoDiss	=~	MHWdacad	2	2		1	0	NA	NA	0.735380951962699	0.498964879552133	0.498964879552133
EmoDiss	=~	MHWdlonely	2	2		0.955911611454632	0.0635792333415138	15.0349659977808	0	0.702959190823705	0.488774534964115	0.488774534964115
EmoDiss	=~	MHWdmental	2	2		1.28121286685556	0.0708109897842248	18.0934184193679	0	0.942179537695104	0.620964387483146	0.620964387483146
EmoDiss	=~	MHWdexhaust	2	2		1.13933250866137	0.0705949948046621	16.1389984065291	0	0.837843424821451	0.578808609609089	0.578808609609089
EmoDiss	=~	MHWdsleep	2	2		1.11316108713763	0.0674074316108015	16.513922286267	0	0.818597459947105	0.576523028838137	0.576523028838137
EmoDiss	=~	MHWdfinancial	2	2		1.18518219170687	0.0706488403354436	16.7756779315778	0	0.871560408386633	0.58774526179617	0.58774526179617
QualEngag	=~	QIadmin	2	2		1	0	NA	NA	1.04528679409718	0.716505225815105	0.716505225815105
QualEngag	=~	QIstudent	2	2		0.872304409405356	0.0357025302487249	24.4325655164597	0	0.91180827958416	0.678359250113861	0.678359250113861
QualEngag	=~	QIadvisor	2	2		0.929312667270878	0.0345699449472675	26.8820985595563	0	0.971398258685477	0.710220039925725	0.710220039925725
QualEngag	=~	QIfaculty	2	2		0.931658474997462	0.0340977422981984	27.3231719229307	0	0.973850300523566	0.70283248264538	0.70283248264538
QualEngag	=~	QIstaff	2	2		0.902505806306833	0.0340008437544836	26.5436297058899	0	0.94337740092856	0.711933280670282	0.711933280670282
EmoDiss	~	x_FASt	2	2	W4__a1_g2	-0.100576391040013	0.0619648859523162	-1.62311911809875	0.10456394348479	-0.136767740273363	-0.0683701664457156	-0.136767740273363
EmoDiss	~	credit_dose_c	2	2	W4__a1c_g2	0.515552079810325	0.0672876235063317	7.66191541542276	1.82076576038526e-14	0.701068036144178	1.07962883712752	0.701068036144178
EmoDiss	~	XZ_c	2	2	W4__a1z_g2	-0.362786979390521	0.0679475487427516	-5.33922100360129	9.3346798291094e-08	-0.493332032087939	-0.645588227205992	-0.493332032087939
EmoDiss	~	cohort	2	2	W4__g1_g2	-0.014025497637527	0.0366965172036591	-0.382202418820511	0.702311227831401	-0.0190724244353808	-0.00952821287528591	-0.0190724244353808
EmoDiss	~	hgrades_c	2	2		-0.0118187870175946	0.01773477549305	-0.666418755750601	0.505143477477125	-0.0160716523674577	-0.0166996191689528	-0.0160716523674577
EmoDiss	~	bparented_c	2	2		-0.0595897107930323	0.0144349665139019	-4.12815026177188	3.65693123893784e-05	-0.0810324371796549	-0.0986491607833131	-0.0810324371796549
EmoDiss	~	pell	2	2		0.160740817998987	0.0372329322282648	4.31716785058802	1.58043975286848e-05	0.218581699145154	0.108983946614759	0.218581699145154
EmoDiss	~	hapcl	2	2		-0.00311092832697984	0.0371469058391693	-0.0837466339847758	0.933257878790436	-0.00423036294138012	-0.0021116784468609	-0.00423036294138012
EmoDiss	~	hprecalc13	2	2		-0.0413307303117893	0.0391724413848446	-1.05509712569969	0.291380906473137	-0.0562031559309218	-0.0271404117156766	-0.0562031559309218
EmoDiss	~	hchallenge_c	2	2		0.0280052566362895	0.0228570533280007	1.22523477695972	0.220486774850611	0.0380826516672001	0.0310778959160233	0.0380826516672001
EmoDiss	~	cSFcareer_c	2	2		0.00218196115140313	0.0193042105380052	0.113030322949876	0.910006515018005	0.00296711676523518	0.0027148247618402	0.00296711676523518
QualEngag	~	x_FASt	2	2	W4__a2_g2	-0.0564561923942863	0.0860908200960537	-0.655774823974225	0.511969017421301	-0.0540102416993107	-0.0269997091958563	-0.0540102416993107
QualEngag	~	credit_dose_c	2	2	W4__a2c_g2	0.137357134871996	0.0890586196728296	1.54232274626081	0.122995184161542	0.131406170677428	0.2023625153703	0.131406170677428
QualEngag	~	XZ_c	2	2	W4__a2z_g2	-0.402222099360468	0.0934370683530869	-4.30473800655347	1.6718346905531e-05	-0.384795925512356	-0.503554813451336	-0.384795925512356
QualEngag	~	cohort	2	2	W4__g2_g2	-0.0274792431353827	0.0510704074131257	-0.538065868813104	0.590531574897672	-0.0262887116632107	-0.0131333298392529	-0.0262887116632107
QualEngag	~	hgrades_c	2	2		0.042082006844818	0.0253456515397908	1.66032452465277	0.0968491846038679	0.0402588142148724	0.041831844679723	0.0402588142148724
QualEngag	~	bparented_c	2	2		0.0214124538689756	0.0199983712587891	1.07070988891483	0.284299894957936	0.0204847645544682	0.0249382210689501	0.0204847645544682
QualEngag	~	pell	2	2		-0.0949806760003085	0.051381507595335	-1.84853813065096	0.0645245335480598	-0.0908656614975642	-0.0453052494353109	-0.0908656614975642
QualEngag	~	hapcl	2	2		0.0686621862160736	0.0507122484839864	1.3539566528539	0.175750207449606	0.0656874138311271	0.0327893133377276	0.0656874138311271
QualEngag	~	hprecalc13	2	2		0.135472129983965	0.0534003826962426	2.53691309207597	0.011183471338297	0.129602833164053	0.0625849953321803	0.129602833164053
QualEngag	~	hchallenge_c	2	2		-0.0139902929300086	0.029277108314911	-0.477857743993222	0.632751458707648	-0.0133841669186035	-0.0109223420168847	-0.0133841669186035
QualEngag	~	cSFcareer_c	2	2		-0.014023627545012	0.0279711931285366	-0.501359648141177	0.616118033160412	-0.0134160573195841	-0.0122752987156498	-0.0134160573195841
DevAdj	~	x_FASt	2	2	W4__c_g2	-0.0414728754014561	0.0247867175013458	-1.67318949752844	0.0942899972212681	-0.170315036969976	-0.0851404534619876	-0.170315036969976
DevAdj	~	credit_dose_c	2	2	W4__cc_g2	0.0377440038138411	0.0249568008676939	1.51237348143848	0.130438877198138	0.155001825716757	0.238699287691971	0.155001825716757
DevAdj	~	XZ_c	2	2	W4__cz_g2	-0.0145776075787462	0.0265755532661262	-0.5485344908069	0.583324953170557	-0.0598652914627855	-0.0783414108000602	-0.0598652914627855
DevAdj	~	EmoDiss	2	2	W4__b1_g2	-0.159227293402987	0.0191835552512704	-8.30019729489102	0	-0.480860092395877	-0.480860092395877	-0.480860092395877
DevAdj	~	QualEngag	2	2	W4__b2_g2	0.103031575870168	0.0139746274455705	7.37276011625094	1.67199587508549e-13	0.442277302655127	0.442277302655127	0.442277302655127
DevAdj	~	cohort	2	2	W4__g3_g2	-0.0065918972363851	0.0151687493461052	-0.434570911943881	0.663873912568451	-0.0270706868199882	-0.0135239894421893	-0.0270706868199882
DevAdj	~	hgrades_c	2	2		0.0407965413501973	0.00683304342001556	5.97047886900512	2.36558217459049e-09	0.167537562347607	0.17408374843677	0.167537562347607
DevAdj	~	bparented_c	2	2		-0.00426997513630949	0.00601018746921839	-0.710456230887717	0.477421263848829	-0.0175353400544756	-0.0213475817910898	-0.0175353400544756
DevAdj	~	pell	2	2		0.0177324845325016	0.0157792224064825	1.12378696970623	0.261103410621601	0.0728213013804319	0.0363084048348986	0.0728213013804319
DevAdj	~	hapcl	2	2		0.0425848209772966	0.0153121424522628	2.78111447239073	0.00541726314413005	0.174881420419994	0.0872958966818205	0.174881420419994
DevAdj	~	hprecalc13	2	2		0.00036429049188979	0.0158049117633557	0.0230491949176465	0.981611031487766	0.00149601752937155	0.000722424408531734	0.00149601752937155
DevAdj	~	hchallenge_c	2	2		0.0291839052582163	0.00998276176159471	2.92343000415891	0.00346198052486102	0.119848403441225	0.097804014289686	0.119848403441225
DevAdj	~	cSFcareer_c	2	2		0.00114168831411133	0.00753934366075774	0.151430729979032	0.879635949950399	0.00468852679115742	0.00428986441596155	0.00468852679115742
sbvalued	~~	sbvalued	2	2		0.276514561368582	0.013141035352432	21.0420681439995	0	0.276514561368582	0.516962144645201	0.516962144645201
sbmyself	~~	sbmyself	2	2		0.24000552790476	0.0124145292783051	19.3326321541792	0	0.24000552790476	0.48136717426475	0.48136717426475
sbcommunity	~~	sbcommunity	2	2		0.309123603633386	0.0151929038802899	20.3465779859517	0	0.309123603633386	0.50475345444069	0.50475345444069
pganalyze	~~	pganalyze	2	2		0.229103248924397	0.0101161646546183	22.6472439651133	0	0.229103248924397	0.588224074406869	0.588224074406869
pgthink	~~	pgthink	2	2		0.263748895902288	0.00999901536121942	26.3774868198745	0	0.263748895902288	0.788867320928589	0.788867320928589
pgwork	~~	pgwork	2	2		0.2442713813009	0.00955962471576164	25.5524027944478	0	0.2442713813009	0.698031696314529	0.698031696314529
pgvalues	~~	pgvalues	2	2		0.241961447714207	0.00990384140139498	24.4310705218004	0	0.241961447714207	0.727191922772679	0.727191922772679
pgprobsolve	~~	pgprobsolve	2	2		0.232602545056406	0.00944682362991601	24.6223020740861	0	0.232602545056406	0.671481487132908	0.671481487132908
SEacademic	~~	SEacademic	2	2		0.175492593486014	0.0065290650280969	26.878671407132	0	0.175492593486014	0.658369144554662	0.658369144554662
SEwellness	~~	SEwellness	2	2		0.20203251204771	0.00804114704053769	25.1248374179961	0	0.20203251204771	0.595558032294128	0.595558032294128
SEnonacad	~~	SEnonacad	2	2		0.239955228011848	0.00912251459337125	26.303627750424	0	0.239955228011848	0.636786308577502	0.636786308577502
SEactivities	~~	SEactivities	2	2		0.2172857630529	0.00912320807076366	23.8168154631063	0	0.2172857630529	0.55522521249259	0.55522521249259
SEdiverse	~~	SEdiverse	2	2		0.227454793524396	0.00830339717098822	27.3929801068791	0	0.227454793524396	0.682557664393565	0.682557664393565
sameinst	~~	sameinst	2	2		0.211744760417091	0.021645993541657	9.78216869600352	0	0.211744760417091	0.469949550292266	0.469949550292266
evalexp	~~	evalexp	2	2		0.201127507225525	0.0216360089143607	9.29596156211734	0	0.201127507225525	0.436892124858945	0.436892124858945
MHWdacad	~~	MHWdacad	2	2		1.63133976767194	0.0527589494179395	30.9206264656444	0	1.63133976767194	0.751034048973525	0.751034048973525
MHWdlonely	~~	MHWdlonely	2	2		1.5742891233537	0.047452402812162	33.1761729661077	0	1.5742891233537	0.761099453970613	0.761099453970613
MHWdmental	~~	MHWdmental	2	2		1.41444947185825	0.0517326683647923	27.3415139131096	0	1.41444947185825	0.614403229477682	0.614403229477682
MHWdexhaust	~~	MHWdexhaust	2	2		1.3933644882055	0.0542578339893879	25.6804296404096	0	1.3933644882055	0.664980593442393	0.664980593442393
MHWdsleep	~~	MHWdsleep	2	2		1.34597682881094	0.0474292037284579	28.3786511896118	0	1.34597682881094	0.667621197219301	0.667621197219301
MHWdfinancial	~~	MHWdfinancial	2	2		1.43933933871855	0.0517341779083107	27.8218268253825	0	1.43933933871855	0.654555507236152	0.654555507236152
QIadmin	~~	QIadmin	2	2		1.03567237072432	0.0419493594430134	24.6886337354266	0	1.03567237072432	0.486620261379646	0.486620261379646
QIstudent	~~	QIstudent	2	2		0.975311965906786	0.04199516820138	23.2243852728452	0	0.975311965906786	0.53982872778496	0.53982872778496
QIadvisor	~~	QIadvisor	2	2		0.927105453580892	0.0383918734707122	24.148481690745	0	0.927105453580892	0.495587494887902	0.495587494887902
QIfaculty	~~	QIfaculty	2	2		0.971525082051093	0.0372425521210799	26.0864260562099	0	0.971525082051093	0.506026501338531	0.506026501338531
QIstaff	~~	QIstaff	2	2		0.865909027636668	0.037153540015521	23.3062321187949	0	0.865909027636668	0.493151003874049	0.493151003874049
Belong	~~	Belong	2	2		0.199073438039865	0.0165821166148086	12.0053092535897	0	0.770500429996081	0.770500429996081	0.770500429996081
Gains	~~	Gains	2	2		0.0985786075111544	0.00962507798924077	10.2418502604705	0	0.614657625836416	0.614657625836416	0.614657625836416
SupportEnv	~~	SupportEnv	2	2		0.0766545107465426	0.00652709067137515	11.7440548332988	0	0.841765853153297	0.841765853153297	0.841765853153297
Satisf	~~	Satisf	2	2		0.167070158992853	0.0196102072247529	8.51955091948081	0	0.699552389449028	0.699552389449028	0.699552389449028
DevAdj	~~	DevAdj	2	2		0.0317154115377738	0.0056820589808598	5.58167587570072	2.38212001235638e-08	0.534869758413014	0.534869758413014	0.534869758413014
EmoDiss	~~	EmoDiss	2	2		0.43128716913386	0.0412823143227334	10.4472623739594	0	0.797520371098565	0.797520371098565	0.797520371098565
QualEngag	~~	QualEngag	2	2		0.969172245042278	0.0568120582478884	17.0592700727983	0	0.887013114830237	0.887013114830237	0.887013114830237
x_FASt	~~	x_FASt	2	2		0.249899813231744	0	NA	NA	0.249899813231744	1	0.249899813231744
x_FASt	~~	credit_dose_c	2	2		0.556107093892623	0	NA	NA	0.556107093892623	0.72237242594964	0.556107093892623
x_FASt	~~	XZ_c	2	2		0.401743532088476	0	NA	NA	0.401743532088476	0.614114908768575	0.401743532088476
x_FASt	~~	cohort	2	2		-0.00239166203571745	0	NA	NA	-0.00239166203571745	-0.00957659884259048	-0.00239166203571745
x_FASt	~~	hgrades_c	2	2		-0.0145225475366518	0	NA	NA	-0.0145225475366518	-0.027958495897334	-0.0145225475366518
x_FASt	~~	bparented_c	2	2		0.0135798625051493	0	NA	NA	0.0135798625051493	0.0223140248903312	0.0135798625051493
x_FASt	~~	pell	2	2		-0.00744884270470891	0	NA	NA	-0.00744884270470891	-0.0298852645377135	-0.00744884270470891
x_FASt	~~	hapcl	2	2		-0.00306825237947778	0	NA	NA	-0.00306825237947778	-0.0122958329899844	-0.00306825237947778
x_FASt	~~	hprecalc13	2	2		0.00909270032423126	0	NA	NA	0.00909270032423126	0.0376664060133072	0.00909270032423126
x_FASt	~~	hchallenge_c	2	2		-0.000353579076117863	0	NA	NA	-0.000353579076117863	-0.000866720688924217	-0.000353579076117863
x_FASt	~~	cSFcareer_c	2	2		0.0122051477759315	0	NA	NA	0.0122051477759315	0.0266841216611648	0.0122051477759315
credit_dose_c	~~	credit_dose_c	2	2		2.37152997780327	0	NA	NA	2.37152997780327	1	2.37152997780327
credit_dose_c	~~	XZ_c	2	2		1.96066556025924	0	NA	NA	1.96066556025924	0.972910575161539	1.96066556025924
credit_dose_c	~~	cohort	2	2		-0.00175584378252566	0	NA	NA	-0.00175584378252566	-0.00228226471656137	-0.00175584378252566
credit_dose_c	~~	hgrades_c	2	2		0.029188562861411	0	NA	NA	0.029188562861411	0.0182411563465577	0.029188562861411
credit_dose_c	~~	bparented_c	2	2		-0.00243657430866221	0	NA	NA	-0.00243657430866221	-0.00129966330594066	-0.00243657430866221
credit_dose_c	~~	pell	2	2		0.0136013570440802	0	NA	NA	0.0136013570440802	0.0177141043469681	0.0136013570440802
credit_dose_c	~~	hapcl	2	2		0.0146277927750323	0	NA	NA	0.0146277927750323	0.0190289283824844	0.0146277927750323
credit_dose_c	~~	hprecalc13	2	2		0.036188853526479	0	NA	NA	0.036188853526479	0.0486636619578212	0.036188853526479
credit_dose_c	~~	hchallenge_c	2	2		0.0537715469585059	0	NA	NA	0.0537715469585059	0.0427871927992384	0.0537715469585059
credit_dose_c	~~	cSFcareer_c	2	2		-0.0039451550729551	0	NA	NA	-0.0039451550729551	-0.0027999005453154	-0.0039451550729551
XZ_c	~~	XZ_c	2	2		1.71250786160803	0	NA	NA	1.71250786160803	1	1.71250786160803
XZ_c	~~	cohort	2	2		-0.00141360615616892	0	NA	NA	-0.00141360615616892	-0.0021622534184443	-0.00141360615616892
XZ_c	~~	hgrades_c	2	2		0.0394689788941971	0	NA	NA	0.0394689788941971	0.0290264261222795	0.0394689788941971
XZ_c	~~	bparented_c	2	2		-0.017582490032618	0	NA	NA	-0.017582490032618	-0.0110364550580728	-0.017582490032618
XZ_c	~~	pell	2	2		0.0162633880965546	0	NA	NA	0.0162633880965546	0.0249256220564258	0.0162633880965546
XZ_c	~~	hapcl	2	2		0.0187834676341043	0	NA	NA	0.0187834676341043	0.0287547320937877	0.0187834676341043
XZ_c	~~	hprecalc13	2	2		0.0300967896774423	0	NA	NA	0.0300967896774423	0.047626444143827	0.0300967896774423
XZ_c	~~	hchallenge_c	2	2		0.0590402799283484	0	NA	NA	0.0590402799283484	0.0552850483228106	0.0590402799283484
XZ_c	~~	cSFcareer_c	2	2		-0.00591480028646803	0	NA	NA	-0.00591480028646803	-0.00493988267213251	-0.00591480028646803
cohort	~~	cohort	2	2		0.24958075663882	0	NA	NA	0.24958075663882	1	0.24958075663882
cohort	~~	hgrades_c	2	2		-0.0209574437488947	0	NA	NA	-0.0209574437488947	-0.0403726004125275	-0.0209574437488947
cohort	~~	bparented_c	2	2		0.049747005894181	0	NA	NA	0.049747005894181	0.0817950278873921	0.049747005894181
cohort	~~	pell	2	2		0.00408708253226098	0	NA	NA	0.00408708253226098	0.016408131424468	0.00408708253226098
cohort	~~	hapcl	2	2		-0.0112524068853577	0	NA	NA	-0.0112524068853577	-0.0451221433628386	-0.0112524068853577
cohort	~~	hprecalc13	2	2		0.0193182853667694	0	NA	NA	0.0193182853667694	0.0800769088237476	0.0193182853667694
cohort	~~	hchallenge_c	2	2		-0.00401090967487162	0	NA	NA	-0.00401090967487162	-0.0098381379033112	-0.00401090967487162
cohort	~~	cSFcareer_c	2	2		-0.0160257032819243	0	NA	NA	-0.0160257032819243	-0.0350593923575137	-0.0160257032819243
hgrades_c	~~	hgrades_c	2	2		1.079672586645	0	NA	NA	1.079672586645	1	1.079672586645
hgrades_c	~~	bparented_c	2	2		0.0436623506428172	0	NA	NA	0.0436623506428172	0.0345164865246918	0.0436623506428172
hgrades_c	~~	pell	2	2		-0.0207888699947147	0	NA	NA	-0.0207888699947147	-0.0401269464895094	-0.0207888699947147
hgrades_c	~~	hapcl	2	2		-0.0735847716694838	0	NA	NA	-0.0735847716694838	-0.14187038622983	-0.0735847716694838
hgrades_c	~~	hprecalc13	2	2		-0.0454921451814513	0	NA	NA	-0.0454921451814513	-0.0906639529667454	-0.0454921451814513
hgrades_c	~~	hchallenge_c	2	2		0.0339478696276544	0	NA	NA	0.0339478696276544	0.0400352053908733	0.0339478696276544
hgrades_c	~~	cSFcareer_c	2	2		-0.00982436302036879	0	NA	NA	-0.00982436302036879	-0.0103335893788748	-0.00982436302036879
bparented_c	~~	bparented_c	2	2		1.48207092566962	0	NA	NA	1.48207092566962	1	1.48207092566962
bparented_c	~~	pell	2	2		0.000652931612308741	0	NA	NA	0.000652931612308741	0.00107568340545699	0.000652931612308741
bparented_c	~~	hapcl	2	2		0.00199766082110804	0	NA	NA	0.00199766082110804	0.00328728304732303	0.00199766082110804
bparented_c	~~	hprecalc13	2	2		-0.000350765310760426	0	NA	NA	-0.000350765310760426	-0.000596659300127068	-0.000350765310760426
bparented_c	~~	hchallenge_c	2	2		0.00249670526008291	0	NA	NA	0.00249670526008291	0.0025130918106965	0.00249670526008291
bparented_c	~~	cSFcareer_c	2	2		-0.0238582422266363	0	NA	NA	-0.0238582422266363	-0.021418881370846	-0.0238582422266363
pell	~~	pell	2	2		0.248597906195931	0	NA	NA	0.248597906195931	1	0.248597906195931
pell	~~	hapcl	2	2		0.000283335036233678	0	NA	NA	0.000283335036233678	0.00113841704519628	0.000283335036233678
pell	~~	hprecalc13	2	2		-0.00959276082442406	0	NA	NA	-0.00959276082442406	-0.0398418186572022	-0.00959276082442406
pell	~~	hchallenge_c	2	2		0.0100952426286663	0	NA	NA	0.0100952426286663	0.0248109618242027	0.0100952426286663
pell	~~	cSFcareer_c	2	2		-0.00375790292681701	0	NA	NA	-0.00375790292681701	-0.00823739060041706	-0.00375790292681701
hapcl	~~	hapcl	2	2		0.249172618723423	0	NA	NA	0.249172618723423	1	0.249172618723423
hapcl	~~	hprecalc13	2	2		-0.00579572896213548	0	NA	NA	-0.00579572896213548	-0.0240437487173956	-0.00579572896213548
hapcl	~~	hchallenge_c	2	2		-0.0122571039166385	0	NA	NA	-0.0122571039166385	-0.0300893829992759	-0.0122571039166385
hapcl	~~	cSFcareer_c	2	2		0.00267657960936871	0	NA	NA	0.00267657960936871	0.00586034039608024	0.00267657960936871
hprecalc13	~~	hprecalc13	2	2		0.233190824197184	0	NA	NA	0.233190824197184	1	0.233190824197184
hprecalc13	~~	hchallenge_c	2	2		0.0152780894510065	0	NA	NA	0.0152780894510065	0.0387693832519015	0.0152780894510065
hprecalc13	~~	cSFcareer_c	2	2		-0.0189601721035193	0	NA	NA	-0.0189601721035193	-0.0429120618582287	-0.0189601721035193
hchallenge_c	~~	hchallenge_c	2	2		0.665961089210958	0	NA	NA	0.665961089210958	1	0.665961089210958
hchallenge_c	~~	cSFcareer_c	2	2		0.0565595746142184	0	NA	NA	0.0565595746142184	0.0757485881773442	0.0565595746142184
cSFcareer_c	~~	cSFcareer_c	2	2		0.837171294386934	0	NA	NA	0.837171294386934	1	0.837171294386934
sbvalued	~1		2	2		2.78150943387126	0.037408683696553	74.3546460077011	0	2.78150943387126	3.80321524513919	3.80321524513919
sbmyself	~1		2	2		2.86647058527168	0.0369686624369391	77.5378495275908	0	2.86647058527168	4.05952390206971	4.05952390206971
sbcommunity	~1		2	2		2.51149463987259	0.0403796355001183	62.1970606907837	0	2.51149463987259	3.20926678817604	3.20926678817604
pganalyze	~1		2	2		2.8092017968942	0.0363512767195636	77.2793158976543	0	2.8092017968942	4.50130779992391	4.50130779992391
pgthink	~1		2	2		2.77069570413117	0.0260581303982538	106.327494021476	0	2.77069570413117	4.79176475733579	4.79176475733579
pgwork	~1		2	2		2.73637161098861	0.0302108253855028	90.5758639848917	0	2.73637161098861	4.62568818377709	4.62568818377709
pgvalues	~1		2	2		2.73948157897407	0.0276836880663762	98.9565253157642	0	2.73948157897407	4.74919301600595	4.74919301600595
pgprobsolve	~1		2	2		2.81038621357316	0.0308198536848446	91.1875261417983	0	2.81038621357316	4.77502661928064	4.77502661928064
SEacademic	~1		2	2		2.75517053116004	0.020164466396664	136.634933797001	0	2.75517053116004	5.33646693657088	5.33646693657088
SEwellness	~1		2	2		2.57618859363613	0.0243660050278273	105.728804976195	0	2.57618859363613	4.42312348574511	4.42312348574511
SEnonacad	~1		2	2		2.54998658761454	0.0249216462131813	102.320150354507	0	2.54998658761454	4.15403017029593	4.15403017029593
SEactivities	~1		2	2		2.49874092295502	0.0268983070087334	92.8958436731248	0	2.49874092295502	3.99429542806504	3.99429542806504
SEdiverse	~1		2	2		2.67658491028621	0.0222496950610813	120.297599717132	0	2.67658491028621	4.6366375936763	4.6366375936763
sameinst	~1		2	2		3.26049169541124	0.0400372402402159	81.4364745384273	0	3.26049169541124	4.8573833660361	4.8573833660361
evalexp	~1		2	2		3.17384830945094	0.0424861941591805	74.7030505382448	0	3.17384830945094	4.67775572567354	4.67775572567354
MHWdacad	~1		2	2		3.89268277975549	0.0825826755061865	47.1367966210284	0	3.89268277975549	2.64123239682972	2.64123239682972
MHWdlonely	~1		2	2		3.22772387189361	0.080837020948481	39.9287830504133	0	3.22772387189361	2.24426859349937	2.24426859349937
MHWdmental	~1		2	2		3.62937002891293	0.103589242534105	35.0361672711145	0	3.62937002891293	2.39201706976884	2.39201706976884
MHWdexhaust	~1		2	2		4.11428416599061	0.0957524885914495	42.9679084743705	0	4.11428416599061	2.8422770020081	2.8422770020081
MHWdsleep	~1		2	2		3.94691024159087	0.0928845874115349	42.4926282344742	0	3.94691024159087	2.77973577780374	2.77973577780374
MHWdfinancial	~1		2	2		3.42567258011598	0.0967818367505526	35.3958211078942	0	3.42567258011598	2.3101357152688	2.3101357152688
QIadmin	~1		2	2		4.47330184440646	0.117444624056796	38.0886045685936	0	4.47330184440646	3.06628206370278	3.06628206370278
QIstudent	~1		2	2		5.15964178963409	0.10202295300064	50.5733429378555	0	5.15964178963409	3.83862574363612	3.83862574363612
QIadvisor	~1		2	2		4.87622314515287	0.109450566818895	44.5518309029995	0	4.87622314515287	3.56516121567245	3.56516121567245
QIfaculty	~1		2	2		5.08136489222015	0.108739755375674	46.7295965000571	0	5.08136489222015	3.66724567472652	3.66724567472652
QIstaff	~1		2	2		4.77798831473136	0.103501766618191	46.1633503547523	0	4.77798831473136	3.60577738301001	3.60577738301001
x_FASt	~1		2	2		0.510009334056585	0	NA	NA	0.510009334056585	1.02022311431147	0.510009334056585
credit_dose_c	~1		2	2		0.517232266581598	0	NA	NA	0.517232266581598	0.33587006653837	0.517232266581598
XZ_c	~1		2	2		0.819900377724482	0	NA	NA	0.819900377724482	0.626534224768981	0.819900377724482
cohort	~1		2	2		0.479524566886642	0	NA	NA	0.479524566886642	0.959854296557138	0.479524566886642
hgrades_c	~1		2	2		0.46953501998809	0	NA	NA	0.46953501998809	0.451878784734532	0.46953501998809
bparented_c	~1		2	2		-0.0091265636365705	0	NA	NA	-0.0091265636365705	-0.00749674592945568	-0.0091265636365705
pell	~1		2	2		1.53744454304783	0	NA	NA	1.53744454304783	3.08354809125006	1.53744454304783
hapcl	~1		2	2		0.52876423606803	0	NA	NA	0.52876423606803	1.05928278631368	0.52876423606803
hprecalc13	~1		2	2		0.370349794435889	0	NA	NA	0.370349794435889	0.766931152840334	0.370349794435889
hchallenge_c	~1		2	2		-0.0141184387545153	0	NA	NA	-0.0141184387545153	-0.0173006430881213	-0.0141184387545153
cSFcareer_c	~1		2	2		-0.0279961133649787	0	NA	NA	-0.0279961133649787	-0.0305978266053338	-0.0279961133649787
Belong	~1		2	2		0	0	NA	NA	0	0	0
Gains	~1		2	2		0	0	NA	NA	0	0	0
SupportEnv	~1		2	2		0	0	NA	NA	0	0	0
Satisf	~1		2	2		0	0	NA	NA	0	0	0
DevAdj	~1		2	2		0	0	NA	NA	0	0	0
EmoDiss	~1		2	2		0	0	NA	NA	0	0	0
QualEngag	~1		2	2		0	0	NA	NA	0	0	0
W4__dir_z_low_g1	:=	W4__c_g1+W4__cz_g1*-1.30278493088	0	0	W4__dir_z_low_g1	-0.0189918391742598	0.0557410402432783	-0.340715549824171	0.733317731317785	-0.0682594963678506	-0.182941329311615	-0.0682594963678506
W4__dir_z_low_g2	:=	W4__c_g2+W4__cz_g2*-1.30278493088	0	0	W4__dir_z_low_g2	-0.0224813879195835	0.0344343757355064	-0.652876302804648	0.513836027272669	-0.0923234373695197	0.0169215559922105	-0.0923234373695197
W4__dir_z_mid_g1	:=	W4__c_g1+W4__cz_g1*0	0	0	W4__dir_z_mid_g1	0.0313001559065577	0.0406730258640717	0.769555626649517	0.441563535389055	0.112497418433942	0.056222903660752	0.112497418433942
W4__dir_z_mid_g2	:=	W4__c_g2+W4__cz_g2*0	0	0	W4__dir_z_mid_g2	-0.0414728754014561	0.0247867175013458	-1.67318949752844	0.0942899972212681	-0.170315036969976	-0.0851404534619876	-0.170315036969976
W4__dir_z_high_g1	:=	W4__c_g1+W4__cz_g1*1.30278493088	0	0	W4__dir_z_high_g1	0.0815921509873752	0.0717505670745396	1.13716384851163	0.255469796653212	0.293254333235734	0.295387136633119	0.293254333235734
W4__dir_z_high_g2	:=	W4__c_g2+W4__cz_g2*1.30278493088	0	0	W4__dir_z_high_g2	-0.0604643628833287	0.049400750622141	-1.22395635940457	0.220968690855729	-0.248306636570432	-0.187202462916186	-0.248306636570432
W4__a1_z_low_g1	:=	W4__a1_g1+W4__a1z_g1*-1.30278493088	0	0	W4__a1_z_low_g1	0.0881114520099573	0.126951592266129	0.694055509168004	0.487647398402495	0.0989727244746423	0.0926845982882843	0.0989727244746423
W4__a1_z_low_g2	:=	W4__a1_g2+W4__a1z_g2*-1.30278493088	0	0	W4__a1_z_low_g2	0.372057018829432	0.082222862798023	4.52498254340005	6.04004910043088e-06	0.505937797051212	0.772692447511784	0.505937797051212
W4__a1_z_mid_g1	:=	W4__a1_g1+W4__a1z_g1*0	0	0	W4__a1_z_mid_g1	0.0413784663745847	0.0968581612137047	0.427206813097438	0.669228699356344	0.0464790836861049	0.0232288800996652	0.0464790836861049
W4__a1_z_mid_g2	:=	W4__a1_g2+W4__a1z_g2*0	0	0	W4__a1_z_mid_g2	-0.100576391040013	0.0619648859523162	-1.62311911809875	0.10456394348479	-0.136767740273363	-0.0683701664457156	-0.136767740273363
W4__a1_z_high_g1	:=	W4__a1_g1+W4__a1z_g1*1.30278493088	0	0	W4__a1_z_high_g1	-0.00535451926078795	0.179984073636616	-0.0297499614971413	0.976266466023006	-0.00601455710243253	-0.0462268380889538	-0.00601455710243253
W4__a1_z_high_g2	:=	W4__a1_g2+W4__a1z_g2*1.30278493088	0	0	W4__a1_z_high_g2	-0.573209800909457	0.128804677627472	-4.45022503427469	8.57803576481686e-06	-0.779473277597938	-0.909432780403216	-0.779473277597938
W4__a2_z_low_g1	:=	W4__a2_g1+W4__a2z_g1*-1.30278493088	0	0	W4__a2_z_low_g1	0.326880307395371	0.142577822441671	2.29264482931137	0.0218684612311912	0.302325091616275	0.28192794196826	0.302325091616275
W4__a2_z_low_g2	:=	W4__a2_g2+W4__a2z_g2*-1.30278493088	0	0	W4__a2_z_low_g2	0.467552697519449	0.11049775525287	4.23133208859738	2.3231138466695e-05	0.447296091522209	0.629023913640634	0.447296091522209
W4__a2_z_mid_g1	:=	W4__a2_g1+W4__a2z_g1*0	0	0	W4__a2_z_mid_g1	0.155069628112481	0.109870413635004	1.41138658699905	0.158130655749597	0.143420813262094	0.0716775076195754	0.143420813262094
W4__a2_z_mid_g2	:=	W4__a2_g2+W4__a2z_g2*0	0	0	W4__a2_z_mid_g2	-0.0564561923942863	0.0860908200960537	-0.655774823974225	0.511969017421301	-0.0540102416993107	-0.0269997091958563	-0.0540102416993107
W4__a2_z_high_g1	:=	W4__a2_g1+W4__a2z_g1*1.30278493088	0	0	W4__a2_z_high_g1	-0.0167410511704088	0.199406314098663	-0.0839544687743719	0.933092632559307	-0.015483465092086	-0.138572926729109	-0.015483465092086
W4__a2_z_high_g2	:=	W4__a2_g2+W4__a2z_g2*1.30278493088	0	0	W4__a2_z_high_g2	-0.580465082308022	0.17958038223635	-3.23234127848141	0.00122780323163929	-0.55531657492083	-0.683023332032346	-0.55531657492083
W4__ind_EmoDiss_z_low_g1	:=	W4__a1_z_low_g1*W4__b1_g1	0	0	W4__ind_EmoDiss_z_low_g1	-0.0118956909909208	0.0172424024066464	-0.6899091385511	0.490251328571614	-0.0427548837444008	-0.04003849793715	-0.0427548837444008
W4__ind_EmoDiss_z_low_g2	:=	W4__a1_z_low_g2*W4__b1_g2	0	0	W4__ind_EmoDiss_z_low_g2	-0.0592416320997946	0.0147326373440907	-4.02111520946088	5.79232653077355e-05	-0.243285295836613	-0.371556961704113	-0.243285295836613
W4__ind_EmoDiss_z_mid_g1	:=	W4__a1_z_mid_g1*W4__b1_g1	0	0	W4__ind_EmoDiss_z_mid_g1	-0.00558639584800671	0.0131884940257871	-0.423581027301813	0.671871394386128	-0.0200783380481238	-0.0100345632945394	-0.0200783380481238
W4__ind_EmoDiss_z_mid_g2	:=	W4__a1_z_mid_g2*W4__b1_g2	0	0	W4__ind_EmoDiss_z_mid_g2	0.0160145065255417	0.0100021425387222	1.60110760904909	0.109353087204184	0.0657661482246246	0.0328764845542083	0.0657661482246246
W4__ind_EmoDiss_z_high_g1	:=	W4__a1_z_high_g1*W4__b1_g1	0	0	W4__ind_EmoDiss_z_high_g1	0.000722899294907423	0.0242879370116446	0.0297637174602699	0.976255495210642	0.00259820764815308	0.0199693713480711	0.00259820764815308
W4__ind_EmoDiss_z_high_g2	:=	W4__a1_z_high_g2*W4__b1_g2	0	0	W4__ind_EmoDiss_z_high_g2	0.0912706451508779	0.0228401642533478	3.99605905362524	6.44056743495103e-05	0.374817592285862	0.43730993081253	0.374817592285862
W4__ind_QualEngag_z_low_g1	:=	W4__a2_z_low_g1*W4__b2_g1	0	0	W4__ind_QualEngag_z_low_g1	0.0367905450655064	0.0164971392602433	2.23011665750851	0.0257396992443455	0.132230694153825	0.123309406005702	0.132230694153825
W4__ind_QualEngag_z_low_g2	:=	W4__a2_z_low_g2*W4__b2_g2	0	0	W4__ind_QualEngag_z_low_g2	0.0481726912277768	0.012923036623635	3.72766035032924	0.000193265596151182	0.197828908846624	0.278202999830551	0.197828908846624
W4__ind_QualEngag_z_mid_g1	:=	W4__a2_z_mid_g1*W4__b2_g1	0	0	W4__ind_QualEngag_z_mid_g1	0.0174531656153366	0.0123747541641405	1.41038483543474	0.158426080677892	0.0627292746108669	0.0313502479634816	0.0627292746108669
W4__ind_QualEngag_z_mid_g2	:=	W4__a2_z_mid_g2*W4__b2_g2	0	0	W4__ind_QualEngag_z_mid_g2	-0.00581677047001271	0.00889472713753232	-0.653957156871984	0.513139408212875	-0.0238875040145226	-0.0119413585556162	-0.0238875040145226
W4__ind_QualEngag_z_high_g1	:=	W4__a2_z_high_g1*W4__b2_g1	0	0	W4__ind_QualEngag_z_high_g1	-0.00188421383483316	0.0224589385483058	-0.0838959432913757	0.933139164975552	-0.00677214493209082	-0.0606089100787386	-0.00677214493209082
W4__ind_QualEngag_z_high_g2	:=	W4__a2_z_high_g2*W4__b2_g2	0	0	W4__ind_QualEngag_z_high_g2	-0.0598062321678022	0.0199441521761664	-2.99868511027868	0.00271147386112713	-0.245603916875669	-0.302085716941784	-0.245603916875669
W4__total_z_low_g1	:=	W4__dir_z_low_g1+W4__ind_EmoDiss_z_low_g1+W4__ind_QualEngag_z_low_g1	0	0	W4__total_z_low_g1	0.0059030149003257	0.0599085102055323	0.098533829001486	0.921508410990025	0.0212163140415732	-0.0996704212430632	0.0212163140415732
W4__total_z_low_g2	:=	W4__dir_z_low_g2+W4__ind_EmoDiss_z_low_g2+W4__ind_QualEngag_z_low_g2	0	0	W4__total_z_low_g2	-0.0335503287916012	0.036033340913716	-0.931091259951151	0.351806359267378	-0.137779824359509	-0.0764324058813514	-0.137779824359509
W4__total_z_mid_g1	:=	W4__dir_z_mid_g1+W4__ind_EmoDiss_z_mid_g1+W4__ind_QualEngag_z_mid_g1	0	0	W4__total_z_mid_g1	0.0431669256738876	0.0453812213214202	0.951206785911522	0.341499414345976	0.155148354996685	0.0775385883296942	0.155148354996685
W4__total_z_mid_g2	:=	W4__dir_z_mid_g2+W4__ind_EmoDiss_z_mid_g2+W4__ind_QualEngag_z_mid_g2	0	0	W4__total_z_mid_g2	-0.0312751393459271	0.0259148187055125	-1.20684384102114	0.227492288650931	-0.128436392759874	-0.0642053274633954	-0.128436392759874
W4__total_z_high_g1	:=	W4__dir_z_high_g1+W4__ind_EmoDiss_z_high_g1+W4__ind_QualEngag_z_high_g1	0	0	W4__total_z_high_g1	0.0804308364474495	0.0826843530848074	0.972745549148259	0.330679781015725	0.289080395951796	0.254747597902451	0.289080395951796
W4__total_z_high_g2	:=	W4__dir_z_high_g2+W4__ind_EmoDiss_z_high_g2+W4__ind_QualEngag_z_high_g2	0	0	W4__total_z_high_g2	-0.028999949900253	0.0504313856530011	-0.575037737408019	0.565265775088068	-0.119092961160239	-0.0519782490454394	-0.119092961160239
W4__index_MM_EmoDiss_g1	:=	W4__a1z_g1*W4__b1_g1	0	0	W4__index_MM_EmoDiss_g1	0.0048429291691702	0.0126049230651832	0.384209339805266	0.700823296435537	0.0174062081612807	0.0230306122917338	0.0174062081612807
W4__index_MM_EmoDiss_g2	:=	W4__a1z_g2*W4__b1_g2	0	0	W4__index_MM_EmoDiss_g2	0.057765588810198	0.0125968154946964	4.58572953096905	4.52403951411995e-06	0.237223686531652	0.310437614583964	0.237223686531652
W4__index_MM_QualEngag_g1	:=	W4__a2z_g1*W4__b2_g1	0	0	W4__index_MM_QualEngag_g1	-0.0148431095507896	0.011770511946189	-1.26104196815292	0.207293726930992	-0.0533483446849598	-0.0705865994167618	-0.0533483446849598
W4__index_MM_QualEngag_g2	:=	W4__a2z_g2*W4__b2_g2	0	0	W4__index_MM_QualEngag_g2	-0.0414415767469163	0.01094371681292	-3.7867917687701	0.000152604881816121	-0.170186504008288	-0.222710864632263	-0.170186504008288
W4__diff_ind_EmoDiss_z_low_g2	:=	W4__ind_EmoDiss_z_low_g2-W4__ind_EmoDiss_z_low_g1	0	0	W4__diff_ind_EmoDiss_z_low_g2	-0.0473459411088737	0.0226793087166523	-2.08762717155086	0.0368314790046871	-0.200530412092212	-0.331518463766963	-0.200530412092212
W4__diff_ind_EmoDiss_z_mid_g2	:=	W4__ind_EmoDiss_z_mid_g2-W4__ind_EmoDiss_z_mid_g1	0	0	W4__diff_ind_EmoDiss_z_mid_g2	0.0216009023735484	0.0165523179655641	1.30500769852823	0.191890226357122	0.0858444862727484	0.0429110478487478	0.0858444862727484
W4__diff_ind_EmoDiss_z_high_g2	:=	W4__ind_EmoDiss_z_high_g2-W4__ind_EmoDiss_z_high_g1	0	0	W4__diff_ind_EmoDiss_z_high_g2	0.0905477458559705	0.0333403207453306	2.71586307005316	0.00661032517680882	0.372219384637709	0.417340559464459	0.372219384637709
W4__diff_ind_QualEngag_z_low_g2	:=	W4__ind_QualEngag_z_low_g2-W4__ind_QualEngag_z_low_g1	0	0	W4__diff_ind_QualEngag_z_low_g2	0.0113821461622705	0.0209561561205216	0.543140931801151	0.587032772261922	0.065598214692799	0.15489359382485	0.065598214692799
W4__diff_ind_QualEngag_z_mid_g2	:=	W4__ind_QualEngag_z_mid_g2-W4__ind_QualEngag_z_mid_g1	0	0	W4__diff_ind_QualEngag_z_mid_g2	-0.0232699360853493	0.0152397739968172	-1.52692133690494	0.12678057316429	-0.0866167786253895	-0.0432916065190978	-0.0866167786253895
W4__diff_ind_QualEngag_z_high_g2	:=	W4__ind_QualEngag_z_high_g2-W4__ind_QualEngag_z_high_g1	0	0	W4__diff_ind_QualEngag_z_high_g2	-0.0579220183329691	0.0300361969420674	-1.92840719631339	0.0538044974295235	-0.238831771943578	-0.241476806863045	-0.238831771943578
W4__diff_total_z_low_g2	:=	W4__total_z_low_g2-W4__total_z_low_g1	0	0	W4__diff_total_z_low_g2	-0.0394533436919269	0.0699101655873482	-0.564343445054961	0.572520419831006	-0.158996138401082	0.0232380153617118	-0.158996138401082
W4__diff_total_z_mid_g2	:=	W4__total_z_mid_g2-W4__total_z_mid_g1	0	0	W4__diff_total_z_mid_g2	-0.0744420650198147	0.0522592869944023	-1.42447532871599	0.154308921889603	-0.283584747756559	-0.14174391579309	-0.283584747756559
W4__diff_total_z_high_g2	:=	W4__total_z_high_g2-W4__total_z_high_g1	0	0	W4__diff_total_z_high_g2	-0.109430786347702	0.0968505389966149	-1.12989341599356	0.258521138605031	-0.408173357112035	-0.306725846947891	-0.408173357112035
W4__diff_index_MM_EmoDiss_g2	:=	W4__index_MM_EmoDiss_g2-W4__index_MM_EmoDiss_g1	0	0	W4__diff_index_MM_EmoDiss_g2	0.0529226596410278	0.0178203211555407	2.96979269784782	0.00298000770993667	0.219817478370372	0.28740700229223	0.219817478370372
W4__diff_index_MM_QualEngag_g2	:=	W4__index_MM_QualEngag_g2-W4__index_MM_QualEngag_g1	0	0	W4__diff_index_MM_QualEngag_g2	-0.0265984671961266	0.0160720219374155	-1.65495463481205	0.0979337004402008	-0.116838159323328	-0.152124265215501	-0.116838159323328
