lhs	op	rhs	label	est	se	z	pvalue	ci.lower	ci.upper	std.lv	std.all	std.nox
Belong	=~	sbvalued		1	0	NA	NA	1	1	0.697093122424422	0.879442594392845	0.879442594392845
Belong	=~	sbmyself		0.996930659391503	0.013847097982855	71.9956384092804	0	0.96979084605471	1.0240704727283	0.69495350619586	0.858636988216597	0.858636988216597
Belong	=~	sbcommunity		1.01964638857782	0.012837738257287	79.4257031996302	0	0.994484883950582	1.04480789320505	0.710788484782495	0.901475067651527	0.901475067651527
Gains	=~	pganalyze		1	0	NA	NA	1	1	0.503819686008946	0.714054318993099	0.714054318993099
Gains	=~	pgthink		1.02385624148417	0.0220659206148267	46.3998878341024	0	0.980607831793388	1.06710465117495	0.515838930102854	0.78561971926628	0.78561971926628
Gains	=~	pgwork		1.03753432429015	0.0233967155640763	44.3452980162393	0	0.991677604428029	1.08339104415226	0.522730217487366	0.750075575229201	0.750075575229201
Gains	=~	pgvalues		1.04278686685783	0.0241763574009765	43.1325054292798	0	0.995402077074543	1.09017165664111	0.525376551834562	0.712771794680406	0.712771794680406
Gains	=~	pgprobsolve		1.02687506469731	0.0231790176007495	44.301923506202	0	0.981445025002825	1.0723051043918	0.517359872666217	0.766690742475479	0.766690742475479
SupportEnv	=~	SEacademic		1	0	NA	NA	1	1	0.655422469173485	0.855970548883177	0.855970548883177
SupportEnv	=~	SEwellness		0.969118128886013	0.0143681692345048	67.4489639611637	0	0.940957034662608	0.997279223109419	0.635181796955258	0.830811983272383	0.830811983272383
SupportEnv	=~	SEnonacad		0.94285688012278	0.0156367680556226	60.2974269854794	0	0.912209377899153	0.973504382346406	0.61796958444728	0.774254327333162	0.774254327333162
SupportEnv	=~	SEactivities		0.928233794080239	0.0163045785708796	56.9308669981873	0	0.896277407298212	0.960190180862267	0.608385285286342	0.742998728039473	0.742998728039473
SupportEnv	=~	SEdiverse		0.946375462392349	0.014512761050259	65.2098838473925	0	0.917930973417605	0.974819951367092	0.620275742326391	0.797270138285336	0.797270138285336
Satisf	=~	sameinst		1	0	NA	NA	1	1	0.629083420368492	0.895347793477091	0.895347793477091
Satisf	=~	evalexp		0.979605165574634	0.0200002365916226	48.9796788696468	0	0.940405422172774	1.01880490897649	0.616253368170333	0.870836167428266	0.870836167428266
DevAdj	=~	Belong		1	0	NA	NA	1	1	0.552853135975136	0.552853135975136	0.552853135975136
DevAdj	=~	Gains		0.382356317889125	0.0270642049582173	14.1277498629434	0	0.329311450900809	0.435401184877441	0.292478342682777	0.292478342682777	0.292478342682777
DevAdj	=~	SupportEnv		0.953256077967909	0.0407137999669282	23.4135865171573	0	0.873458496358961	1.03305365957686	0.560517056421999	0.560517056421999	0.560517056421999
DevAdj	=~	Satisf		1.01380582159545	0.040088666823265	25.2890879625634	0	0.935233478433621	1.09237816475727	0.62107938847755	0.62107938847755	0.62107938847755
EmoDiss	=~	MHWdacad		1	0	NA	NA	1	1	1.1555149986058	0.928878963663498	0.928878963663498
EmoDiss	=~	MHWdlonely		1.00050931822057	0.00871865432897298	114.755016137728	0	0.983421069742127	1.01759756669901	1.15610352344873	0.941537303090392	0.941537303090392
EmoDiss	=~	MHWdmental		1.0106550383724	0.00828826427727485	121.9380807081	0	0.99441033889459	1.02689973785021	1.16782705525582	0.956575421285553	0.956575421285553
EmoDiss	=~	MHWdexhaust		1.01109933624427	0.00853567431074811	118.455707122177	0	0.994369722011437	1.0278289504771	1.16834044811062	0.948397444093911	0.948397444093911
EmoDiss	=~	MHWdsleep		1.00178486936763	0.00907519540261401	110.38714043326	0	0.983997813225844	1.01957192550942	1.15757744193065	0.936867433886093	0.936867433886093
EmoDiss	=~	MHWdfinancial		0.991124960682978	0.0104316519017225	95.0113146048638	0	0.970679298656343	1.01157062270961	1.14525975756176	0.889166537691767	0.889166537691767
QualEngag	=~	QIadmin		1	0	NA	NA	1	1	1.0155151468558	0.897641203561294	0.897641203561294
QualEngag	=~	QIstudent		1.03034992335133	0.0106797663605584	96.4768224852309	0	1.00941796592133	1.05128188078133	1.04633595372499	0.910910436894042	0.910910436894042
QualEngag	=~	QIadvisor		1.01934821452441	0.0102441856122789	99.5050512656274	0	0.999269979673401	1.03942644937542	1.03516355176995	0.929194138451021	0.929194138451021
QualEngag	=~	QIfaculty		1.00968700253229	0.010026207188259	100.704781336921	0	0.990035997541763	1.02933800752281	1.02535244465497	0.933713716070222	0.933713716070222
QualEngag	=~	QIstaff		1.00669632048027	0.0102254316114967	98.4502521486155	0	0.986654842795358	1.02673779816518	1.02231536173171	0.923394945419877	0.923394945419877
EmoDiss	~	x_FASt	a1	0.164017201505667	0.0397950724491244	4.12154549323545	3.7633913219759e-05	0.0860202927432208	0.242014110268113	0.141942944664123	0.0709714723320616	0.141942944664123
EmoDiss	~	XZ_c	a1z	0.00536820152360446	0.0146085972289972	0.367468651469758	0.713269471199603	-0.0232641229098817	0.0340005259570907	0.00464572206339299	0.00666581224499031	0.00464572206339299
EmoDiss	~	cohort	g1	0.00642027256796914	0.0325082563285864	0.197496676015914	0.843438882371327	-0.0572947390362566	0.0701352841721948	0.00555620011485408	0.00277807317289367	0.00555620011485408
EmoDiss	~	hgrades_c		-0.0592808248060798	0.0167214922435176	-3.54518747147469	0.000392333937093703	-0.0920543473711401	-0.0265073022410195	-0.0513025143573263	-0.0551399923693528	-0.0513025143573263
EmoDiss	~	bparented_c		-0.112451864586123	0.011013586530925	-10.2102856567541	0	-0.134038097527352	-0.090865631644895	-0.0973175291725368	-0.191839163526211	-0.0973175291725368
EmoDiss	~	pell		0.655877188422953	0.0435759694904777	15.0513504597133	0	0.5704698576302	0.741284519215705	0.567605949913512	0.27626768856409	0.567605949913512
EmoDiss	~	hapcl		0.0077944938861567	0.0362658623472062	0.214926473043241	0.829824644667108	-0.0632852901826547	0.0788742779549681	0.00674547184204555	0.00317201314986747	0.00674547184204555
EmoDiss	~	hprecalc13		-0.056249834742959	0.0338559846081507	-1.6614443618756	0.0966242344612545	-0.122606345236077	0.0101066757501588	-0.0486794501246873	-0.0240278534798249	-0.0486794501246873
EmoDiss	~	hchallenge_c		-0.00285634113568884	0.0137478357301588	-0.207766603540573	0.83541121008021	-0.029801604032173	0.0240889217607954	-0.00247192043299758	-0.00294442899379286	-0.00247192043299758
EmoDiss	~	cSFcareer_c		-0.023908431496658	0.0206962244358906	-1.15520739402095	0.248005507553657	-0.0644722860069613	0.0166554230136454	-0.0206907149846649	-0.0167668774962031	-0.0206907149846649
QualEngag	~	x_FASt	a2	0.035046215874377	0.0372770339539278	0.940155697947752	0.347137702413186	-0.0380154281257981	0.108107859874552	0.0345107761148476	0.0172553880574238	0.0345107761148476
QualEngag	~	XZ_c	a2z	-0.0164150061505576	0.0139431634726674	-1.17727990371308	0.239083805317699	-0.0437431043875401	0.0109130920864249	-0.0161642159660357	-0.0231928701818153	-0.0161642159660357
QualEngag	~	EmoDiss	d	-0.177125219644418	0.0145916279546833	-12.1388250985092	0	-0.205724284911405	-0.148526154377431	-0.20154386526303	-0.20154386526303	-0.20154386526303
QualEngag	~	cohort	g2	0.00844152687969758	0.0297794824516769	0.283467884084139	0.776818197222515	-0.0499251862038316	0.0668082399632268	0.00831255634722331	0.00415623795202245	0.00831255634722331
QualEngag	~	hgrades_c		0.0474773164130658	0.0158744229659961	2.99080580848606	0.0027824237367704	0.0163640191243579	0.0785906137017737	0.0467519529965292	0.0502490445892311	0.0467519529965292
QualEngag	~	bparented_c		0.06934929782016	0.0107598267460502	6.4452058064613	1.15443654635783e-10	0.048260424918011	0.0904381707223092	0.0682897719791545	0.134617605330384	0.0682897719791545
QualEngag	~	pell		-0.30498593645052	0.043907200859935	-6.94614847854757	3.75388609086258e-12	-0.391042468797959	-0.218929404103081	-0.300326329346053	-0.146176164707248	-0.300326329346053
QualEngag	~	hapcl		0.0829500794261717	0.0318133247044725	2.60740052153399	0.00912325755920462	0.0205971087769273	0.145303050075416	0.0816827594182113	0.0384107728946439	0.0816827594182113
QualEngag	~	hprecalc13		0.00533645710733319	0.0308124849546227	0.173191390281964	0.862500990938736	-0.0550549036779095	0.0657278178925759	0.00525492615630179	0.00259379667205577	0.00525492615630179
QualEngag	~	hchallenge_c		0.0212901717300881	0.0126043981653711	1.68910656825964	0.0911990093613293	-0.00341399472084193	0.0459943381810181	0.0209648982548473	0.0249723467832793	0.0209648982548473
QualEngag	~	cSFcareer_c		-0.0321079937206416	0.0185960684079413	-1.72660118344854	0.0842393132575623	-0.0685556180542497	0.00433963061296652	-0.0316174444271493	-0.0256214354045246	-0.0316174444271493
DevAdj	~	x_FASt	c	-0.0115074226430052	0.0139216317418301	-0.826585766410487	0.40847188763029	-0.0387933194630219	0.0157784741770114	-0.0298591533142179	-0.014929576657109	-0.0298591533142179
DevAdj	~	XZ_c	cz	0.00538954478417297	0.00492377159487438	1.09459683097068	0.273693304570127	-0.00426087020988216	0.0150399597782281	0.0139846470401679	0.0200655635895137	0.0139846470401679
DevAdj	~	EmoDiss	b1	-0.197407027229178	0.00830580289771938	-23.7673623682284	0	-0.213686101771396	-0.18112795268696	-0.591885390067415	-0.591885390067415	-0.591885390067415
DevAdj	~	QualEngag	b2	0.132640977101619	0.00704210125439376	18.8354260056771	0	0.118838712267523	0.146443241935715	0.34951316800804	0.34951316800804	0.34951316800804
DevAdj	~	cohort	g3	0.00972559259640711	0.011283721433835	0.861913567561518	0.388735082345043	-0.0123900950254922	0.0318412802183064	0.0252357082395215	0.0126177320128844	0.0252357082395215
DevAdj	~	hgrades_c		0.01813357801464	0.00635586362333377	2.85304705847804	0.00433022086525869	0.00567631422225758	0.0305908418070225	0.0470525245202139	0.0505720991554651	0.0470525245202139
DevAdj	~	bparented_c		0.0221603044059083	0.00443722694148616	4.99417872877293	5.90866604532891e-07	0.0134634994093647	0.030857109402452	0.0575009667475768	0.113349953051588	0.0575009667475768
DevAdj	~	pell		-0.0869299658258507	0.0184300582661084	-4.71674937597506	2.39642590127431e-06	-0.123052216260398	-0.0508077153913036	-0.225563556472966	-0.109787295888243	-0.225563556472966
DevAdj	~	hapcl		0.0256654951322354	0.0122895662179222	2.08839715553236	0.0367620238669346	0.00157838795948767	0.0497526023049831	0.0665961421434846	0.0313163917300582	0.0665961421434846
DevAdj	~	hprecalc13		0.0268214317656123	0.0116571904630841	2.30084872084317	0.0214001834547644	0.0039737582970436	0.049669105234181	0.0695955356852264	0.034351894485482	0.0695955356852264
DevAdj	~	hchallenge_c		-0.00741060780741311	0.00478545241109202	-1.54856995134595	0.121485133993811	-0.0167899221828838	0.00196870656805761	-0.0192288474611289	-0.0229044491990829	-0.0192288474611289
DevAdj	~	cSFcareer_c		-0.00274976115390244	0.00694690187990694	-0.395825535100155	0.692233737829704	-0.0163654386426536	0.0108659163348488	-0.00713500689242185	-0.00578190684026474	-0.00713500689242185
sbvalued	~~	sbvalued		0.142360518868131	0.00536440438757373	26.5379916543762	0	0.131846479469978	0.152874558266284	0.142360518868131	0.226580723167581	0.226580723167581
sbmyself	~~	sbmyself		0.172116568836472	0.00573528026341309	30.0101409053103	0	0.160875626078939	0.183357511594005	0.172116568836472	0.262742522466332	0.262742522466332
sbcommunity	~~	sbcommunity		0.116468935907998	0.00500634096378237	23.2642835856717	0	0.106656687924657	0.126281183891339	0.116468935907998	0.187342702402674	0.187342702402674
pganalyze	~~	pganalyze		0.244003405152309	0.00647656467519489	37.6748195052907	0	0.231309571645383	0.256697238659235	0.244003405152309	0.490126429527302	0.490126429527302
pgthink	~~	pgthink		0.165035467235835	0.00498333761016833	33.1174566417266	0	0.155268304997101	0.174802629474569	0.165035467235835	0.382801656699971	0.382801656699971
pgwork	~~	pgwork		0.212427466526125	0.00589425287807033	36.0397612590503	0	0.200874943169335	0.223979989882914	0.212427466526125	0.437386631444583	0.437386631444583
pgvalues	~~	pgvalues		0.267280298272416	0.00709698726486532	37.6610931226587	0	0.25337045883454	0.281190137710291	0.267280298272416	0.491956368708073	0.491956368708073
pgprobsolve	~~	pgprobsolve		0.187688450254098	0.00527709131598999	35.5666481808621	0	0.177345541331629	0.198031359176568	0.187688450254098	0.412185305402399	0.412185305402399
SEacademic	~~	SEacademic		0.156728289205498	0.0051934137011798	30.1782793020887	0	0.146549385394369	0.166907193016627	0.156728289205498	0.267314419444632	0.267314419444632
SEwellness	~~	SEwellness		0.181052251154617	0.00543956461728455	33.2843276793352	0	0.170390900413161	0.191713601896073	0.181052251154617	0.30975144845101	0.30975144845101
SEnonacad	~~	SEnonacad		0.255153908359264	0.00668921859511764	38.1440529609089	0	0.242043280828118	0.26826453589041	0.255153908359264	0.400530236605873	0.400530236605873
SEactivities	~~	SEactivities		0.300340296568247	0.00758956282147235	39.5728059221706	0	0.285465026779757	0.315215566356736	0.300340296568247	0.447952890131725	0.447952890131725
SEdiverse	~~	SEdiverse		0.220541173519705	0.00615217601140347	35.8476696880774	0	0.208483130110803	0.232599216928607	0.220541173519705	0.364360326598481	0.364360326598481
sameinst	~~	sameinst		0.0979197389713776	0.00749256168476328	13.0689266356666	0	0.0832345879172968	0.112604890025458	0.0979197389713776	0.198352328715704	0.198352328715704
evalexp	~~	evalexp		0.121010310840888	0.00751766937384038	16.096785429534	0	0.106275949620481	0.135744672061295	0.121010310840888	0.241644369498849	0.241644369498849
MHWdacad	~~	MHWdacad		0.21229314552387	0.00579255672213797	36.6492993866644	0	0.200939942970074	0.223646348077665	0.21229314552387	0.137183870863425	0.137183870863425
MHWdlonely	~~	MHWdlonely		0.171136628582681	0.00508702806632099	33.6417700770521	0	0.161166236784348	0.181107020381015	0.171136628582681	0.113507506889272	0.113507506889272
MHWdmental	~~	MHWdmental		0.126634149174164	0.00392062998320115	32.2994390485094	0	0.118949855610382	0.134318442737946	0.126634149174164	0.0849634633923667	0.0849634633923667
MHWdexhaust	~~	MHWdexhaust		0.152583242252328	0.00455468994546843	33.5002478937422	0	0.143656213998463	0.161510270506192	0.152583242252328	0.100542288036137	0.100542288036137
MHWdsleep	~~	MHWdsleep		0.186679729747526	0.00542402647622483	34.4171863035331	0	0.176048833202934	0.197310626292119	0.186679729747526	0.122279411323688	0.122279411323688
MHWdfinancial	~~	MHWdfinancial		0.347362494764095	0.008875239682013	39.1383790420981	0	0.329967344633188	0.364757644895001	0.347362494764095	0.209382868249235	0.209382868249235
QIadmin	~~	QIadmin		0.248603091247268	0.00690670924650608	35.9944341616856	0	0.235066189872426	0.26213999262211	0.248603091247268	0.194240269669032	0.194240269669032
QIstudent	~~	QIstudent		0.22462500646748	0.0064311988970433	34.9273922426423	0	0.212020088251861	0.237229924683098	0.22462500646748	0.170242175957506	0.170242175957506
QIadvisor	~~	QIadvisor		0.169531406962354	0.00518728449825169	32.6821108461456	0	0.159364516168218	0.179698297756491	0.169531406962354	0.136598253068265	0.136598253068265
QIfaculty	~~	QIfaculty		0.154573384345394	0.00483855498787484	31.9461873912245	0	0.145089990831942	0.164056777858845	0.154573384345394	0.128178696422337	0.128178696422337
QIstaff	~~	QIstaff		0.180601221915414	0.0053382888972055	33.8312941455747	0	0.170138367937822	0.191064075893007	0.180601221915414	0.147341774773022	0.147341774773022
Belong	~~	Belong		0.337413277663491	0.00997779554856334	33.8164152613925	0	0.317857157743203	0.356969397583779	0.694353410042458	0.694353410042458	0.694353410042458
Gains	~~	Gains		0.232120383075322	0.00905861694247323	25.6242630138136	0	0.21436582011833	0.249874946032314	0.914456419061536	0.914456419061536	0.914456419061536
SupportEnv	~~	SupportEnv		0.294613874837066	0.00942881480193411	31.2461195840471	0	0.276133737408377	0.313094012265755	0.685820629460017	0.685820629460017	0.685820629460017
Satisf	~~	Satisf		0.243091062724024	0.00950552141366499	25.5736694648397	0	0.224460583098966	0.261721542349082	0.614260393208353	0.614260393208353	0.614260393208353
DevAdj	~~	DevAdj		0.0178375302423598	0.00339989021136995	5.2465018378262	1.55014302949397e-07	0.0111738678766844	0.0245011926080352	0.120097390669981	0.120097390669981	0.120097390669981
EmoDiss	~~	EmoDiss		1.04060750045751	0.0254024702746144	40.9648152013557	0	0.990819573600916	1.0903954273141	0.779355810890771	0.779355810890771	0.779355810890771
QualEngag	~~	QualEngag		0.842681766967845	0.0221362473480441	38.0679594747256	0	0.799295519412808	0.886068014522882	0.817129305431711	0.817129305431711	0.817129305431711
x_FASt	~~	x_FASt		0.25	0	NA	NA	0.25	0.25	0.25	1	0.25
x_FASt	~~	XZ_c		0.395921274097372	0	NA	NA	0.395921274097372	0.395921274097372	0.395921274097372	0.551872789343318	0.395921274097372
x_FASt	~~	cohort		4.44089209850063e-16	0	NA	NA	4.44089209850063e-16	4.44089209850063e-16	4.44089209850063e-16	1.77637402992108e-15	4.44089209850063e-16
x_FASt	~~	hgrades_c		1.69309011255336e-15	0	NA	NA	1.69309011255336e-15	1.69309011255336e-15	1.69309011255336e-15	3.15051838330661e-15	1.69309011255336e-15
x_FASt	~~	bparented_c		4.44089209850063e-15	0	NA	NA	4.44089209850063e-15	4.44089209850063e-15	4.44089209850063e-15	4.50561437408348e-15	4.44089209850063e-15
x_FASt	~~	pell		-0.0113662078825106	0	NA	NA	-0.0113662078825106	-0.0113662078825106	-0.0113662078825106	-0.0467048988290951	-0.0113662078825106
x_FASt	~~	hapcl		8.60422844084496e-16	0	NA	NA	8.60422844084496e-16	8.60422844084496e-16	8.60422844084496e-16	3.65947919684206e-15	8.60422844084496e-16
x_FASt	~~	hprecalc13		5.27355936696949e-16	0	NA	NA	5.27355936696949e-16	5.27355936696949e-16	5.27355936696949e-16	2.13680319300699e-15	5.27355936696949e-16
x_FASt	~~	hchallenge_c		-4.42354486374086e-17	0	NA	NA	-4.42354486374086e-17	-4.42354486374086e-17	-4.42354486374086e-17	-7.42734904323646e-17	-4.42354486374086e-17
x_FASt	~~	cSFcareer_c		-1.17093834628434e-17	0	NA	NA	-1.17093834628434e-17	-1.17093834628434e-17	-1.17093834628434e-17	-2.8899300532339e-17	-1.17093834628434e-17
XZ_c	~~	XZ_c		2.05873148113699	0	NA	NA	2.05873148113699	2.05873148113699	2.05873148113699	1	2.05873148113699
XZ_c	~~	cohort		0.00235065952125157	0	NA	NA	0.00235065952125157	0.00235065952125157	0.00235065952125157	0.00327660488541168	0.00235065952125157
XZ_c	~~	hgrades_c		0.219161566711048	0	NA	NA	0.219161566711048	0.219161566711048	0.219161566711048	0.142113878617692	0.219161566711048
XZ_c	~~	bparented_c		0.221343699046381	0	NA	NA	0.221343699046381	0.221343699046381	0.221343699046381	0.0782566247373082	0.221343699046381
XZ_c	~~	pell		-0.0867904878898058	0	NA	NA	-0.0867904878898058	-0.0867904878898058	-0.0867904878898058	-0.124276531021669	-0.0867904878898058
XZ_c	~~	hapcl		0.0817410836485205	0	NA	NA	0.0817410836485205	0.0817410836485205	0.0817410836485205	0.121148458569366	0.0817410836485205
XZ_c	~~	hprecalc13		0.0134068083193254	0	NA	NA	0.0134068083193254	0.0134068083193254	0.0134068083193254	0.0189302450668491	0.0134068083193254
XZ_c	~~	hchallenge_c		0.0874566507323728	0	NA	NA	0.0874566507323728	0.0874566507323728	0.0874566507323728	0.0511712929530696	0.0874566507323728
XZ_c	~~	cSFcareer_c		-0.0154244235503353	0	NA	NA	-0.0154244235503353	-0.0154244235503353	-0.0154244235503353	-0.0132657679626656	-0.0154244235503353
cohort	~~	cohort		0.249995161368789	0	NA	NA	0.249995161368789	0.249995161368789	0.249995161368789	1	0.249995161368789
cohort	~~	hgrades_c		-0.0018243602774389	0	NA	NA	-0.0018243602774389	-0.0018243602774389	-0.0018243602774389	-0.00339482002277966	-0.0018243602774389
cohort	~~	bparented_c		-0.00908936868825466	0	NA	NA	-0.00908936868825466	-0.00908936868825466	-0.00908936868825466	-0.00922192785262521	-0.00908936868825466
cohort	~~	pell		0.00119819768392693	0	NA	NA	0.00119819768392693	0.00119819768392693	0.00119819768392693	0.00492356322772404	0.00119819768392693
cohort	~~	hapcl		-0.00147981911181169	0	NA	NA	-0.00147981911181169	-0.00147981911181169	-0.00147981911181169	-0.006293905024357	-0.00147981911181169
cohort	~~	hprecalc13		0.00124494176175102	0	NA	NA	0.00124494176175102	0.00124494176175102	0.00124494176175102	0.00504445117668221	0.00124494176175102
cohort	~~	hchallenge_c		-0.00676902844455687	0	NA	NA	-0.00676902844455687	-0.00676902844455687	-0.00676902844455687	-0.0113656411386095	-0.00676902844455687
cohort	~~	cSFcareer_c		-0.00274671615782474	0	NA	NA	-0.00274671615782474	-0.00274671615782474	-0.00274671615782474	-0.00677908825417528	-0.00274671615782474
hgrades_c	~~	hgrades_c		1.15519713243127	0	NA	NA	1.15519713243127	1.15519713243127	1.15519713243127	1	1.15519713243127
hgrades_c	~~	bparented_c		0.990653053914604	0	NA	NA	0.990653053914604	0.990653053914604	0.990653053914604	0.467570748305827	0.990653053914604
hgrades_c	~~	pell		-0.249525386957571	0	NA	NA	-0.249525386957571	-0.249525386957571	-0.249525386957571	-0.47698369311295	-0.249525386957571
hgrades_c	~~	hapcl		0.047270581034528	0	NA	NA	0.047270581034528	0.047270581034528	0.047270581034528	0.0935276977754248	0.047270581034528
hgrades_c	~~	hprecalc13		0.0813151110609917	0	NA	NA	0.0813151110609917	0.0813151110609917	0.0813151110609917	0.153275907910132	0.0813151110609917
hgrades_c	~~	hchallenge_c		0.00716053145614151	0	NA	NA	0.00716053145614151	0.00716053145614151	0.00716053145614151	0.00559307454514387	0.00716053145614151
hgrades_c	~~	cSFcareer_c		-0.0116866299752139	0	NA	NA	-0.0116866299752139	-0.0116866299752139	-0.0116866299752139	-0.013417899957802	-0.0116866299752139
bparented_c	~~	bparented_c		3.88590694402614	0	NA	NA	3.88590694402614	3.88590694402614	3.88590694402614	1	3.88590694402614
bparented_c	~~	pell		-0.646736163622265	0	NA	NA	-0.646736163622265	-0.646736163622265	-0.646736163622265	-0.674058815907689	-0.646736163622265
bparented_c	~~	hapcl		0.141974654525724	0	NA	NA	0.141974654525724	0.141974654525724	0.141974654525724	0.153158807790338	0.141974654525724
bparented_c	~~	hprecalc13		0.200537020716466	0	NA	NA	0.200537020716466	0.200537020716466	0.200537020716466	0.206100501843644	0.200537020716466
bparented_c	~~	hchallenge_c		0.117963109604104	0	NA	NA	0.117963109604104	0.117963109604104	0.117963109604104	0.0502381242934763	0.117963109604104
bparented_c	~~	cSFcareer_c		-0.00116870209189269	0	NA	NA	-0.00116870209189269	-0.00116870209189269	-0.00116870209189269	-0.000731612185443434	-0.00116870209189269
pell	~~	pell		0.236900681268099	0	NA	NA	0.236900681268099	0.236900681268099	0.236900681268099	1	0.236900681268099
pell	~~	hapcl		-0.0370211869826356	0	NA	NA	-0.0370211869826356	-0.0370211869826356	-0.0370211869826356	-0.161750092965008	-0.0370211869826356
pell	~~	hprecalc13		-0.0503307479040657	0	NA	NA	-0.0503307479040657	-0.0503307479040657	-0.0503307479040657	-0.20949850011458	-0.0503307479040657
pell	~~	hchallenge_c		-0.0285153605555168	0	NA	NA	-0.0285153605555168	-0.0285153605555168	-0.0285153605555168	-0.0491845966618747	-0.0285153605555168
pell	~~	cSFcareer_c		0.000537102333048504	0	NA	NA	0.000537102333048504	0.000537102333048504	0.000537102333048504	0.00136174939531169	0.000537102333048504
hapcl	~~	hapcl		0.221128790586616	0	NA	NA	0.221128790586616	0.221128790586616	0.221128790586616	1	0.221128790586616
hapcl	~~	hprecalc13		0.00971573687302138	0	NA	NA	0.00971573687302138	0.00971573687302138	0.00971573687302138	0.0418585122125612	0.00971573687302138
hapcl	~~	hchallenge_c		-0.00329393366289516	0	NA	NA	-0.00329393366289516	-0.00329393366289516	-0.00329393366289516	-0.0058806536958566	-0.00329393366289516
hapcl	~~	cSFcareer_c		0.0101080801449369	0	NA	NA	0.0101080801449369	0.0101080801449369	0.0101080801449369	0.0265258517720865	0.0101080801449369
hprecalc13	~~	hprecalc13		0.243634407668915	0	NA	NA	0.243634407668915	0.243634407668915	0.243634407668915	1	0.243634407668915
hprecalc13	~~	hchallenge_c		0.00807964405069828	0	NA	NA	0.00807964405069828	0.00807964405069828	0.00807964405069828	0.0137422017150242	0.00807964405069828
hprecalc13	~~	cSFcareer_c		0.00831582447488433	0	NA	NA	0.00831582447488433	0.00831582447488433	0.00831582447488433	0.020790230764976	0.00831582447488433
hchallenge_c	~~	hchallenge_c		1.41883925735921	0	NA	NA	1.41883925735921	1.41883925735921	1.41883925735921	1	1.41883925735921
hchallenge_c	~~	cSFcareer_c		0.00507661276515924	0	NA	NA	0.00507661276515924	0.00507661276515924	0.00507661276515924	0.00525933393130595	0.00507661276515924
cSFcareer_c	~~	cSFcareer_c		0.656679389663647	0	NA	NA	0.656679389663647	0.656679389663647	0.656679389663647	1	0.656679389663647
sbvalued	~1			3.22947147615924	0.0358636459341516	90.0486102859925	0	3.15918002177401	3.29976293054447	3.22947147615924	4.07425447497382	4.07425447497382
sbmyself	~1			3.20935971388688	0.0359089500781069	89.3749248281023	0	3.13897946501115	3.27973996276262	3.20935971388688	3.9652652073373	3.9652652073373
sbcommunity	~1			3.2318891256968	0.0364877545120891	88.5746237035772	0	3.16037444097636	3.30340381041723	3.2318891256968	4.0989232811239	4.0989232811239
pganalyze	~1			3.10266638494676	0.0181304256057425	171.130366843901	0	3.06713140373513	3.1382013661584	3.10266638494676	4.39735165990835	4.39735165990835
pgthink	~1			3.11323927126531	0.018027789943427	172.691121930917	0	3.07790545225534	3.14857309027528	3.11323927126531	4.74144547758839	4.74144547758839
pgwork	~1			3.11015506127083	0.0185522707213565	167.642824319643	0	3.07379327882553	3.14651684371612	3.11015506127083	4.46282091333492	4.46282091333492
pgvalues	~1			3.1114008477049	0.0191569201308631	162.416548508349	0	3.0738539741937	3.1489477212161	3.1114008477049	4.22119860211634	4.22119860211634
pgprobsolve	~1			3.12208278698795	0.0182871407686786	170.725583976218	0	3.08624064970113	3.15792492427478	3.12208278698795	4.62670588982849	4.62670588982849
SEacademic	~1			3.19185939760254	0.0345220104566873	92.4586765190625	0	3.12419750043352	3.25952129477156	3.19185939760254	4.16851385026381	4.16851385026381
SEwellness	~1			3.17551102404864	0.033543811596552	94.6675667703502	0	3.1097663614152	3.24125568668208	3.17551102404864	4.1535393873685	4.1535393873685
SEnonacad	~1			3.16452437364572	0.0329204479556556	96.1264068431993	0	3.10000148129771	3.22904726599373	3.16452437364572	3.9648337910318	3.9648337910318
SEactivities	~1			3.16416402447161	0.032706539893174	96.7440773254031	0	3.10006038422207	3.22826766472115	3.16416402447161	3.86427795403395	3.86427795403395
SEdiverse	~1			3.16769438615384	0.0328260054629523	96.499538749207	0	3.10335659769014	3.23203217461755	3.16769438615384	4.0715894060639	4.0715894060639
sameinst	~1			3.39581559053635	0.0357641365485926	94.9503026844355	0	3.32571917096294	3.46591201010977	3.39581559053635	4.83312053314148	4.83312053314148
evalexp	~1			3.38888989815741	0.0350578458107082	96.6656627008812	0	3.32017778299287	3.45760201332196	3.38888989815741	4.78888723888007	4.78888723888007
MHWdacad	~1			2.57466581477164	0.0734122943890404	35.0713165444399	0	2.43078036174667	2.71855126779661	2.57466581477164	2.06968573899126	2.06968573899126
MHWdlonely	~1			2.55948529693361	0.0738749829998319	34.6461710446611	0	2.41469299089543	2.70427760297179	2.55948529693361	2.08445942330982	2.08445942330982
MHWdmental	~1			2.55076211267815	0.0742878760428662	34.3361830833108	0	2.40516055114616	2.69636367421015	2.55076211267815	2.08934733234094	2.08934733234094
MHWdexhaust	~1			2.55565401041912	0.0742393897165944	34.4245018739407	0	2.41014748034036	2.70116054049788	2.55565401041912	2.07454576736555	2.07454576736555
MHWdsleep	~1			2.56575466173316	0.0735974365427346	34.8620112637123	0	2.42150633675493	2.71000298671139	2.56575466173316	2.07655392965341	2.07655392965341
MHWdfinancial	~1			2.58411349365303	0.0736131242240301	35.1039780051813	0	2.43983442138446	2.7283925659216	2.58411349365303	2.00627607229108	2.00627607229108
QIadmin	~1			5.59963294353935	0.0728589640580052	76.8557859137458	0	5.45683199803476	5.74243388904394	5.59963294353935	4.94966645303409	4.94966645303409
QIstudent	~1			5.61546850452303	0.0752311064033157	74.6429073423216	0	5.46801824545543	5.76291876359063	5.61546850452303	4.88866778457682	4.88866778457682
QIadvisor	~1			5.61276218677639	0.0741177667567574	75.7276214918425	0	5.46749403331861	5.75803034023418	5.61276218677639	5.03818523706211	5.03818523706211
QIfaculty	~1			5.62396812165561	0.0734195357719172	76.6004315135804	0	5.480068475781	5.76786776753022	5.62396812165561	5.12133774226145	5.12133774226145
QIstaff	~1			5.61139996422	0.0734375345884256	76.4105167155816	0	5.46746504131327	5.75533488712673	5.61139996422	5.06843441627734	5.06843441627734
x_FASt	~1			0.499999999999998	0	NA	NA	0.499999999999998	0.499999999999998	0.499999999999998	0.999999999999996	0.499999999999998
XZ_c	~1			0.79184254819474	0	NA	NA	0.79184254819474	0.79184254819474	0.79184254819474	0.551872789343315	0.79184254819474
cohort	~1			0.502199688889557	0	NA	NA	0.502199688889557	0.502199688889557	0.502199688889557	1.00440909775656	0.502199688889557
hgrades_c	~1			0.164345297231036	0	NA	NA	0.164345297231036	0.164345297231036	0.164345297231036	0.152907655740636	0.164345297231036
bparented_c	~1			0.31353221972894	0	NA	NA	0.31353221972894	0.31353221972894	0.31353221972894	0.159050844359173	0.31353221972894
pell	~1			1.38554774474962	0	NA	NA	1.38554774474962	1.38554774474962	1.38554774474962	2.84667797344202	1.38554774474962
hapcl	~1			0.330084699295842	0	NA	NA	0.330084699295842	0.330084699295842	0.330084699295842	0.701944455899627	0.330084699295842
hprecalc13	~1			0.420215337745375	0	NA	NA	0.420215337745375	0.420215337745375	0.420215337745375	0.851339117436375	0.420215337745375
hchallenge_c	~1			-0.0119902437665956	0	NA	NA	-0.0119902437665956	-0.0119902437665956	-0.0119902437665956	-0.0100661040309518	-0.0119902437665956
cSFcareer_c	~1			0.00477137487863306	0	NA	NA	0.00477137487863306	0.00477137487863306	0.00477137487863306	0.00588798705788497	0.00477137487863306
Belong	~1			0	0	NA	NA	0	0	0	0	0
Gains	~1			0	0	NA	NA	0	0	0	0	0
SupportEnv	~1			0	0	NA	NA	0	0	0	0	0
Satisf	~1			0	0	NA	NA	0	0	0	0	0
DevAdj	~1			0	0	NA	NA	0	0	0	0	0
EmoDiss	~1			0	0	NA	NA	0	0	0	0	0
QualEngag	~1			0	0	NA	NA	0	0	0	0	0
dir_z_low	:=	c+cz*-1.81733618622	dir_z_low	-0.021302037406536	0.0204442173411651	-1.04195905624833	0.297430662010983	-0.0613719670873287	0.0187678922742567	-0.0552739584318295	-0.0513954514652307	-0.0552739584318295
dir_z_mid	:=	c+cz*0	dir_z_mid	-0.0115074226430052	0.0139216317418301	-0.826585766410487	0.40847188763029	-0.0387933194630219	0.0157784741770114	-0.0298591533142179	-0.014929576657109	-0.0298591533142179
dir_z_high	:=	c+cz*1.81733618622	dir_z_high	-0.00171280787947444	0.0113928202711362	-0.150340990089509	0.880495595060067	-0.0240423252932392	0.0206167095342903	-0.00444434819660638	0.0215362981510127	-0.00444434819660638
a1_z_low	:=	a1+a1z*-1.81733618622	a1_z_low	0.154261374621899	0.0591807813551829	2.60661267204424	0.00914427335147905	0.0382691745888012	0.270253574654997	0.133500105847198	0.0588574505286923	0.133500105847198
a1_z_mid	:=	a1+a1z*0	a1_z_mid	0.164017201505667	0.0397950724491244	4.12154549323545	3.7633913219759e-05	0.0860202927432208	0.242014110268113	0.141942944664123	0.0709714723320616	0.141942944664123
a1_z_high	:=	a1+a1z*1.81733618622	a1_z_high	0.173773028389435	0.0327811086146085	5.3010113365109	1.15162936742408e-07	0.109523236131506	0.238022820647363	0.150385783481048	0.0830854941354309	0.150385783481048
a2_z_low	:=	a2+a2z*-1.81733618622	a2_z_low	0.0648778005488092	0.0560802701922111	1.15687389391037	0.247323886044125	-0.0450375092711997	0.174793110368818	0.0638865907117993	0.0594046303011396	0.0638865907117993
a2_z_mid	:=	a2+a2z*0	a2_z_mid	0.035046215874377	0.0372770339539278	0.940155697947752	0.347137702413186	-0.0380154281257981	0.108107859874552	0.0345107761148476	0.0172553880574238	0.0345107761148476
a2_z_high	:=	a2+a2z*1.81733618622	a2_z_high	0.00521463119994481	0.0303039564199479	0.172077570587853	0.863376545804949	-0.0541800319722245	0.0646092943721141	0.00513496151789579	-0.024893854186292	0.00513496151789579
ind_EmoDiss_z_low	:=	a1_z_low*b1	ind_EmoDiss_z_low	-0.0304522793803957	0.0117392754468918	-2.59405101432034	0.00948524116942817	-0.053460836460899	-0.00744372229989233	-0.0790167622234103	-0.0348368650645486	-0.0790167622234103
ind_EmoDiss_z_mid	:=	a1_z_mid*b1	ind_EmoDiss_z_mid	-0.0323781481636827	0.00795291124635014	-4.07123217658718	4.67651089766097e-05	-0.0479655677787726	-0.0167907285485929	-0.0840139551698421	-0.042006977584921	-0.0840139551698421
ind_EmoDiss_z_high	:=	a1_z_high*b1	ind_EmoDiss_z_high	-0.0343040169469698	0.00660576904757246	-5.19303909959979	2.06888713050191e-07	-0.0472510863704013	-0.0213569475235384	-0.0890111481162739	-0.0491770901052934	-0.0890111481162739
ind_QualEngag_z_low	:=	a2_z_low*b2	ind_QualEngag_z_low	0.00860545485699802	0.00746707582701267	1.15245312306421	0.249134922103974	-0.00602974483377644	0.0232406545477725	0.022329204712914	0.0207627005308977	0.022329204712914
ind_QualEngag_z_mid	:=	a2_z_mid*b2	ind_QualEngag_z_mid	0.00464856431729165	0.00495604056500334	0.937959295595175	0.348265328776501	-0.00506509669603443	0.0143622253306177	0.0120619706903166	0.00603098534515828	0.0120619706903166
ind_QualEngag_z_high	:=	a2_z_high*b2	ind_QualEngag_z_high	0.00069167377758527	0.004019537358511	0.17207795721085	0.863376241857957	-0.00718647467960954	0.00856982223478008	0.00179473666771913	-0.00870072984058112	0.00179473666771913
ind_serial_z_low	:=	a1_z_low*d*b2	ind_serial_z_low	-0.00362422633088325	0.00142082260779507	-2.55079438559018	0.0107477712771318	-0.00640898747058186	-0.000839465191184646	-0.00940404580734225	-0.00414605035226508	-0.00940404580734225
ind_serial_z_mid	:=	a1_z_mid*d*b2	ind_serial_z_mid	-0.00385343033453194	0.000991007302077606	-3.88839751882089	0.000100908260663113	-0.00579576895502026	-0.00191109171404363	-0.00999877824200596	-0.00499938912100298	-0.00999877824200596
ind_serial_z_high	:=	a1_z_high*d*b2	ind_serial_z_high	-0.00408263433818063	0.000851807803006891	-4.79290554015694	1.64383034362281e-06	-0.00575214695382433	-0.00241312172253694	-0.0105935106766697	-0.00585272788974088	-0.0105935106766697
total_z_low	:=	dir_z_low+ind_EmoDiss_z_low+ind_QualEngag_z_low+ind_serial_z_low	total_z_low	-0.0467730882608169	0.0252282963320515	-1.85399313711856	0.0637401418448231	-0.0962196404629418	0.00267346394130804	-0.121365561749668	-0.0696156663511467	-0.121365561749668
total_z_mid	:=	dir_z_mid+ind_EmoDiss_z_mid+ind_QualEngag_z_mid+ind_serial_z_mid	total_z_mid	-0.0430904368239283	0.0168837643657564	-2.55218184111383	0.0107050631136967	-0.0761820069042715	-0.00999886674358503	-0.111809916035749	-0.0559049580178747	-0.111809916035749
total_z_high	:=	dir_z_high+ind_EmoDiss_z_high+ind_QualEngag_z_high+ind_serial_z_high	total_z_high	-0.0394077853870396	0.0139657743238102	-2.82174009641939	0.00477638691230009	-0.0667802000779218	-0.0120353706961574	-0.102254270321831	-0.0421942496846027	-0.102254270321831
index_MM_EmoDiss	:=	a1z*b1	index_MM_EmoDiss	-0.0010597207043419	0.00288423291391164	-0.367418560141418	0.713306829277042	-0.00671271333863373	0.00459327192994993	-0.00274973501563615	-0.00394539688074224	-0.00274973501563615
index_MM_QualEngag	:=	a2z*b2	index_MM_QualEngag	-0.00217730245493905	0.00185743880262462	-1.17220683225873	0.241114026021572	-0.00581781561157051	0.00146321070169241	-0.00564960633065527	-0.00810621353244547	-0.00564960633065527
index_MM_serial	:=	a1z*d*b2	index_MM_serial	-0.000126120860513666	0.000343661690173734	-0.366991329321307	0.713625485654183	-0.000799685396120347	0.000547443675093016	-0.000327255044593997	-0.000469554711565401	-0.000327255044593997
