lhs	op	rhs	block	group	label	est	se	z	pvalue	ci.lower	ci.upper	std.lv	std.all
Belong	=~	sbvalued	1	1		1	0	NA	NA	1	1	0.724306338681576	0.886662368640377
Belong	=~	sbmyself	1	1	.p2.	0.993613845478596	0.0126671354287455	78.4402954454715	0	0.968786716250963	1.01844097470623	0.719680806481923	0.859079367899462
Belong	=~	sbcommunity	1	1	.p3.	1.00776635487086	0.012230456587372	82.3980975421139	0	0.983795100445135	1.03173760929659	0.729931558742993	0.903702077344228
Gains	=~	pganalyze	1	1		1	0	NA	NA	1	1	0.535940757449031	0.727036901084436
Gains	=~	pgthink	1	1	.p5.	1.00630996175397	0.0210586005607983	47.7861745299101	0	0.965035863089989	1.04758406041795	0.539322523130927	0.793100142638512
Gains	=~	pgwork	1	1	.p6.	0.997563429050505	0.0207605723802841	48.050863472236	0	0.956873454886711	1.0382534032143	0.534634899768781	0.776930749296714
Gains	=~	pgvalues	1	1	.p7.	0.98724521101183	0.021893074045071	45.0939511271647	0	0.944335574372622	1.03015484765104	0.529104946177609	0.71036473269186
Gains	=~	pgprobsolve	1	1	.p8.	1.00603131637504	0.0211499821466908	47.5665326522485	0	0.96457811309386	1.04748451965622	0.539173185715484	0.777265015348155
SupportEnv	=~	SEacademic	1	1		1	0	NA	NA	1	1	0.675799813893657	0.857428850551352
SupportEnv	=~	SEwellness	1	1	.p10.	0.993973245787924	0.0136840252309468	72.6374899938086	0	0.967153049171731	1.02079344240412	0.671726934518753	0.85379873611039
SupportEnv	=~	SEnonacad	1	1	.p11.	0.979131164497032	0.0149927073688112	65.3071617027547	0	0.949745998023414	1.00851633097065	0.661696658744574	0.791918714174737
SupportEnv	=~	SEactivities	1	1	.p12.	0.973461974071793	0.0148302757733176	65.6401801929558	0	0.944395167675294	1.00252878046829	0.65786542091027	0.780146662358831
SupportEnv	=~	SEdiverse	1	1	.p13.	0.981892879844172	0.0141141650280733	69.5679041509839	0	0.954229624717294	1.00955613497105	0.663563025462198	0.812261281768055
Satisf	=~	sameinst	1	1		1	0	NA	NA	1	1	0.635178638625715	0.88698046210415
Satisf	=~	evalexp	1	1	.p15.	1.00127593732049	0.0200382025118596	49.9683510398643	0	0.962001782082326	1.04055009255866	0.635989086755916	0.876553264668071
DevAdj	=~	Belong	1	1		1	0	NA	NA	1	1	0.582861806845492	0.582861806845492
DevAdj	=~	Gains	1	1	.p17.	0.486007097273301	0.0286042602093336	16.9907242388571	0	0.429943777458595	0.542070417088007	0.382836828561043	0.382836828561043
DevAdj	=~	SupportEnv	1	1	.p18.	0.977815957820121	0.03725500984861	26.2465628594272	0	0.904797480273161	1.05083443536708	0.610839252363558	0.610839252363558
DevAdj	=~	Satisf	1	1	.p19.	0.934778868157469	0.0348546141240015	26.8193721735615	0	0.866465079779385	1.00309265653555	0.621299331167428	0.621299331167428
EmoDiss	=~	MHWdacad	1	1		1	0	NA	NA	1	1	1.24130296851632	0.937413860705885
EmoDiss	=~	MHWdlonely	1	1	.p21.	1.01031230377115	0.00866168265720243	116.641574594175	0	0.993335717717515	1.02728888982478	1.25410366179969	0.949232519192306
EmoDiss	=~	MHWdmental	1	1	.p22.	1.01613399052164	0.00825883996386684	123.035922111013	0	0.999946961638382	1.0323210194049	1.26133013884485	0.964256426640331
EmoDiss	=~	MHWdexhaust	1	1	.p23.	1.02206242296487	0.00840153796277805	121.651824641272	0	1.00559571114307	1.03852913478666	1.26868911963527	0.958243561561345
EmoDiss	=~	MHWdsleep	1	1	.p24.	1.00419743878366	0.00873906621523618	114.909009046399	0	0.987069183743282	1.02132569382403	1.24651326173864	0.937218806714924
EmoDiss	=~	MHWdfinancial	1	1	.p25.	1.00519323767836	0.0101830999992882	98.7119087260878	0	0.985234728428788	1.02515174692794	1.24774934986269	0.907335170135898
QualEngag	=~	QIadmin	1	1		1	0	NA	NA	1	1	1.00632150811585	0.898733877161056
QualEngag	=~	QIstudent	1	1	.p27.	1.00738184173231	0.00978949478234666	102.904374958033	0	0.98819478453207	1.02656889893255	1.01375001422058	0.900202402644411
QualEngag	=~	QIadvisor	1	1	.p28.	1.01473891376695	0.00951571218891097	106.638251937618	0	0.996088460589437	1.03338936694447	1.0211535940458	0.926095245898936
QualEngag	=~	QIfaculty	1	1	.p29.	1.00752114080347	0.00902970443938479	111.578529238341	0	0.989823245311238	1.02521903629571	1.01389019387195	0.936767367178303
QualEngag	=~	QIstaff	1	1	.p30.	1.00127644993785	0.00945717777817249	105.874762368202	0	0.982740722097242	1.01981217777846	1.00760602714234	0.926260501104518
sbvalued	~~	sbvalued	1	1		0.142690919829554	0.0105747902254045	13.4934988579498	0	0.121964711843695	0.163417127815414	0.142690919829554	0.213829844037035
sbmyself	~~	sbmyself	1	1		0.183859373810379	0.0130462948449776	14.0928421436956	0	0.158289105782532	0.209429641838225	0.183859373810379	0.26198263964946
sbcommunity	~~	sbcommunity	1	1		0.119599571303825	0.0102482896594565	11.6701981772603	0	0.0995132926681561	0.139685849939494	0.119599571303825	0.183322555403727
pganalyze	~~	pganalyze	1	1		0.256168791863587	0.0131849659793622	19.428854975019	0	0.230326733406651	0.282010850320522	0.256168791863587	0.47141734446154
pgthink	~~	pgthink	1	1		0.171555954166048	0.0100031874154405	17.15012895802	0	0.15195006710118	0.191161841230915	0.171555954166048	0.370992163746772
pgwork	~~	pgwork	1	1		0.187698240257202	0.0105886881675673	17.726297846046	0	0.166944792805244	0.208451687709159	0.187698240257202	0.396378610797246
pgvalues	~~	pgvalues	1	1		0.274828035941995	0.0139455049015131	19.707284740345	0	0.247495348588803	0.302160723295188	0.274828035941995	0.495381946547623
pgprobsolve	~~	pgprobsolve	1	1		0.190484200121938	0.0108089880971045	17.6227597265063	0	0.169298972742291	0.211669427501585	0.190484200121938	0.395859095915832
SEacademic	~~	SEacademic	1	1		0.164506775088797	0.0098975224162527	16.6210055577809	0	0.145107987616764	0.183905562560831	0.164506775088797	0.264815766242187
SEwellness	~~	SEwellness	1	1		0.167759923379317	0.0102314524915725	16.3964914578353	0	0.147706644986302	0.187813201772331	0.167759923379317	0.271027718216301
SEnonacad	~~	SEnonacad	1	1		0.260320277866798	0.0150159695442838	17.3362284132958	0	0.230889518367052	0.289751037366545	0.260320277866798	0.372864750139831
SEactivities	~~	SEactivities	1	1		0.278298237921992	0.0148260639150884	18.7708780641888	0	0.24923968661593	0.307356789228055	0.278298237921992	0.391371185210376
SEdiverse	~~	SEdiverse	1	1		0.227063597022827	0.0124172525497484	18.2861382671505	0	0.202726229238382	0.251400964807272	0.227063597022827	0.340231610140516
sameinst	~~	sameinst	1	1		0.109366570023068	0.0118501199389593	9.229153003212	0	0.0861407617302281	0.132592378315908	0.109366570023068	0.213265659845508
evalexp	~~	evalexp	1	1		0.121950394306172	0.0123740456501513	9.85533735320278	0	0.0976977104888211	0.146203078123523	0.121950394306172	0.231654374199746
MHWdacad	~~	MHWdacad	1	1		0.21261476036428	0.0126487717566153	16.8091230085706	0	0.187823623272647	0.237405897455914	0.21261476036428	0.121255253756487
MHWdlonely	~~	MHWdlonely	1	1		0.172731250533631	0.0112607293504185	15.3392595771083	0	0.150660626567158	0.194801874500104	0.172731250533631	0.0989576245078289
MHWdmental	~~	MHWdmental	1	1		0.120134739912289	0.00821315021546976	14.627120746679	0	0.104037261290351	0.136232218534227	0.120134739912289	0.070209543682819
MHWdexhaust	~~	MHWdexhaust	1	1		0.143333850274143	0.00986602056857452	14.5280307574762	0	0.123996805289006	0.162670895259281	0.143333850274143	0.0817692767262285
MHWdsleep	~~	MHWdsleep	1	1		0.215139452858354	0.0123014897291028	17.4888942393195	0	0.191028976033123	0.239249929683585	0.215139452858354	0.121620908339854
MHWdfinancial	~~	MHWdfinancial	1	1		0.334242109434033	0.0168703440582299	19.8124062129592	0	0.301176842673103	0.367307376194963	0.334242109434033	0.17674288903446
QIadmin	~~	QIadmin	1	1		0.241068001065282	0.015445376883092	15.6077771937813	0	0.210795618646774	0.271340383483789	0.241068001065282	0.192277418043056
QIstudent	~~	QIstudent	1	1		0.24049240182925	0.0144570991480924	16.6349002220811	0	0.212157008178064	0.268827795480436	0.24049240182925	0.18963563427323
QIadvisor	~~	QIadvisor	1	1		0.173069670383708	0.0114815460197198	15.073725270661	0	0.150566253698218	0.195573087069198	0.173069670383708	0.14234759552339
QIfaculty	~~	QIfaculty	1	1		0.143462059923864	0.00991372519578691	14.4710547337777	0	0.124031515587494	0.162892604260233	0.143462059923864	0.12246689978983
QIstaff	~~	QIstaff	1	1		0.168085567682758	0.0112185209861112	14.9828634176334	0	0.146097670590173	0.190073464775343	0.168085567682758	0.142041484093607
Belong	~~	Belong	1	1		0.346391740108719	0.0193217314640219	17.9275724203971	0	0.308521842320281	0.384261637897156	0.660272114120808	0.660272114120808
Gains	~~	Gains	1	1		0.245134541310765	0.0149853633539535	16.3582647628022	0	0.21576376884177	0.27450531377976	0.853435962697323	0.853435962697323
SupportEnv	~~	SupportEnv	1	1		0.286297376621686	0.0176823765902285	16.1911140824757	0	0.251640555343764	0.320954197899608	0.62687540777193	0.62687540777193
Satisf	~~	Satisf	1	1		0.247714280470036	0.0167875919410138	14.7557959080983	0	0.214811204878494	0.280617356061578	0.613987141090906	0.613987141090906
DevAdj	~~	DevAdj	1	1		0.178227932145591	0.0156881896945596	11.3606436189	0	0.147479645361622	0.20897621892956	1	1
EmoDiss	~~	EmoDiss	1	1		1.54083305964744	0.0678757570344674	22.7007863627215	0	1.40779902043649	1.67386709885839	1	1
QualEngag	~~	QualEngag	1	1		1.01268297769656	0.0478717157351655	21.1540982424548	0	0.918856138977496	1.10650981641562	1	1
DevAdj	~~	EmoDiss	1	1		-0.462812913730984	0.027335628140243	-16.930758325968	0	-0.516389760380639	-0.409236067081328	-0.883160812388686	-0.883160812388686
DevAdj	~~	QualEngag	1	1		0.270317151311707	0.0199446760079485	13.5533488337428	0	0.231226304652807	0.309407997970606	0.636281011693497	0.636281011693497
EmoDiss	~~	QualEngag	1	1		-0.460467597732489	0.044227603666421	-10.4113169052858	0	-0.547152108041186	-0.373783087423793	-0.368624779808491	-0.368624779808491
sbvalued	~1		1	1	.p67.	2.51055540440849	0.0264431248173462	94.941706842514	0	2.45872783212779	2.56238297668918	2.51055540440849	3.07330597924581
sbmyself	~1		1	1	.p68.	2.49126366572063	0.0265997065322174	93.6575620751015	0	2.43912919891815	2.54339813252311	2.49126366572063	2.97380893854911
sbcommunity	~1		1	1	.p69.	2.49774053907634	0.0266075800026224	93.8732699039206	0	2.44559064055543	2.54989043759725	2.49774053907634	3.09236295758646
pganalyze	~1		1	1	.p70.	2.96987320913925	0.0194013968183867	153.075226332401	0	2.93184717012545	3.00789924815306	2.96987320913925	4.02881733582585
pgthink	~1		1	1	.p71.	2.97291911523945	0.0192182991564201	154.692103137874	0	2.93525194104875	3.01058628943015	2.97291911523945	4.37182293196529
pgwork	~1		1	1	.p72.	2.98307428229898	0.019125497507897	155.973682831898	0	2.94558899599709	3.02055956860087	2.98307428229898	4.33499971355525
pgvalues	~1		1	1	.p73.	2.98152379530852	0.0193786332729198	153.85624741013	0	2.94354237202399	3.01950521859306	2.98152379530852	4.00292866125996
pgprobsolve	~1		1	1	.p74.	2.98278741987461	0.0191004301010348	156.163364075922	0	2.94535126478735	3.02022357496186	2.98278741987461	4.29994734736776
SEacademic	~1		1	1	.p75.	2.64258614913745	0.0241982481369715	109.205680269885	0	2.59515845430002	2.69001384397487	2.64258614913745	3.35281182053476
SEwellness	~1		1	1	.p76.	2.64901836203416	0.0243071536738901	108.981018410216	0	2.60137721626666	2.69665950780167	2.64901836203416	3.3670356408417
SEnonacad	~1		1	1	.p77.	2.63877224166638	0.0241554847488849	109.241121389137	0	2.59142836152946	2.6861161218033	2.63877224166638	3.15808322893026
SEactivities	~1		1	1	.p78.	2.63449499558666	0.0237988844506157	110.698255670488	0	2.58785003919122	2.68113995198209	2.63449499558666	3.12418378057342
SEdiverse	~1		1	1	.p79.	2.64353860029282	0.0239499515118615	110.377618050023	0	2.59659755789809	2.69047964268755	2.64353860029282	3.23593083020492
sameinst	~1		1	1	.p80.	2.88056710124495	0.0228819407832574	125.888233368414	0	2.83571932141339	2.92541488107652	2.88056710124495	4.02250104649666
evalexp	~1		1	1	.p81.	2.88039462026823	0.0229522018539508	125.495350668173	0	2.8354091312686	2.92538010926787	2.88039462026823	3.96990979956463
MHWdacad	~1		1	1	.p82.	4.1197889245107	0.0420933551510778	97.8726668312446	0	4.03728746442613	4.20229038459526	4.1197889245107	3.11120438681858
MHWdlonely	~1		1	1	.p83.	4.11719173079607	0.0424230170754789	97.0508939397397	0	4.03404414521261	4.20033931637954	4.11719173079607	3.1163072062264
MHWdmental	~1		1	1	.p84.	4.13396911928646	0.0425567999845764	97.1400368633145	0	4.05055932401941	4.2173789145535	4.13396911928646	3.16031954525028
MHWdexhaust	~1		1	1	.p85.	4.1285751193872	0.0430013145220971	96.0104398033145	0	4.04429409163601	4.21285614713839	4.1285751193872	3.11832147477743
MHWdsleep	~1		1	1	.p86.	4.11719687344977	0.0420167568911256	97.9894018026739	0	4.03484554319599	4.19954820370355	4.11719687344977	3.09560632781625
MHWdfinancial	~1		1	1	.p87.	4.11972287449908	0.0427198260186523	96.4358532897658	0	4.0359935540767	4.20345219492145	4.11972287449908	2.99576950743972
QIadmin	~1		1	1	.p88.	4.89779123873264	0.0347792862586089	140.824949721914	0	4.82962509025776	4.96595738720752	4.89779123873264	4.37415962394882
QIstudent	~1		1	1	.p89.	4.90177327762226	0.035022609271983	139.960253662297	0	4.83313022480455	4.97041633043996	4.90177327762226	4.35273787406683
QIadvisor	~1		1	1	.p90.	4.90821020610288	0.0348684642194889	140.763590137117	0	4.83986927203645	4.9765511401693	4.90821020610288	4.45130895513516
QIfaculty	~1		1	1	.p91.	4.90224454213183	0.0347041948073612	141.257982481472	0	4.83422557019693	4.97026351406672	4.90224454213183	4.52934917484467
QIstaff	~1		1	1	.p92.	4.91346137224343	0.0345493821501889	142.215607529079	0	4.84574582754095	4.98117691694592	4.91346137224343	4.51679036271679
Belong	~1		1	1		0	0	NA	NA	0	0	0	0
Gains	~1		1	1		0	0	NA	NA	0	0	0	0
SupportEnv	~1		1	1		0	0	NA	NA	0	0	0	0
Satisf	~1		1	1		0	0	NA	NA	0	0	0	0
DevAdj	~1		1	1		0	0	NA	NA	0	0	0	0
EmoDiss	~1		1	1		0	0	NA	NA	0	0	0	0
QualEngag	~1		1	1		0	0	NA	NA	0	0	0	0
Belong	=~	sbvalued	2	2		1	0	NA	NA	1	1	0.647144509207176	0.851028058108027
Belong	=~	sbmyself	2	2	.p2.	0.993613845478596	0.0126671354287455	78.4402954454715	0	0.968786716250963	1.01844097470623	0.6430117443737	0.83319611112187
Belong	=~	sbcommunity	2	2	.p3.	1.00776635487086	0.012230456587372	82.3980975421138	0	0.983795100445135	1.03173760929659	0.65217046311841	0.867393568441646
Gains	=~	pganalyze	2	2		1	0	NA	NA	1	1	0.486806382658403	0.729745063299275
Gains	=~	pgthink	2	2	.p5.	1.00630996175397	0.0210586005607983	47.7861745299101	0	0.965035863089989	1.04758406041795	0.489878112314565	0.777158368577128
Gains	=~	pgwork	2	2	.p6.	0.997563429050505	0.0207605723802841	48.050863472236	0	0.956873454886711	1.0382534032143	0.485620244368388	0.725043656923029
Gains	=~	pgvalues	2	2	.p7.	0.987245211011831	0.021893074045071	45.0939511271648	0	0.944335574372623	1.03015484765104	0.480597269969501	0.684024806976485
Gains	=~	pgprobsolve	2	2	.p8.	1.00603131637504	0.0211499821466908	47.5665326522485	0	0.96457811309386	1.04748451965622	0.489742465965604	0.729448186513325
SupportEnv	=~	SEacademic	2	2		1	0	NA	NA	1	1	0.578064262823421	0.806359894814699
SupportEnv	=~	SEwellness	2	2	.p10.	0.993973245787924	0.0136840252309468	72.6374899938086	0	0.967153049171731	1.02079344240412	0.574580411592599	0.804337195053845
SupportEnv	=~	SEnonacad	2	2	.p11.	0.979131164497033	0.0149927073688112	65.3071617027547	0	0.949745998023415	1.00851633097065	0.566000734812415	0.757991815302362
SupportEnv	=~	SEactivities	2	2	.p12.	0.973461974071793	0.0148302757733176	65.6401801929558	0	0.944395167675293	1.00252878046829	0.562723578428443	0.719878036414246
SupportEnv	=~	SEdiverse	2	2	.p13.	0.981892879844173	0.0141141650280733	69.567904150984	0	0.954229624717294	1.00955613497105	0.567597183758688	0.764900303113279
Satisf	=~	sameinst	2	2		1	0	NA	NA	1	1	0.502222992448523	0.823104175410372
Satisf	=~	evalexp	2	2	.p15.	1.00127593732049	0.0200382025118596	49.9683510398643	0	0.962001782082327	1.04055009255866	0.502863797507796	0.812963468323569
DevAdj	=~	Belong	2	2		1	0	NA	NA	1	1	0.328835927674023	0.328835927674023
DevAdj	=~	Gains	2	2	.p17.	0.4860070972733	0.0286042602093334	16.9907242388572	0	0.429943777458595	0.542070417088006	0.212454962418021	0.212454962418021
DevAdj	=~	SupportEnv	2	2	.p18.	0.977815957820122	0.0372550098486101	26.2465628594271	0	0.904797480273161	1.05083443536708	0.359966040796563	0.359966040796563
DevAdj	=~	Satisf	2	2	.p19.	0.93477886815747	0.0348546141240016	26.8193721735614	0	0.866465079779385	1.00309265653555	0.396089041058323	0.396089041058323
EmoDiss	=~	MHWdacad	2	2		1	0	NA	NA	1	1	0.918718858228926	0.891050222714646
EmoDiss	=~	MHWdlonely	2	2	.p21.	1.01031230377115	0.00866168265720244	116.641574594175	0	0.993335717717515	1.02728888982478	0.928192966175263	0.914543811454906
EmoDiss	=~	MHWdmental	2	2	.p22.	1.01613399052164	0.00825883996386685	123.035922111013	0	0.999946961638383	1.0323210194049	0.933541459579645	0.937718772273244
EmoDiss	=~	MHWdexhaust	2	2	.p23.	1.02206242296487	0.00840153796277804	121.651824641272	0	1.00559571114308	1.03852913478666	0.938988022264972	0.918039051530945
EmoDiss	=~	MHWdsleep	2	2	.p24.	1.00419743878366	0.00873906621523618	114.909009046399	0	0.987069183743283	1.02132569382403	0.922575124395732	0.911355880511249
EmoDiss	=~	MHWdfinancial	2	2	.p25.	1.00519323767836	0.0101830999992882	98.7119087260878	0	0.985234728428788	1.02515174692794	0.923489983619303	0.840595951073405
QualEngag	=~	QIadmin	2	2		1	0	NA	NA	1	1	0.95585954514058	0.883745612730011
QualEngag	=~	QIstudent	2	2	.p27.	1.00738184173231	0.00978949478234666	102.904374958034	0	0.988194784532071	1.02656889893256	0.96291554902113	0.903955566811478
QualEngag	=~	QIadvisor	2	2	.p28.	1.01473891376695	0.00951571218891096	106.638251937618	0	0.996088460589438	1.03338936694447	0.969947876549725	0.92146870454389
QualEngag	=~	QIfaculty	2	2	.p29.	1.00752114080347	0.00902970443938479	111.578529238341	0	0.989823245311238	1.02521903629571	0.963048699367927	0.930295275707936
QualEngag	=~	QIstaff	2	2	.p30.	1.00127644993785	0.0094571777781725	105.874762368202	0	0.982740722097243	1.01981217777846	0.957079651997572	0.917563460507551
sbvalued	~~	sbvalued	2	2		0.159452842082877	0.0187196464970697	8.51794087606499	0	0.122763009145299	0.196142675020455	0.159452842082877	0.275751244312881
sbmyself	~~	sbmyself	2	2		0.182120335140816	0.0202366283270376	8.99953945872942	0	0.142457272451299	0.221783397830333	0.182120335140816	0.305784240411392
sbcommunity	~~	sbcommunity	2	2		0.139987836997189	0.0183307378725949	7.63678134345458	2.22044604925031e-14	0.104060250956858	0.175915423037519	0.139987836997189	0.247628397426067
pganalyze	~~	pganalyze	2	2		0.208029982157837	0.0180159482776941	11.5469904193388	0	0.17271937238622	0.243340591929454	0.208029982157837	0.467472142590336
pgthink	~~	pgthink	2	2		0.157354611748196	0.0138326830539881	11.3755669188725	0	0.130243051152821	0.18446617234357	0.157354611748196	0.396024870150536
pgwork	~~	pgwork	2	2		0.212779157523352	0.0187834148460529	11.3280337610211	0	0.175964340918413	0.249593974128291	0.212779157523352	0.474311695555681
pgvalues	~~	pgvalues	2	2		0.262675983518371	0.023603606071066	11.1286378330287	0	0.216413765713811	0.308938201322931	0.262675983518371	0.532110063440782
pgprobsolve	~~	pgprobsolve	2	2		0.210913624067084	0.0183434822181715	11.4980144750351	0	0.174961059568417	0.246866188565751	0.210913624067084	0.467905343192421
SEacademic	~~	SEacademic	2	2		0.179760387491473	0.016444090579493	10.9316101503143	0	0.147530562197153	0.211990212785794	0.179760387491473	0.349783720034428
SEwellness	~~	SEwellness	2	2		0.18015706772399	0.0171675612417668	10.4940396126671	0	0.146509265987741	0.213804869460239	0.18015706772399	0.353041676652913
SEnonacad	~~	SEnonacad	2	2		0.237220305271161	0.0215327510999149	11.0167207232567	0	0.195016888627262	0.279423721915059	0.237220305271161	0.425448407934631
SEactivities	~~	SEactivities	2	2		0.294386026080145	0.0227564138953619	12.9363979506518	0	0.249784274427948	0.338987777732341	0.294386026080145	0.48177561268837
SEdiverse	~~	SEdiverse	2	2		0.228477293077457	0.0197636838694555	11.5604608223149	0	0.189741184491489	0.267213401663425	0.228477293077457	0.414927526297214
sameinst	~~	sameinst	2	2		0.120063953843928	0.0193603995222263	6.20152253088017	5.59195134641755e-10	0.082118268054058	0.158009639633798	0.120063953843928	0.322499516422012
evalexp	~~	evalexp	2	2		0.129740083847674	0.0204099878686533	6.35669578456417	2.06139771918856e-10	0.0897372427002145	0.169742924995134	0.129740083847674	0.339090399171313
MHWdacad	~~	MHWdacad	2	2		0.219023293789833	0.020274183615941	10.8030635382833	0	0.179286624086636	0.258759963493029	0.219023293789833	0.20602950060018
MHWdlonely	~~	MHWdlonely	2	2		0.168529659467146	0.0175997747907403	9.57567136346622	0	0.134034734741279	0.203024584193013	0.168529659467146	0.163609616929533
MHWdmental	~~	MHWdmental	2	2		0.119610666825382	0.0117055937948549	10.2182485503602	0	0.0966681245698104	0.142553209080953	0.119610666825382	0.12068350412636
MHWdexhaust	~~	MHWdexhaust	2	2		0.164460730278906	0.0154022085659461	10.6777368696672	0	0.134272956207277	0.194648504350534	0.164460730278906	0.157204299864163
MHWdsleep	~~	MHWdsleep	2	2		0.173627682297033	0.0168450926067071	10.3073153915403	0	0.140611907471646	0.206643457122421	0.173627682297033	0.169430459057566
MHWdfinancial	~~	MHWdfinancial	2	2		0.354117673161737	0.028895089965986	12.255288825146	0	0.29748433749836	0.410751008825114	0.354117673161737	0.293398447038997
QIadmin	~~	QIadmin	2	2		0.256191800823074	0.023238957958296	11.0242378889289	0	0.210644280186573	0.301739321459574	0.256191800823074	0.218993691980458
QIstudent	~~	QIstudent	2	2		0.207496721397098	0.0184494914191926	11.2467447845876	0	0.1713363826824	0.243657060111796	0.207496721397098	0.182864333230539
QIadvisor	~~	QIadvisor	2	2		0.167190536026365	0.0164553290598594	10.1602669517077	0	0.134938683715285	0.199442388337444	0.167190536026365	0.150895426546206
QIfaculty	~~	QIfaculty	2	2		0.144191888078419	0.0149440863162554	9.64875904936221	0	0.1149020171167	0.173481759040137	0.144191888078419	0.134550699995495
QIstaff	~~	QIstaff	2	2		0.171986137467837	0.0191363186406885	8.98742023986535	0	0.134479642135405	0.209492632800269	0.171986137467837	0.158077295941408
Belong	~~	Belong	2	2		0.373510318023604	0.0370651318944395	10.077134463931	0	0.300863994428276	0.446156641618932	0.891866932670765	0.891866932670765
Gains	~~	Gains	2	2		0.226283841117759	0.0200944150273574	11.2610315259084	0	0.186899511373739	0.26566817086178	0.954862888943957	0.954862888943957
SupportEnv	~~	SupportEnv	2	2		0.29085954731062	0.0259651211722102	11.2019329846964	0	0.23996884495887	0.34175024966237	0.870424449473247	0.870424449473247
Satisf	~~	Satisf	2	2		0.212656769178872	0.0226986947322694	9.36867831772504	0	0.168168145007555	0.257145393350189	0.843113471553498	0.843113471553498
DevAdj	~~	DevAdj	2	2		0.0452856977733921	0.0126955278416284	3.56705907295175	0.000361010120143224	0.020402920439075	0.0701684751077092	1	1
EmoDiss	~~	EmoDiss	2	2		0.844044340465461	0.0614313883055464	13.739626659052	0	0.723641031866295	0.964447649064627	1	1
QualEngag	~~	QualEngag	2	2		0.913667470036357	0.0661442940231888	13.8132469856893	0	0.784027035968079	1.04330790410464	1	1
DevAdj	~~	EmoDiss	2	2		-0.149719560153401	0.0210688911253634	-7.10619079393145	1.19282361765727e-12	-0.191013827953309	-0.108425292353493	-0.765800030955028	-0.765800030955028
DevAdj	~~	QualEngag	2	2		0.127520148650063	0.0215948278617409	5.90512457272178	3.52380369328387e-09	0.0851950637887089	0.169845233511417	0.626908555919103	0.626908555919103
EmoDiss	~~	QualEngag	2	2		-0.0238262667146826	0.0473434525790583	-0.503264240707738	0.614778504241003	-0.116617728673417	0.0689651952440516	-0.0271318424549501	-0.0271318424549501
sbvalued	~1		2	2	.p67.	2.51055540440849	0.0264431248173462	94.9417068425139	0	2.45872783212779	2.56238297668918	2.51055540440849	3.30150848873598
sbmyself	~1		2	2	.p68.	2.49126366572063	0.0265997065322174	93.6575620751014	0	2.43912919891815	2.54339813252311	2.49126366572063	3.22810775420503
sbcommunity	~1		2	2	.p69.	2.49774053907634	0.0266075800026225	93.8732699039206	0	2.44559064055543	2.54989043759725	2.49774053907634	3.32202116126413
pganalyze	~1		2	2	.p70.	2.96987320913925	0.0194013968183866	153.075226332401	0	2.93184717012545	3.00789924815306	2.96987320913925	4.45197596046092
pgthink	~1		2	2	.p71.	2.97291911523945	0.0192182991564201	154.692103137874	0	2.93525194104875	3.01058628943015	2.97291911523945	4.71633435222282
pgwork	~1		2	2	.p72.	2.98307428229898	0.019125497507897	155.973682831898	0	2.94558899599709	3.02055956860087	2.98307428229898	4.45380749998215
pgvalues	~1		2	2	.p73.	2.98152379530853	0.0193786332729198	153.85624741013	0	2.94354237202399	3.01950521859306	2.98152379530853	4.24354520097697
pgprobsolve	~1		2	2	.p74.	2.98278741987461	0.0191004301010349	156.163364075922	0	2.94535126478735	3.02022357496186	2.98278741987461	4.4427204610333
SEacademic	~1		2	2	.p75.	2.64258614913745	0.0241982481369715	109.205680269885	0	2.59515845430002	2.69001384397487	2.64258614913745	3.68622595496473
SEwellness	~1		2	2	.p76.	2.64901836203416	0.0243071536738901	108.981018410216	0	2.60137721626666	2.69665950780167	2.64901836203416	3.70827817303915
SEnonacad	~1		2	2	.p77.	2.63877224166638	0.0241554847488849	109.241121389137	0	2.59142836152946	2.6861161218033	2.63877224166638	3.53386071538066
SEactivities	~1		2	2	.p78.	2.63449499558666	0.0237988844506158	110.698255670488	0	2.58785003919122	2.68113995198209	2.63449499558666	3.37024279249611
SEdiverse	~1		2	2	.p79.	2.64353860029282	0.0239499515118615	110.377618050023	0	2.59659755789809	2.69047964268755	2.64353860029282	3.56246213778837
sameinst	~1		2	2	.p80.	2.88056710124495	0.0228819407832574	125.888233368414	0	2.83571932141339	2.92541488107651	2.88056710124495	4.72102401569657
evalexp	~1		2	2	.p81.	2.88039462026823	0.0229522018539509	125.495350668172	0	2.8354091312686	2.92538010926787	2.88039462026823	4.65663985405016
MHWdacad	~1		2	2	.p82.	4.11978892451069	0.0420933551510778	97.8726668312447	0	4.03728746442613	4.20229038459526	4.11978892451069	3.9957151263873
MHWdlonely	~1		2	2	.p83.	4.11719173079607	0.042423017075479	97.0508939397396	0	4.03404414521261	4.20033931637954	4.11719173079607	4.05664808416775
MHWdmental	~1		2	2	.p84.	4.13396911928645	0.0425567999845764	97.1400368633145	0	4.05055932401941	4.2173789145535	4.13396911928645	4.15246736754285
MHWdexhaust	~1		2	2	.p85.	4.12857511938719	0.0430013145220971	96.0104398033144	0	4.044294091636	4.21285614713838	4.12857511938719	4.0364659579299
MHWdsleep	~1		2	2	.p86.	4.11719687344977	0.0420167568911255	97.989401802674	0	4.03484554319599	4.19954820370355	4.11719687344977	4.06712850002173
MHWdfinancial	~1		2	2	.p87.	4.11972287449907	0.0427198260186524	96.4358532897656	0	4.0359935540767	4.20345219492145	4.11972287449907	3.74992953824608
QIadmin	~1		2	2	.p88.	4.89779123873264	0.0347792862586089	140.824949721914	0	4.82962509025776	4.96595738720752	4.89779123873264	4.52828194403904
QIstudent	~1		2	2	.p89.	4.90177327762226	0.0350226092719829	139.960253662297	0	4.83313022480455	4.97041633043996	4.90177327762226	4.60163432406797
QIadvisor	~1		2	2	.p90.	4.90821020610288	0.0348684642194889	140.763590137118	0	4.83986927203646	4.9765511401693	4.90821020610288	4.66289190336183
QIfaculty	~1		2	2	.p91.	4.90224454213183	0.0347041948073612	141.257982481472	0	4.83422557019694	4.97026351406672	4.90224454213183	4.73551850586937
QIstaff	~1		2	2	.p92.	4.91346137224343	0.034549382150189	142.215607529079	0	4.84574582754095	4.98117691694591	4.91346137224343	4.71059290663647
Belong	~1		2	2		0.443369816034198	0.0331469775616453	13.3758746241536	0	0.378402933817016	0.50833669825138	0.685117172016766	0.685117172016766
Gains	~1		2	2		0.0630321197531162	0.03209925321366	1.96366312118105	0.0495691720620139	0.000118739523711164	0.125945499982521	0.129480881924563	0.129480881924563
SupportEnv	~1		2	2		0.299492814403626	0.0309508636710128	9.67639603169192	0	0.238830236318032	0.360155392489221	0.518096055516082	0.518096055516082
Satisf	~1		2	2		0.313844975871329	0.030165765434234	10.4040116785884	0	0.254721162054147	0.372968789688511	0.624911604188448	0.624911604188448
DevAdj	~1		2	2		-0.0562715358297914	0.0209686776255903	-2.68359964488734	0.00728342670866677	-0.0973693887793793	-0.0151736828802035	-0.264428484929658	-0.264428484929658
EmoDiss	~1		2	2		-0.899169087957881	0.0646302600963753	-13.9125091964207	0	-1.02584207005823	-0.772496105857529	-0.97872061719868	-0.97872061719868
QualEngag	~1		2	2		0.307811990210306	0.06247471365311	4.92698521067944	8.35080729011395e-07	0.185363801505757	0.430260178914854	0.322026381151046	0.322026381151046
Belong	=~	sbvalued	3	3		1	0	NA	NA	1	1	0.74299508641195	0.88714033247134
Belong	=~	sbmyself	3	3	.p2.	0.993613845478596	0.0126671354287455	78.4402954454717	0	0.968786716250963	1.01844097470623	0.738250204981479	0.860159746627396
Belong	=~	sbcommunity	3	3	.p3.	1.00776635487086	0.0122304565873719	82.3980975421143	0	0.983795100445134	1.03173760929659	0.748765449920333	0.905041375995255
Gains	=~	pganalyze	3	3		1	0	NA	NA	1	1	0.529703917017995	0.732275321552784
Gains	=~	pgthink	3	3	.p5.	1.00630996175397	0.0210586005607983	47.7861745299101	0	0.965035863089989	1.04758406041795	0.533046328475306	0.783184372810854
Gains	=~	pgwork	3	3	.p6.	0.997563429050505	0.0207605723802841	48.050863472236	0	0.956873454886711	1.0382534032143	0.528413255841955	0.7462274048717
Gains	=~	pgvalues	3	3	.p7.	0.987245211011831	0.021893074045071	45.0939511271647	0	0.944335574372623	1.03015484765104	0.522947655330224	0.710886179755565
Gains	=~	pgprobsolve	3	3	.p8.	1.00603131637504	0.0211499821466908	47.5665326522485	0	0.964578113093861	1.04748451965622	0.532898728926628	0.771398732528016
SupportEnv	=~	SEacademic	3	3		1	0	NA	NA	1	1	0.71301004925092	0.873151316377239
SupportEnv	=~	SEwellness	3	3	.p10.	0.993973245787924	0.0136840252309468	72.6374899938087	0	0.967153049171731	1.02079344240412	0.708712912933345	0.848439797797121
SupportEnv	=~	SEnonacad	3	3	.p11.	0.979131164497032	0.0149927073688112	65.3071617027547	0	0.949745998023414	1.00851633097065	0.69813035982114	0.818579063267738
SupportEnv	=~	SEactivities	3	3	.p12.	0.973461974071793	0.0148302757733176	65.6401801929558	0	0.944395167675294	1.00252878046829	0.694088170076827	0.798889161593275
SupportEnv	=~	SEdiverse	3	3	.p13.	0.981892879844172	0.0141141650280733	69.5679041509839	0	0.954229624717293	1.00955613497105	0.700099490616821	0.832867628918983
Satisf	=~	sameinst	3	3		1	0	NA	NA	1	1	0.657144648930225	0.901302380206959
Satisf	=~	evalexp	3	3	.p15.	1.00127593732049	0.0200382025118596	49.9683510398644	0	0.962001782082327	1.04055009255866	0.657983124312756	0.891849894270625
DevAdj	=~	Belong	3	3		1	0	NA	NA	1	1	0.673306635274871	0.673306635274871
DevAdj	=~	Gains	3	3	.p17.	0.4860070972733	0.0286042602093337	16.990724238857	0	0.429943777458594	0.542070417088006	0.458995325919711	0.458995325919711
DevAdj	=~	SupportEnv	3	3	.p18.	0.97781595782012	0.0372550098486103	26.2465628594269	0	0.904797480273159	1.05083443536708	0.686057167225331	0.686057167225331
DevAdj	=~	Satisf	3	3	.p19.	0.934778868157469	0.0348546141240014	26.8193721735616	0	0.866465079779385	1.00309265653555	0.711617707481924	0.711617707481924
EmoDiss	=~	MHWdacad	3	3		1	0	NA	NA	1	1	0.969043857885065	0.89296907180762
EmoDiss	=~	MHWdlonely	3	3	.p21.	1.01031230377115	0.00866168265720242	116.641574594175	0	0.993335717717514	1.02728888982478	0.979036932515139	0.927194692672382
EmoDiss	=~	MHWdmental	3	3	.p22.	1.01613399052164	0.00825883996386685	123.035922111013	0	0.999946961638381	1.0323210194049	0.984678402303236	0.940480890931223
EmoDiss	=~	MHWdexhaust	3	3	.p23.	1.02206242296487	0.00840153796277803	121.651824641273	0	1.00559571114308	1.03852913478666	0.990423313349231	0.928940119183625
EmoDiss	=~	MHWdsleep	3	3	.p24.	1.00419743878365	0.00873906621523618	114.909009046399	0	0.987069183743281	1.02132569382403	0.973111360157214	0.912865522954198
EmoDiss	=~	MHWdfinancial	3	3	.p25.	1.00519323767836	0.0101830999992882	98.7119087260879	0	0.985234728428789	1.02515174692794	0.97407633295982	0.85585912479348
QualEngag	=~	QIadmin	3	3		1	0	NA	NA	1	1	1.12695565812635	0.911751063401618
QualEngag	=~	QIstudent	3	3	.p27.	1.00738184173231	0.00978949478234666	102.904374958033	0	0.988194784532069	1.02656889893255	1.13527466643397	0.930009619920182
QualEngag	=~	QIadvisor	3	3	.p28.	1.01473891376695	0.00951571218891098	106.638251937618	0	0.996088460589435	1.03338936694446	1.14356576039065	0.940996922999858
QualEngag	=~	QIfaculty	3	3	.p29.	1.00752114080348	0.00902970443938479	111.578529238341	0	0.98982324531124	1.02521903629571	1.13543165031039	0.949428127937858
QualEngag	=~	QIstaff	3	3	.p30.	1.00127644993785	0.0094571777781725	105.874762368202	0	0.982740722097242	1.01981217777846	1.12839416060612	0.934423987790021
sbvalued	~~	sbvalued	3	3		0.149392982639682	0.00894216923599676	16.7065707097445	0	0.131866652993466	0.166919312285898	0.149392982639682	0.212982030502639
sbmyself	~~	sbmyself	3	3		0.19161582228184	0.00991423703186917	19.3273392259933	0	0.172184274765183	0.211047369798497	0.19161582228184	0.260125210281895
sbcommunity	~~	sbcommunity	3	3		0.123820784141888	0.00825557773872893	14.9984396078078	0	0.107640149102409	0.140001419181367	0.123820784141888	0.180900107736616
pganalyze	~~	pganalyze	3	3		0.242673803183805	0.0101407812845856	23.9304838920724	0	0.222798237090919	0.26254936927669	0.242673803183805	0.463772853444768
pgthink	~~	pgthink	3	3		0.179097167321637	0.00876773623926498	20.4268425091961	0	0.161912720066731	0.196281614576543	0.179097167321637	0.38662223818487
pgwork	~~	pgwork	3	3		0.222203318013734	0.0100680866177848	22.0700641988142	0	0.202470230849646	0.241936405177822	0.222203318013734	0.443144660218448
pgvalues	~~	pgvalues	3	3		0.267674048963166	0.011426818368395	23.4250725209316	0	0.245277896503231	0.290070201423101	0.267674048963166	0.494640839432539
pgprobsolve	~~	pgprobsolve	3	3		0.193253109429336	0.00875954407834667	22.062005476638	0	0.176084718514786	0.210421500343887	0.193253109429336	0.404943995454171
SEacademic	~~	SEacademic	3	3		0.158442286862123	0.00765123858260114	20.7080572840089	0	0.143446134803102	0.173438438921145	0.158442286862123	0.237606778708695
SEwellness	~~	SEwellness	3	3		0.195474051525834	0.00919497528448997	21.2587903151364	0	0.177452231129498	0.21349587192217	0.195474051525834	0.280149909513981
SEnonacad	~~	SEnonacad	3	3		0.239977970551616	0.0104970886812303	22.8613835549201	0	0.219404054793882	0.260551886309351	0.239977970551616	0.329928317179712
SEactivities	~~	SEactivities	3	3		0.273083907306069	0.0119125884890255	22.9239772327944	0	0.249735662904932	0.296432151707205	0.273083907306069	0.361776107488794
SEdiverse	~~	SEdiverse	3	3		0.216450819028	0.00968226733121292	22.3553855335334	0	0.197473923770134	0.235427714285866	0.216450819028	0.30633151269887
sameinst	~~	sameinst	3	3		0.0997559449467794	0.00992143520199253	10.0545881634892	0	0.0803102892759262	0.119201600617633	0.0997559449467794	0.18765401943327
evalexp	~~	evalexp	3	3		0.111367790466827	0.0102886193982262	10.8243668228243	0	0.0912024669956632	0.13153311393799	0.111367790466827	0.204603766089475
MHWdacad	~~	MHWdacad	3	3		0.238598023603535	0.0106898161606685	22.3201241272436	0	0.21764636892727	0.259549678279799	0.238598023603535	0.202606236795037
MHWdlonely	~~	MHWdlonely	3	3		0.156438955153635	0.00769749905171993	20.3233484151817	0	0.141352134241232	0.171525776066037	0.156438955153635	0.140310001880166
MHWdmental	~~	MHWdmental	3	3		0.126606109960243	0.00658892579054359	19.2149849588453	0	0.113692052713971	0.139520167206516	0.126606109960243	0.115495693793213
MHWdexhaust	~~	MHWdexhaust	3	3		0.15581508123692	0.00767784620124798	20.294113368876	0	0.140766779203637	0.170863383270204	0.15581508123692	0.137070254971113
MHWdsleep	~~	MHWdsleep	3	3		0.189402603219601	0.00890892619426944	21.2598689325131	0	0.171941428737908	0.206863777701295	0.189402603219601	0.166676537001559
MHWdfinancial	~~	MHWdfinancial	3	3		0.346508245577771	0.0154093868345031	22.4868289244259	0	0.3163064023583	0.376710088797243	0.346508245577771	0.267505158507739
QIadmin	~~	QIadmin	3	3		0.257751927086641	0.011907032937345	21.6470323415528	0	0.234414571366713	0.28108928280657	0.257751927086641	0.168709998386019
QIstudent	~~	QIstudent	3	3		0.20129122243515	0.00952972109537161	21.1224673230902	0	0.18261331230551	0.21996913256479	0.20129122243515	0.135082106855919
QIadvisor	~~	QIadvisor	3	3		0.169139634650207	0.00864548550527686	19.563925536278	0	0.152194794431002	0.186084474869413	0.169139634650207	0.114524790904799
QIfaculty	~~	QIfaculty	3	3		0.140998360478553	0.00760038010121037	18.5514880309866	0	0.126101889211366	0.15589483174574	0.140998360478553	0.0985862298804153
QIstaff	~~	QIstaff	3	3		0.184982384963276	0.00944401477576517	19.5872612819254	0	0.166472456133312	0.20349231379324	0.184982384963276	0.126851811042595
Belong	~~	Belong	3	3		0.301778107330845	0.0150539717205194	20.0464112018694	0	0.272272864934342	0.331283349727347	0.546658174894832	0.546658174894832
Gains	~~	Gains	3	3		0.221473254071993	0.0120532209985374	18.3746115746877	0	0.197849375017158	0.245097133126828	0.789323290783858	0.789323290783858
SupportEnv	~~	SupportEnv	3	3		0.269100292700106	0.0145145758630088	18.5400038719646	0	0.240652246757734	0.297548338642477	0.529325563298754	0.529325563298754
Satisf	~~	Satisf	3	3		0.213155877584911	0.0119271989655378	17.8714112341715	0	0.189778997176013	0.236532757993808	0.493600238398172	0.493600238398172
DevAdj	~~	DevAdj	3	3		0.250263591101456	0.0156236473769642	16.0182564969079	0	0.219641804935452	0.280885377267459	1	1
EmoDiss	~~	EmoDiss	3	3		0.93904599850477	0.0336175989661092	27.9331667752788	0	0.873156715284485	1.00493528172505	1	1
QualEngag	~~	QualEngag	3	3		1.27002905538299	0.0446142530122972	28.4668905031969	0	1.18258672628173	1.35747138448425	1	1
DevAdj	~~	EmoDiss	3	3		-0.315401483174281	0.0161682533281001	-19.5074555534159	0	-0.347090677390277	-0.283712288958285	-0.650611090365378	-0.650611090365378
DevAdj	~~	QualEngag	3	3		0.407447682757195	0.0191300850527085	21.2987909690191	0	0.369953405032698	0.444941960481691	0.722713534223035	0.722713534223035
EmoDiss	~~	QualEngag	3	3		-0.364004280322924	0.0285380173027694	-12.7550655135247	0	-0.419937766426533	-0.308070794219315	-0.333316051878404	-0.333316051878404
sbvalued	~1		3	3	.p67.	2.51055540440849	0.0264431248173462	94.9417068425138	0	2.45872783212779	2.56238297668918	2.51055540440849	2.99761734214188
sbmyself	~1		3	3	.p68.	2.49126366572063	0.0265997065322174	93.6575620751014	0	2.43912919891815	2.54339813252311	2.49126366572063	2.90265374669561
sbcommunity	~1		3	3	.p69.	2.49774053907634	0.0266075800026224	93.8732699039208	0	2.44559064055543	2.54989043759724	2.49774053907634	3.01904759975944
pganalyze	~1		3	3	.p70.	2.96987320913925	0.0194013968183867	153.075226332401	0	2.93184717012545	3.00789924815306	2.96987320913925	4.10562351782564
pgthink	~1		3	3	.p71.	2.97291911523945	0.0192182991564201	154.692103137874	0	2.93525194104875	3.01058628943015	2.97291911523945	4.36799517847926
pgwork	~1		3	3	.p72.	2.98307428229898	0.0191254975078969	155.973682831898	0	2.94558899599709	3.02055956860087	2.98307428229898	4.21270994928498
pgvalues	~1		3	3	.p73.	2.98152379530852	0.0193786332729198	153.85624741013	0	2.94354237202399	3.01950521859306	2.98152379530852	4.05303291657132
pgprobsolve	~1		3	3	.p74.	2.98278741987461	0.0191004301010349	156.163364075922	0	2.94535126478735	3.02022357496186	2.98278741987461	4.31774052027919
SEacademic	~1		3	3	.p75.	2.64258614913745	0.0241982481369715	109.205680269885	0	2.59515845430002	2.69001384397487	2.64258614913745	3.23610807054364
SEwellness	~1		3	3	.p76.	2.64901836203416	0.0243071536738901	108.981018410216	0	2.60137721626666	2.69665950780167	2.64901836203416	3.17128778441844
SEnonacad	~1		3	3	.p77.	2.63877224166638	0.0241554847488849	109.241121389137	0	2.59142836152946	2.6861161218033	2.63877224166638	3.0940406463824
SEactivities	~1		3	3	.p78.	2.63449499558666	0.0237988844506157	110.698255670488	0	2.58785003919122	2.68113995198209	2.63449499558666	3.03227974338324
SEdiverse	~1		3	3	.p79.	2.64353860029282	0.0239499515118615	110.377618050023	0	2.59659755789809	2.69047964268755	2.64353860029282	3.14486405930945
sameinst	~1		3	3	.p80.	2.88056710124495	0.0228819407832574	125.888233368414	0	2.83571932141339	2.92541488107651	2.88056710124495	3.95082268253181
evalexp	~1		3	3	.p81.	2.88039462026823	0.0229522018539509	125.495350668172	0	2.8354091312686	2.92538010926787	2.88039462026823	3.90417252756599
MHWdacad	~1		3	3	.p82.	4.11978892451069	0.0420933551510777	97.8726668312448	0	4.03728746442613	4.20229038459526	4.11978892451069	3.7963649034345
MHWdlonely	~1		3	3	.p83.	4.11719173079607	0.042423017075479	97.0508939397395	0	4.0340441452126	4.20033931637954	4.11719173079607	3.89917703278237
MHWdmental	~1		3	3	.p84.	4.13396911928645	0.0425567999845763	97.1400368633147	0	4.05055932401941	4.2173789145535	4.13396911928645	3.94841498634941
MHWdexhaust	~1		3	3	.p85.	4.1285751193872	0.0430013145220971	96.0104398033144	0	4.044294091636	4.21285614713838	4.1285751193872	3.87228270151771
MHWdsleep	~1		3	3	.p86.	4.11719687344977	0.0420167568911257	97.9894018026736	0	4.03484554319598	4.19954820370355	4.11719687344977	3.86229904497251
MHWdfinancial	~1		3	3	.p87.	4.11972287449907	0.0427198260186522	96.4358532897661	0	4.0359935540767	4.20345219492145	4.11972287449907	3.6197393309482
QIadmin	~1		3	3	.p88.	4.89779123873264	0.0347792862586088	140.824949721914	0	4.82962509025776	4.96595738720752	4.89779123873264	3.96250405952793
QIstudent	~1		3	3	.p89.	4.90177327762226	0.035022609271983	139.960253662297	0	4.83313022480455	4.97041633043997	4.90177327762226	4.01550077495853
QIadvisor	~1		3	3	.p90.	4.90821020610288	0.0348684642194888	140.763590137118	0	4.83986927203646	4.9765511401693	4.90821020610288	4.03878015707778
QIfaculty	~1		3	3	.p91.	4.90224454213182	0.0347041948073613	141.257982481472	0	4.83422557019693	4.97026351406671	4.90224454213182	4.09917132137145
QIstaff	~1		3	3	.p92.	4.91346137224344	0.0345493821501889	142.215607529079	0	4.84574582754095	4.98117691694592	4.91346137224344	4.06884077354469
Belong	~1		3	3		0.255840033915436	0.0225308632012031	11.3550924183755	0	0.21168035350048	0.299999714330393	0.344336104766091	0.344336104766091
Gains	~1		3	3		-0.166123929135982	0.0223654312539161	-7.42770963143821	1.10578213252666e-13	-0.209959368892363	-0.1222884893796	-0.313616576730615	-0.313616576730615
SupportEnv	~1		3	3		0.0457076508431387	0.0212335137180583	2.1526183301573	0.0313486867461512	0.00409072869050731	0.0873245729957701	0.0641051986450382	0.0641051986450382
Satisf	~1		3	3		0.016099424187441	0.0204591291279246	0.786906621820327	0.431336530882874	-0.0239997320583455	0.0561985804332275	0.0244990569635612	0.0244990569635612
DevAdj	~1		3	3		0.155980118754442	0.0180339793697141	8.64923462296909	0	0.120634168691864	0.19132606881702	0.311795907559978	0.311795907559978
EmoDiss	~1		3	3		-0.900792972541159	0.0491924983191256	-18.3115922817634	0	-0.997208497556192	-0.804377447526125	-0.929568837582993	-0.929568837582993
QualEngag	~1		3	3		0.142271977654946	0.0458019742607789	3.10624115993132	0.00189482114828476	0.0525017576829891	0.232042197626904	0.126244521360747	0.126244521360747
Belong	=~	sbvalued	4	4		1	0	NA	NA	1	1	0.6249809866414	0.85385799734611
Belong	=~	sbmyself	4	4	.p2.	0.993613845478596	0.0126671354287455	78.4402954454713	0	0.968786716250963	1.01844097470623	0.620989761487768	0.820339336252329
Belong	=~	sbcommunity	4	4	.p3.	1.00776635487086	0.012230456587372	82.3980975421136	0	0.983795100445134	1.03173760929659	0.629834810771199	0.869162761633383
Gains	=~	pganalyze	4	4		1	0	NA	NA	1	1	0.49538414288782	0.706774925575893
Gains	=~	pgthink	4	4	.p5.	1.00630996175397	0.0210586005607983	47.7861745299101	0	0.965035863089989	1.04758406041795	0.498509997882964	0.757261034648628
Gains	=~	pgwork	4	4	.p6.	0.997563429050505	0.0207605723802841	48.050863472236	0	0.956873454886711	1.0382534032143	0.494177104276419	0.737442609574972
Gains	=~	pgvalues	4	4	.p7.	0.987245211011831	0.021893074045071	45.0939511271648	0	0.944335574372623	1.03015484765104	0.4890656226772	0.679575844789675
Gains	=~	pgprobsolve	4	4	.p8.	1.00603131637504	0.0211499821466908	47.5665326522485	0	0.96457811309386	1.04748451965622	0.498371961380754	0.746853357913487
SupportEnv	=~	SEacademic	4	4		1	0	NA	NA	1	1	0.58867834701901	0.822347174062443
SupportEnv	=~	SEwellness	4	4	.p10.	0.993973245787924	0.0136840252309468	72.6374899938085	0	0.967153049171731	1.02079344240412	0.585130527311556	0.812874491854086
SupportEnv	=~	SEnonacad	4	4	.p11.	0.979131164497033	0.0149927073688112	65.3071617027547	0	0.949745998023415	1.00851633097065	0.576393315430912	0.757022959217599
SupportEnv	=~	SEactivities	4	4	.p12.	0.973461974071792	0.0148302757733176	65.6401801929557	0	0.944395167675293	1.00252878046829	0.573055985782446	0.734715440050254
SupportEnv	=~	SEdiverse	4	4	.p13.	0.981892879844172	0.0141141650280733	69.567904150984	0	0.954229624717293	1.00955613497105	0.578019077456403	0.780372679406901
Satisf	=~	sameinst	4	4		1	0	NA	NA	1	1	0.545789491639982	0.868399346060358
Satisf	=~	evalexp	4	4	.p15.	1.00127593732049	0.0200382025118596	49.9683510398644	0	0.962001782082327	1.04055009255866	0.546485884821497	0.837596485664721
DevAdj	=~	Belong	4	4		1	0	NA	NA	1	1	0.439243294166518	0.439243294166518
DevAdj	=~	Gains	4	4	.p17.	0.4860070972733	0.0286042602093336	16.9907242388571	0	0.429943777458594	0.542070417088006	0.269322387542219	0.269322387542219
DevAdj	=~	SupportEnv	4	4	.p18.	0.977815957820121	0.03725500984861	26.2465628594272	0	0.904797480273161	1.05083443536708	0.45598547006149	0.45598547006149
DevAdj	=~	Satisf	4	4	.p19.	0.93477886815747	0.0348546141240013	26.8193721735617	0	0.866465079779386	1.00309265653555	0.470170808504432	0.470170808504432
EmoDiss	=~	MHWdacad	4	4		1	0	NA	NA	1	1	0.913130895261805	0.893275087068653
EmoDiss	=~	MHWdlonely	4	4	.p21.	1.01031230377115	0.00866168265720243	116.641574594175	0	0.993335717717515	1.02728888982478	0.922547378436564	0.910459310961705
EmoDiss	=~	MHWdmental	4	4	.p22.	1.01613399052164	0.00825883996386684	123.035922111013	0	0.999946961638382	1.0323210194049	0.927863340470976	0.934543143176548
EmoDiss	=~	MHWdexhaust	4	4	.p23.	1.02206242296487	0.00840153796277805	121.651824641272	0	1.00559571114307	1.03852913478666	0.933276775295357	0.923711635987529
EmoDiss	=~	MHWdsleep	4	4	.p24.	1.00419743878366	0.00873906621523617	114.909009046399	0	0.987069183743284	1.02132569382403	0.916963706296132	0.899748607637421
EmoDiss	=~	MHWdfinancial	4	4	.p25.	1.00519323767837	0.0101830999992882	98.711908726088	0	0.98523472842879	1.02515174692794	0.917873001032358	0.837291934702464
QualEngag	=~	QIadmin	4	4		1	0	NA	NA	1	1	0.970817758408187	0.884782918909998
QualEngag	=~	QIstudent	4	4	.p27.	1.00738184173231	0.00978949478234667	102.904374958034	0	0.988194784532072	1.02656889893256	0.977984181451676	0.896607492464153
QualEngag	=~	QIadvisor	4	4	.p28.	1.01473891376695	0.00951571218891098	106.638251937618	0	0.996088460589437	1.03338936694447	0.98512655763279	0.916143815311592
QualEngag	=~	QIfaculty	4	4	.p29.	1.00752114080347	0.00902970443938477	111.578529238341	0	0.989823245311239	1.02521903629571	0.978119415463688	0.929033371923748
QualEngag	=~	QIstaff	4	4	.p30.	1.00127644993785	0.0094571777781725	105.874762368202	0	0.982740722097244	1.01981217777847	0.972056958675575	0.91881487532454
sbvalued	~~	sbvalued	4	4		0.145148926746447	0.00793701190781691	18.2876035001906	0	0.129592669262261	0.160705184230634	0.145148926746447	0.27092652036809
sbmyself	~~	sbmyself	4	4		0.187407582969614	0.00940949278260982	19.9168634589924	0	0.168965316002909	0.205849849936319	0.187407582969614	0.327043373397089
sbcommunity	~~	sbcommunity	4	4		0.128419089729905	0.00773527986245642	16.6017380125048	0	0.113258219789153	0.143579959670658	0.128419089729905	0.244556093789831
pganalyze	~~	pganalyze	4	4		0.245866463084314	0.00918058459798767	26.7811336478731	0	0.227872847915235	0.263860078253392	0.245866463084314	0.500469204577191
pgthink	~~	pgthink	4	4		0.184855467412891	0.00766589083641283	24.1140229306203	0	0.169830597464106	0.199880337361676	0.184855467412891	0.426555725402889
pgwork	~~	pgwork	4	4		0.204853552888094	0.00810768119707882	25.2666018690895	0	0.188962789743687	0.220744316032501	0.204853552888094	0.456178397583256
pgvalues	~~	pgvalues	4	4		0.278729716975919	0.010553642283378	26.4107603319964	0	0.25804495819478	0.299414475757059	0.278729716975919	0.538176671178399
pgprobsolve	~~	pgprobsolve	4	4		0.196908809105122	0.00840805543611113	23.419066465646	0	0.180429323270328	0.213388294939916	0.196908809105122	0.442210061773349
SEacademic	~~	SEacademic	4	4		0.165900980458072	0.0073850198170126	22.4645274581244	0	0.151426607591613	0.180375353324532	0.165900980458072	0.323745125311513
SEwellness	~~	SEwellness	4	4		0.175775868781469	0.00756907921315677	23.2228866723883	0	0.160940746127551	0.190610991435387	0.175775868781469	0.339235060492961
SEnonacad	~~	SEnonacad	4	4		0.247492728660403	0.0092178509239399	26.8492873992607	0	0.229426072834621	0.265559384486184	0.247492728660403	0.426916239217429
SEactivities	~~	SEactivities	4	4		0.279960004101572	0.0102818443862347	27.228578218552	0	0.259807959409907	0.300112048793238	0.279960004101572	0.460193222151761
SEdiverse	~~	SEdiverse	4	4		0.214524805340374	0.00849319241998788	25.2584416709448	0	0.197878454083429	0.231171156597319	0.214524805340374	0.391018481235294
sameinst	~~	sameinst	4	4		0.0971268083839588	0.00867700536761336	11.1935862972358	0	0.0801201903697759	0.114133426398142	0.0971268083839588	0.245882575761942
evalexp	~~	evalexp	4	4		0.127038038541341	0.00937796279225359	13.5464430127914	0	0.108657569220168	0.145418507862515	0.127038038541341	0.298432127202109
MHWdacad	~~	MHWdacad	4	4		0.211142257075033	0.00873485389680115	24.1723856597484	0	0.194022258027084	0.228262256122983	0.211142257075033	0.20205961882249
MHWdlonely	~~	MHWdlonely	4	4		0.175636388909422	0.00779963799359085	22.5185308669129	0	0.160349379349534	0.19092339846931	0.175636388909422	0.171063843083137
MHWdmental	~~	MHWdmental	4	4		0.124825377571331	0.00614250086099217	20.3215889417341	0	0.11278629710878	0.136864458033882	0.124825377571331	0.126629113541698
MHWdexhaust	~~	MHWdexhaust	4	4		0.149811917110991	0.00702113824688958	21.3372692351356	0	0.136050739016611	0.163573095205371	0.149811917110991	0.146756813541244
MHWdsleep	~~	MHWdsleep	4	4		0.197810105465452	0.0089114429741831	22.1973148499652	0	0.180343998185771	0.215276212745134	0.197810105465452	0.190452443054522
MHWdfinancial	~~	MHWdfinancial	4	4		0.359251528642841	0.0134824466167466	26.6458706535218	0	0.332826418850534	0.385676638435148	0.359251528642841	0.298942216082205
QIadmin	~~	QIadmin	4	4		0.261444897392944	0.0107490639269659	24.3225734974989	0	0.240377119228572	0.282512675557315	0.261444897392944	0.217159186405103
QIstudent	~~	QIstudent	4	4		0.233305761179255	0.0101624534336303	22.9576216710803	0	0.213387718454775	0.253223803903736	0.233305761179255	0.196095004457144
QIadvisor	~~	QIadvisor	4	4		0.185788978440299	0.00830774870521811	22.3633363300463	0	0.169506090185462	0.202071866695136	0.185788978440299	0.160680509666319
QIfaculty	~~	QIfaculty	4	4		0.151745227658297	0.00724498950219381	20.944851281337	0	0.137545309165627	0.165945146150968	0.151745227658297	0.136896993851991
QIstaff	~~	QIstaff	4	4		0.174356013397091	0.00776210129049	22.4624759291288	0	0.159142574423379	0.189569452370803	0.174356013397091	0.15577922488235
Belong	~~	Belong	4	4		0.315240712970561	0.014139086059399	22.29569235566	0	0.287528613519827	0.342952812421295	0.807065328529746	0.807065328529746
Gains	~~	Gains	4	4		0.227605075597078	0.010795424902882	21.0834754208068	0	0.206446431589623	0.248763719604534	0.927465451568559	0.927465451568559
SupportEnv	~~	SupportEnv	4	4		0.274488190192598	0.0126510378875587	21.6968910086449	0	0.249692611565931	0.299283768819264	0.792077251092802	0.792077251092802
Satisf	~~	Satisf	4	4		0.232035277119167	0.011851923127439	19.5778587680822	0	0.20880593464185	0.255264619596485	0.778939410830289	0.778939410830289
DevAdj	~~	DevAdj	4	4		0.0753605206926966	0.00700740363676371	10.7544141309806	0	0.0616262619395047	0.0890947794458885	1	1
EmoDiss	~~	EmoDiss	4	4		0.833808031881625	0.0293366215259724	28.4220877698352	0	0.776309310262637	0.891306753500614	1	1
QualEngag	~~	QualEngag	4	4		0.942487120040696	0.0331335599691999	28.4450907453593	0	0.877546535821467	1.00742770425993	1	1
DevAdj	~~	EmoDiss	4	4		-0.166589731165716	0.0103507163592384	-16.0945122428196	0	-0.186876762444012	-0.146302699887419	-0.664573844701722	-0.664573844701722
DevAdj	~~	QualEngag	4	4		0.137923993253802	0.0108493383997403	12.7126639590395	0	0.116659680734223	0.15918830577338	0.517523607427162	0.517523607427162
EmoDiss	~~	QualEngag	4	4		-0.180966000128538	0.0225937643292983	-8.00955509188311	1.11022302462516e-15	-0.225248964489148	-0.136683035767928	-0.204139119986454	-0.204139119986454
sbvalued	~1		4	4	.p67.	2.51055540440849	0.0264431248173462	94.941706842514	0	2.45872783212779	2.56238297668919	2.51055540440849	3.4299568397345
sbmyself	~1		4	4	.p68.	2.49126366572063	0.0265997065322173	93.6575620751016	0	2.43912919891815	2.54339813252311	2.49126366572063	3.29100688724811
sbcommunity	~1		4	4	.p69.	2.49774053907634	0.0266075800026224	93.8732699039208	0	2.44559064055543	2.54989043759725	2.49774053907634	3.44684515314268
pganalyze	~1		4	4	.p70.	2.96987320913926	0.0194013968183867	153.0752263324	0	2.93184717012545	3.00789924815306	2.96987320913926	4.23718027008903
pgthink	~1		4	4	.p71.	2.97291911523945	0.0192182991564201	154.692103137874	0	2.93525194104875	3.01058628943015	2.97291911523945	4.51600933721182
pgwork	~1		4	4	.p72.	2.98307428229898	0.0191254975078969	155.973682831898	0	2.94558899599709	3.02055956860087	2.98307428229898	4.45153380085383
pgvalues	~1		4	4	.p73.	2.98152379530852	0.0193786332729198	153.85624741013	0	2.94354237202399	3.01950521859306	2.98152379530852	4.14294413266223
pgprobsolve	~1		4	4	.p74.	2.98278741987461	0.0191004301010349	156.163364075922	0	2.94535126478735	3.02022357496186	2.98278741987461	4.46996414947489
SEacademic	~1		4	4	.p75.	2.64258614913745	0.0241982481369715	109.205680269885	0	2.59515845430002	2.69001384397487	2.64258614913745	3.69152910577422
SEwellness	~1		4	4	.p76.	2.64901836203416	0.0243071536738901	108.981018410216	0	2.60137721626666	2.69665950780167	2.64901836203416	3.68006684738244
SEnonacad	~1		4	4	.p77.	2.63877224166638	0.0241554847488849	109.241121389137	0	2.59142836152946	2.6861161218033	2.63877224166638	3.46570842792326
SEactivities	~1		4	4	.p78.	2.63449499558666	0.0237988844506157	110.698255670488	0	2.58785003919122	2.68113995198209	2.63449499558666	3.37768769197967
SEdiverse	~1		4	4	.p79.	2.64353860029282	0.0239499515118615	110.377618050023	0	2.59659755789809	2.69047964268755	2.64353860029282	3.56899171858506
sameinst	~1		4	4	.p80.	2.88056710124495	0.0228819407832575	125.888233368414	0	2.83571932141339	2.92541488107651	2.88056710124495	4.58323699030495
evalexp	~1		4	4	.p81.	2.88039462026823	0.0229522018539508	125.495350668172	0	2.8354091312686	2.92538010926787	2.88039462026823	4.41476802653794
MHWdacad	~1		4	4	.p82.	4.11978892451069	0.0420933551510777	97.8726668312448	0	4.03728746442613	4.20229038459526	4.11978892451069	4.03020512102116
MHWdlonely	~1		4	4	.p83.	4.11719173079607	0.042423017075479	97.0508939397396	0	4.0340441452126	4.20033931637954	4.11719173079607	4.06324448362798
MHWdmental	~1		4	4	.p84.	4.13396911928646	0.0425567999845765	97.1400368633144	0	4.05055932401941	4.2173789145535	4.13396911928646	4.16373007319347
MHWdexhaust	~1		4	4	.p85.	4.1285751193872	0.043001314522097	96.0104398033146	0	4.044294091636	4.21285614713838	4.1285751193872	4.08626141652314
MHWdsleep	~1		4	4	.p86.	4.11719687344977	0.0420167568911255	97.9894018026739	0	4.03484554319599	4.19954820370355	4.11719687344977	4.03990052040209
MHWdfinancial	~1		4	4	.p87.	4.11972287449908	0.0427198260186524	96.4358532897657	0	4.0359935540767	4.20345219492145	4.11972287449908	3.75804793489696
QIadmin	~1		4	4	.p88.	4.89779123873264	0.0347792862586089	140.824949721914	0	4.82962509025776	4.96595738720752	4.89779123873264	4.46374408676159
QIstudent	~1		4	4	.p89.	4.90177327762226	0.035022609271983	139.960253662297	0	4.83313022480455	4.97041633043997	4.90177327762226	4.49390361360753
QIadvisor	~1		4	4	.p90.	4.90821020610288	0.0348684642194889	140.763590137117	0	4.83986927203646	4.9765511401693	4.90821020610288	4.5645164976321
QIfaculty	~1		4	4	.p91.	4.90224454213182	0.0347041948073613	141.257982481472	0	4.83422557019693	4.97026351406671	4.90224454213182	4.65622980688148
QIstaff	~1		4	4	.p92.	4.91346137224343	0.0345493821501889	142.215607529079	0	4.84574582754095	4.98117691694591	4.91346137224343	4.64433833620292
Belong	~1		4	4		0.168332011747166	0.0213974178359335	7.86693109597923	3.5527136788005e-15	0.126393843426581	0.21027018006775	0.2693394124704	0.2693394124704
Gains	~1		4	4		-0.102874367350351	0.0211139485381007	-4.87234148386371	1.10283333731864e-06	-0.144256946056461	-0.061491788644242	-0.207665846449282	-0.207665846449282
SupportEnv	~1		4	4		-0.0258743319197529	0.0199599109991045	-1.29631499463669	0.194866984677906	-0.0649950386126226	0.0132463747731168	-0.0439532591113247	-0.0439532591113247
Satisf	~1		4	4		-0.079469005003522	0.0195167351510456	-4.07183908519989	4.66433989732007e-05	-0.117721102995378	-0.0412169070116657	-0.14560376522592	-0.14560376522592
DevAdj	~1		4	4		0.0212501268527687	0.0156283236779802	1.3597188854432	0.173918899483941	-0.00938082469480693	0.0518810784003444	0.0774086657220295	0.0774086657220295
EmoDiss	~1		4	4		-0.0473077258368827	0.0471836394880328	-1.00262985963347	0.316039483287851	-0.139785959892949	0.0451705082191835	-0.0518082632866333	-0.0518082632866333
QualEngag	~1		4	4		-0.255655336924234	0.0415045133256109	-6.15969966732458	7.28830329421726e-10	-0.337002688238294	-0.174307985610174	-0.263340194088973	-0.263340194088973
Belong	=~	sbvalued	5	5		1	0	NA	NA	1	1	0.530070442054238	0.817081592263491
Belong	=~	sbmyself	5	5	.p2.	0.993613845478596	0.0126671354287455	78.4402954454714	0	0.968786716250963	1.01844097470623	0.526685330304051	0.74573327068403
Belong	=~	sbcommunity	5	5	.p3.	1.00776635487086	0.012230456587372	82.3980975421138	0	0.983795100445134	1.03173760929659	0.534187157213787	0.874322739206224
Gains	=~	pganalyze	5	5		1	0	NA	NA	1	1	0.51317547964495	0.730324421606172
Gains	=~	pgthink	5	5	.p5.	1.00630996175397	0.0210586005607982	47.7861745299102	0	0.965035863089989	1.04758406041795	0.516413597294583	0.806202681738421
Gains	=~	pgwork	5	5	.p6.	0.997563429050505	0.0207605723802841	48.050863472236	0	0.956873454886711	1.0382534032143	0.511925091179254	0.755256947298498
Gains	=~	pgvalues	5	5	.p7.	0.987245211011831	0.021893074045071	45.0939511271647	0	0.944335574372623	1.03015484765104	0.506630034688176	0.684100960593192
Gains	=~	pgprobsolve	5	5	.p8.	1.00603131637504	0.0211499821466908	47.5665326522485	0	0.96457811309386	1.04748451965622	0.516270603318601	0.798739974148429
SupportEnv	=~	SEacademic	5	5		1	0	NA	NA	1	1	0.605456290200006	0.820726564978031
SupportEnv	=~	SEwellness	5	5	.p10.	0.993973245787924	0.0136840252309468	72.6374899938086	0	0.967153049171731	1.02079344240412	0.601807353952815	0.810597479610785
SupportEnv	=~	SEnonacad	5	5	.p11.	0.979131164497033	0.0149927073688112	65.3071617027546	0	0.949745998023414	1.00851633097065	0.592821122475585	0.787068518382455
SupportEnv	=~	SEactivities	5	5	.p12.	0.973461974071793	0.0148302757733176	65.6401801929558	0	0.944395167675294	1.00252878046829	0.589388675472282	0.743853759082112
SupportEnv	=~	SEdiverse	5	5	.p13.	0.981892879844172	0.0141141650280733	69.5679041509839	0	0.954229624717294	1.00955613497105	0.594493220404253	0.770665647208634
Satisf	=~	sameinst	5	5		1	0	NA	NA	1	1	0.520102811075016	0.835337745460695
Satisf	=~	evalexp	5	5	.p15.	1.00127593732049	0.0200382025118596	49.9683510398644	0	0.962001782082326	1.04055009255866	0.520766429662159	0.823274859308253
DevAdj	=~	Belong	5	5		1	0	NA	NA	1	1	0.219973873272298	0.219973873272298
DevAdj	=~	Gains	5	5	.p17.	0.4860070972733	0.0286042602093336	16.9907242388571	0	0.429943777458594	0.542070417088006	0.110428558746505	0.110428558746505
DevAdj	=~	SupportEnv	5	5	.p18.	0.977815957820121	0.0372550098486091	26.2465628594278	0	0.904797480273162	1.05083443536708	0.188312441720999	0.188312441720999
DevAdj	=~	Satisf	5	5	.p19.	0.934778868157469	0.0348546141240007	26.8193721735621	0	0.866465079779386	1.00309265653555	0.209567713251239	0.209567713251239
EmoDiss	=~	MHWdacad	5	5		1	0	NA	NA	1	1	0.847560569097266	0.873456272273673
EmoDiss	=~	MHWdlonely	5	5	.p21.	1.01031230377115	0.00866168265720242	116.641574594175	0	0.993335717717515	1.02728888982478	0.856300871150244	0.88913677346542
EmoDiss	=~	MHWdmental	5	5	.p22.	1.01613399052164	0.00825883996386685	123.035922111013	0	0.999946961638383	1.0323210194049	0.861235103285599	0.926800529447244
EmoDiss	=~	MHWdexhaust	5	5	.p23.	1.02206242296487	0.00840153796277804	121.651824641272	0	1.00559571114308	1.03852913478666	0.866259808861034	0.922902363102918
EmoDiss	=~	MHWdsleep	5	5	.p24.	1.00419743878366	0.00873906621523618	114.909009046399	0	0.987069183743282	1.02132569382403	0.851118152701493	0.889814502809562
EmoDiss	=~	MHWdfinancial	5	5	.p25.	1.00519323767836	0.0101830999992882	98.711908726088	0	0.985234728428789	1.02515174692794	0.851962152579397	0.803743818769622
QualEngag	=~	QIadmin	5	5		1	0	NA	NA	1	1	0.853649621905659	0.855592371615608
QualEngag	=~	QIstudent	5	5	.p27.	1.00738184173231	0.00978949478234667	102.904374958033	0	0.98819478453207	1.02656889893255	0.859951128309415	0.870327629774044
QualEngag	=~	QIadvisor	5	5	.p28.	1.01473891376695	0.00951571218891096	106.638251937618	0	0.996088460589437	1.03338936694447	0.866231490070117	0.901587411608923
QualEngag	=~	QIfaculty	5	5	.p29.	1.00752114080348	0.0090297044393848	111.578529238341	0	0.98982324531124	1.02521903629571	0.860070040908845	0.914401626011427
QualEngag	=~	QIstaff	5	5	.p30.	1.00127644993785	0.00945717777817248	105.874762368202	0	0.982740722097242	1.01981217777846	0.854739262912488	0.889679385964319
sbvalued	~~	sbvalued	5	5		0.139884038909845	0.0215594089535244	6.48830583488596	8.68070060278114e-11	0.0976283738329667	0.182139703986723	0.139884038909845	0.332377671584158
sbmyself	~~	sbmyself	5	5		0.221412854519819	0.0270723937720405	8.17854735655061	2.22044604925031e-16	0.168351937751333	0.274473771288305	0.221412854519819	0.443881888994899
sbcommunity	~~	sbcommunity	5	5		0.0879314872139458	0.0168022635178481	5.23331199516906	1.66499348086546e-07	0.0549996558602123	0.120863318567679	0.0879314872139458	0.235559747706924
pganalyze	~~	pganalyze	5	5		0.230393012409734	0.0250216052070668	9.2077630712783	0	0.181351567368504	0.279434457450965	0.230393012409734	0.46662623920561
pgthink	~~	pgthink	5	5		0.143622045101879	0.016637615697938	8.63236942777077	0	0.111012917545302	0.176231172658456	0.143622045101879	0.350037235957779
pgwork	~~	pgwork	5	5		0.197366958387621	0.0211297207053815	9.34072726940276	0	0.155953466801683	0.238780449973559	0.197366958387621	0.429586943557354
pgvalues	~~	pgvalues	5	5		0.291781594740575	0.0311396879859068	9.37008729415108	0	0.230748927798383	0.352814261682767	0.291781594740575	0.532005875715473
pgprobsolve	~~	pgprobsolve	5	5		0.151241112840754	0.0178055686986576	8.4940343889244	0	0.116342839467131	0.186139386214376	0.151241112840754	0.362014453697367
SEacademic	~~	SEacademic	5	5		0.177635301852395	0.0199125921191651	8.92075229529901	0	0.138607338459995	0.216663265244795	0.177635301852395	0.326407905539362
SEwellness	~~	SEwellness	5	5		0.189021910370979	0.0206210445980087	9.16645660080829	0	0.148605405635288	0.22943841510667	0.189021910370979	0.342931726048644
SEnonacad	~~	SEnonacad	5	5		0.215875489698075	0.0228961853454442	9.42844785893688	0	0.170999791037651	0.2607511883585	0.215875489698075	0.380523147371248
SEactivities	~~	SEactivities	5	5		0.280431308600325	0.0290553065662558	9.65163826307763	0	0.223483954170694	0.337378663029957	0.280431308600325	0.446681585099412
SEdiverse	~~	SEdiverse	5	5		0.241639254509812	0.0234426342116494	10.3076835277212	0	0.195692535752232	0.287585973267391	0.241639254509812	0.406074460212497
sameinst	~~	sameinst	5	5		0.117155921488149	0.0221113611827901	5.29844908776286	1.16790431325953e-07	0.0738184499207237	0.160493393055575	0.117155921488149	0.302210851008643
evalexp	~~	evalexp	5	5		0.128927848012498	0.0226653599667844	5.68832121799254	1.28294330714596e-08	0.084504558780965	0.173351137244032	0.128927848012498	0.322218506030976
MHWdacad	~~	MHWdacad	5	5		0.223225259614976	0.0255553987029605	8.73495507581794	0	0.173137598546612	0.27331292068334	0.223225259614976	0.237074140425779
MHWdlonely	~~	MHWdlonely	5	5		0.194252466909487	0.0221957969748251	8.75176805454709	0	0.150749504230667	0.237755429588307	0.194252466909487	0.209435798071502
MHWdmental	~~	MHWdmental	5	5		0.12179111218925	0.0173015215309016	7.0393295740911	1.93156601824285e-12	0.0878807531109382	0.155701471267561	0.12179111218925	0.141040778616309
MHWdexhaust	~~	MHWdexhaust	5	5		0.130612010468261	0.0173230913113926	7.5397634360077	4.70734562441066e-14	0.0966593753970325	0.164564645539489	0.130612010468261	0.148251228179049
MHWdsleep	~~	MHWdsleep	5	5		0.190512887723167	0.0250517943627215	7.6047601606798	2.8643754035329e-14	0.14141227302413	0.239613502422205	0.190512887723167	0.208230150589772
MHWdfinancial	~~	MHWdfinancial	5	5		0.397743885752245	0.040357171922318	9.85559361091622	0	0.318645282266611	0.476842489237879	0.397743885752245	0.353995873789625
QIadmin	~~	QIadmin	5	5		0.266746181457425	0.025056890051419	10.6456220588444	0	0.217635579392064	0.315856783522786	0.266746181457425	0.26796169363318
QIstudent	~~	QIstudent	5	5		0.236781156835759	0.0254385033046133	9.30798302087286	0	0.186922606538114	0.286639707133405	0.236781156835759	0.242529816851895
QIadvisor	~~	QIadvisor	5	5		0.172750456970053	0.0206684063939616	8.35818948385506	0	0.132241124820051	0.213259789120055	0.172750456970053	0.187140139228322
QIfaculty	~~	QIfaculty	5	5		0.144974703816037	0.0177617293139689	8.16219531630963	2.22044604925031e-16	0.110162354057508	0.179787053574565	0.144974703816037	0.163869666347658
QIstaff	~~	QIstaff	5	5		0.192417712714109	0.0213701587570854	9.00403758817711	0	0.150532971206319	0.2343024542219	0.192417712714109	0.208470590190153
Belong	~~	Belong	5	5		0.267378729165931	0.0295658193699716	9.0435081747639	0	0.20943078802737	0.325326670304492	0.951611495077583	0.951611495077583
Gains	~~	Gains	5	5		0.260137671438565	0.025713557133297	10.1167516454465	0	0.20974002554289	0.31053531733424	0.98780553341317	0.98780553341317
SupportEnv	~~	SupportEnv	5	5		0.353577909980439	0.0391245480145074	9.0372394806793	0	0.276895204960597	0.430260615000282	0.964538424293075	0.964538424293075
Satisf	~~	Satisf	5	5		0.258626641101203	0.0322611073835541	8.01666967058437	1.11022302462516e-15	0.195396032528058	0.321857249674349	0.956081373562646	0.956081373562646
DevAdj	~~	DevAdj	5	5		0.0135959443736443	0.0126423698007505	1.07542688498458	0.282183650411765	-0.0111826451150635	0.038374533862352	1	1
EmoDiss	~~	EmoDiss	5	5		0.718358918288482	0.0660084033969791	10.8828403857645	0	0.588984824953411	0.847733011623552	1	1
QualEngag	~~	QualEngag	5	5		0.728717676979674	0.0675610974955082	10.7860544602332	0	0.596300359132479	0.86113499482687	1	1
DevAdj	~~	EmoDiss	5	5		-0.0797564634433319	0.0197645223348926	-4.03533473219986	5.45245080383339e-05	-0.118494215391359	-0.0410187114953049	-0.807031441339551	-0.807031441339551
DevAdj	~~	QualEngag	5	5		0.0640699376938338	0.0192009940806233	3.33680315846198	0.000847479468096379	0.0264366808284453	0.101703194559222	0.643679917882726	0.643679917882726
EmoDiss	~~	QualEngag	5	5		0.0166463380003874	0.0481780767478392	0.345516864185202	0.729705834242977	-0.0777809572697841	0.111073633270559	0.0230074407577972	0.0230074407577972
sbvalued	~1		5	5	.p67.	2.51055540440849	0.0264431248173462	94.9417068425139	0	2.45872783212779	2.56238297668918	2.51055540440849	3.86991698565585
sbmyself	~1		5	5	.p68.	2.49126366572063	0.0265997065322174	93.6575620751014	0	2.43912919891815	2.54339813252311	2.49126366572063	3.5273779136807
sbcommunity	~1		5	5	.p69.	2.49774053907634	0.0266075800026224	93.8732699039207	0	2.44559064055543	2.54989043759725	2.49774053907634	4.08813899859009
pganalyze	~1		5	5	.p70.	2.96987320913925	0.0194013968183867	153.0752263324	0	2.93184717012545	3.00789924815306	2.96987320913925	4.226567752631
pgthink	~1		5	5	.p71.	2.97291911523945	0.0192182991564201	154.692103137874	0	2.93525194104875	3.01058628943015	2.97291911523945	4.64119336875291
pgwork	~1		5	5	.p72.	2.98307428229898	0.019125497507897	155.973682831898	0	2.94558899599709	3.02055956860087	2.98307428229898	4.40101025488686
pgvalues	~1		5	5	.p73.	2.98152379530852	0.0193786332729198	153.85624741013	0	2.94354237202399	3.01950521859306	2.98152379530852	4.02594231046212
pgprobsolve	~1		5	5	.p74.	2.98278741987461	0.0191004301010349	156.163364075922	0	2.94535126478735	3.02022357496186	2.98278741987461	4.61477281744557
SEacademic	~1		5	5	.p75.	2.64258614913745	0.0241982481369714	109.205680269885	0	2.59515845430002	2.69001384397487	2.64258614913745	3.58215892368323
SEwellness	~1		5	5	.p76.	2.64901836203416	0.0243071536738901	108.981018410216	0	2.60137721626666	2.69665950780167	2.64901836203416	3.56806475295405
SEnonacad	~1		5	5	.p77.	2.63877224166638	0.0241554847488849	109.241121389137	0	2.59142836152946	2.6861161218033	2.63877224166638	3.50340849854357
SEactivities	~1		5	5	.p78.	2.63449499558666	0.0237988844506157	110.698255670488	0	2.58785003919122	2.68113995198209	2.63449499558666	3.32493494921638
SEdiverse	~1		5	5	.p79.	2.64353860029282	0.0239499515118615	110.377618050023	0	2.59659755789809	2.69047964268755	2.64353860029282	3.42692618921765
sameinst	~1		5	5	.p80.	2.88056710124495	0.0228819407832574	125.888233368414	0	2.83571932141339	2.92541488107651	2.88056710124495	4.62648225843783
evalexp	~1		5	5	.p81.	2.88039462026823	0.0229522018539508	125.495350668172	0	2.8354091312686	2.92538010926787	2.88039462026823	4.5535893649903
MHWdacad	~1		5	5	.p82.	4.1197889245107	0.0420933551510779	97.8726668312445	0	4.03728746442613	4.20229038459526	4.1197889245107	4.24566173529071
MHWdlonely	~1		5	5	.p83.	4.11719173079607	0.0424230170754791	97.0508939397394	0	4.03404414521261	4.20033931637954	4.11719173079607	4.27507047416775
MHWdmental	~1		5	5	.p84.	4.13396911928645	0.0425567999845764	97.1400368633145	0	4.05055932401941	4.2173789145535	4.13396911928645	4.44868625751162
MHWdexhaust	~1		5	5	.p85.	4.1285751193872	0.0430013145220971	96.0104398033146	0	4.04429409163601	4.21285614713839	4.1285751193872	4.39853228206459
MHWdsleep	~1		5	5	.p86.	4.11719687344977	0.0420167568911255	97.989401802674	0	4.03484554319599	4.19954820370355	4.11719687344977	4.30438650296615
MHWdfinancial	~1		5	5	.p87.	4.11972287449908	0.0427198260186523	96.4358532897658	0	4.0359935540767	4.20345219492145	4.11972287449908	3.88655973202268
QIadmin	~1		5	5	.p88.	4.89779123873264	0.0347792862586089	140.824949721914	0	4.82962509025776	4.96595738720752	4.89779123873264	4.908937711787
QIstudent	~1		5	5	.p89.	4.90177327762226	0.035022609271983	139.960253662297	0	4.83313022480455	4.97041633043996	4.90177327762226	4.96091996156757
QIadvisor	~1		5	5	.p90.	4.90821020610288	0.0348684642194888	140.763590137118	0	4.83986927203646	4.9765511401693	4.90821020610288	5.10854267719429
QIfaculty	~1		5	5	.p91.	4.90224454213183	0.0347041948073612	141.257982481472	0	4.83422557019693	4.97026351406672	4.90224454213183	5.21192480521023
QIstaff	~1		5	5	.p92.	4.91346137224344	0.0345493821501889	142.215607529079	0	4.84574582754095	4.98117691694592	4.91346137224344	5.11431437198937
Belong	~1		5	5		0.00405153281681698	0.0352856570685842	0.114820954274483	0.908587039793778	-0.0651070842084392	0.0732101498420731	0.00764338566231999	0.00764338566231999
Gains	~1		5	5		-0.0630786772606534	0.038594652673232	-1.6343890381582	0.102177188478067	-0.138722806496021	0.0125654519747138	-0.122918338390399	-0.122918338390399
SupportEnv	~1		5	5		-0.0202641840812183	0.0376118270079431	-0.538771596416703	0.590044464591288	-0.0939820104095376	0.0534536422471009	-0.0334692766583105	-0.0334692766583105
Satisf	~1		5	5		-0.00647123622694185	0.0366924823927856	-0.176364088907057	0.860007915314656	-0.0783871802201717	0.065444707766288	-0.0124422250546315	-0.0124422250546315
DevAdj	~1		5	5		-0.043332079177084	0.0221362483398823	-1.95751685252888	0.0502867323928593	-0.0867183286760879	5.41703219198858e-05	-0.371624928369172	-0.371624928369172
EmoDiss	~1		5	5		-0.524962854849156	0.0710797246558555	-7.38554992145583	1.51878509768721e-13	-0.664276555205656	-0.385649154492655	-0.619380931569636	-0.619380931569636
QualEngag	~1		5	5		0.0174002327076573	0.066411066332719	0.262008030717083	0.793315250800208	-0.112763065479372	0.147563530894687	0.0203833426046785	0.0203833426046785
