lhs	op	rhs	block	group	label	est	se	z	pvalue	ci.lower	ci.upper	std.lv	std.all
Belong	=~	sbvalued	1	1		1	0	NA	NA	1	1	0.723886421386752	0.886550523619828
Belong	=~	sbmyself	1	1	.p2.	0.996551803040059	0.0131156477999175	75.9818972148922	0	0.970845605718309	1.02225800036181	0.721390318429184	0.859978340767825
Belong	=~	sbcommunity	1	1	.p3.	1.00719839468141	0.0126785230666547	79.4413031696416	0	0.98234894609361	1.03204784326922	0.72909724155241	0.903309865178722
Gains	=~	pganalyze	1	1		1	0	NA	NA	1	1	0.537031844598319	0.727931488473987
Gains	=~	pgthink	1	1	.p5.	1.00282818013337	0.021026426831142	47.6937041270414	0	0.961617140820769	1.04403921944598	0.538550667392201	0.792587581209925
Gains	=~	pgwork	1	1	.p6.	0.995911486846321	0.0207322210509564	48.0368931239222	0	0.955277080266923	1.03654589342572	0.534836182837735	0.77709616262074
Gains	=~	pgvalues	1	1	.p7.	0.984944707401684	0.0218946830166015	44.9855659775872	0	0.942031917236225	1.02785749756714	0.528946673043278	0.710382351488203
Gains	=~	pgprobsolve	1	1	.p8.	1.00367884938114	0.0211143476257754	47.5353947547917	0	0.962295488477556	1.04506221028471	0.53900750386747	0.777147921680445
SupportEnv	=~	SEacademic	1	1		1	0	NA	NA	1	1	0.675700443580166	0.857265607965478
SupportEnv	=~	SEwellness	1	1	.p10.	0.990106141225781	0.013892268992446	71.2702972973068	0	0.962877794337045	1.01733448811452	0.669015158817707	0.853247791526857
SupportEnv	=~	SEnonacad	1	1	.p11.	0.97936878026109	0.0153075094711936	63.9796292208155	0	0.949366613004545	1.00937094751764	0.661759919250985	0.791927641691975
SupportEnv	=~	SEactivities	1	1	.p12.	0.975313265276692	0.0151314250355149	64.4561409773065	0	0.945656217172315	1.00497031338107	0.659019605977081	0.780901567403451
SupportEnv	=~	SEdiverse	1	1	.p13.	0.98596919411948	0.014511338796382	67.9447436211265	0	0.957527492711113	1.01441089552785	0.666219821822911	0.814262077962137
Satisf	=~	sameinst	1	1		1	0	NA	NA	1	1	0.63235473094613	0.884069167070367
Satisf	=~	evalexp	1	1	.p15.	1.01026308293642	0.0213117887510892	47.4039553758614	0	0.968492744538155	1.05203342133468	0.638844639995065	0.879416996402553
DevAdj	=~	Belong	1	1		1	0	NA	NA	1	1	0.582765439471665	0.582765439471665
DevAdj	=~	Gains	1	1	.p17.	0.487286178065712	0.0287185212071532	16.9676625948393	0	0.430998910810442	0.543573445320982	0.38277914874439	0.38277914874439
DevAdj	=~	SupportEnv	1	1	.p18.	0.978200435473059	0.0374019366905167	26.1537375341604	0	0.904893986607599	1.05150688433852	0.610713986598063	0.610713986598063
DevAdj	=~	Satisf	1	1	.p19.	0.931445782640661	0.0350856133895213	26.547798161592	0	0.862679244021703	1.00021232125962	0.621385374582447	0.621385374582447
EmoDiss	=~	MHWdacad	1	1		1	0	NA	NA	1	1	1.24670771170001	0.938060217426739
EmoDiss	=~	MHWdlonely	1	1	.p21.	1.00791830647868	0.00935739595299014	107.713546754062	0	0.989578147421734	1.02625846553562	1.25657952545058	0.949514706807312
EmoDiss	=~	MHWdmental	1	1	.p22.	1.01058362322483	0.00883681810596048	114.360577654438	0	0.993263777999221	1.02790346845045	1.25990239639214	0.964105426261626
EmoDiss	=~	MHWdexhaust	1	1	.p23.	1.01535972321443	0.00900187320696346	112.794270689015	0	0.997716375935384	1.03300307049347	1.26585679708102	0.958063787478386
EmoDiss	=~	MHWdsleep	1	1	.p24.	0.999981741760507	0.00943560522869866	105.979607828339	0	0.981488295339919	1.01847518818109	1.24668494901203	0.937269117219517
EmoDiss	=~	MHWdfinancial	1	1	.p25.	0.998359716065857	0.0109805782932626	90.9205043124569	0	0.97683817808164	1.01988125405007	1.24466275706994	0.906894311460981
QualEngag	=~	QIadmin	1	1		1	0	NA	NA	1	1	1.0055241492409	0.898558563267155
QualEngag	=~	QIstudent	1	1	.p27.	1.00777409920873	0.00998743760516691	100.904169722909	0	0.988199081204761	1.0273491172127	1.01334119373387	0.900223405162227
QualEngag	=~	QIadvisor	1	1	.p28.	1.01571526828581	0.0097923007820467	103.725905779776	0	0.996522711427213	1.0349078251444	1.02132623101408	0.926110808950501
QualEngag	=~	QIfaculty	1	1	.p29.	1.00760941964187	0.00921602647692446	109.3323052147	0	0.989546339666526	1.02567249961721	1.0131756044525	0.936654371389563
QualEngag	=~	QIstaff	1	1	.p30.	1.00368328698767	0.00966394439606308	103.85855359397	0	0.984742304022786	1.02262426995255	1.00922778325558	0.926587439465097
sbvalued	~~	sbvalued	1	1		0.14269370533743	0.0105723809245519	13.4968373118355	0	0.12197221949447	0.16341519118039	0.14269370533743	0.214028169069409
sbmyself	~~	sbmyself	1	1		0.183260429004863	0.013080337270497	14.0103749020457	0	0.157623439049052	0.208897418960674	0.183260429004863	0.260437253410218
sbcommunity	~~	sbcommunity	1	1		0.119891686169378	0.0102695891976584	11.6744383696201	0	0.0997636612059464	0.14001971113281	0.119891686169378	0.184031287470799
pganalyze	~~	pganalyze	1	1		0.255872648834101	0.0131476756432332	19.4614360573911	0	0.230103678092949	0.281641619575252	0.255872648834101	0.470115748088046
pgthink	~~	pgthink	1	1		0.171661834696915	0.00997300934542905	17.2126415158323	0	0.152115095562393	0.191208573831437	0.171661834696915	0.371804926111801
pgwork	~~	pgwork	1	1		0.187637875269499	0.0105884974963564	17.7209160538657	0	0.166884801526248	0.208390949012751	0.187637875269499	0.396121554040121
pgvalues	~~	pgvalues	1	1		0.274636137522762	0.0139489224469889	19.6886991498075	0	0.247296751903521	0.301975523142002	0.274636137522762	0.495356914694091
pgprobsolve	~~	pgprobsolve	1	1		0.190512075977883	0.0108080775073288	17.626823627856	0	0.169328633321401	0.211695518634365	0.190512075977883	0.396041107827765
SEacademic	~~	SEacademic	1	1		0.164694938535278	0.00990443721204488	16.6283994748325	0	0.145282598312532	0.184107278758024	0.164694938535278	0.265095677399579
SEwellness	~~	SEwellness	1	1		0.167201322335612	0.0101719476092835	16.4374934632002	0	0.147264671368788	0.187137973302436	0.167201322335612	0.271968206254541
SEnonacad	~~	SEnonacad	1	1		0.260354311392917	0.015023489351332	17.329816349877	0	0.230908813342185	0.289799809443649	0.260354311392917	0.372850610324187
SEactivities	~~	SEactivities	1	1		0.277896622218497	0.0148186853714199	18.75312251075	0	0.248852532592283	0.30694071184471	0.277896622218497	0.390192742026833
SEdiverse	~~	SEdiverse	1	1		0.225583477391854	0.0123306432928237	18.2945424690975	0	0.20141586063171	0.249751094151999	0.225583477391854	0.336977268392783
sameinst	~~	sameinst	1	1		0.111749310974961	0.0119606425038431	9.34308595370649	0	0.0883068824354696	0.135191739514452	0.111749310974961	0.218421707835508
evalexp	~~	evalexp	1	1		0.119594180817335	0.012528359845276	9.54587689803862	0	0.0950390467352362	0.144149314899434	0.119594180817335	0.226625746438312
MHWdacad	~~	MHWdacad	1	1		0.212033654555252	0.0126653290323002	16.7412669670489	0	0.187210065799594	0.23685724331091	0.212033654555252	0.120043028481299
MHWdlonely	~~	MHWdlonely	1	1		0.172372493915094	0.0113099676223277	15.2407592728031	0	0.150205364709017	0.19453962312117	0.172372493915094	0.0984218215566243
MHWdmental	~~	MHWdmental	1	1		0.120397742916103	0.00825842142099718	14.5787841015221	0	0.104211534361794	0.136583951470412	0.120397742916103	0.0705007270528894
MHWdexhaust	~~	MHWdexhaust	1	1		0.143349553838501	0.00980113993799548	14.6258042171999	0	0.124139672552593	0.162559435124409	0.143349553838501	0.0821137791225696
MHWdsleep	~~	MHWdsleep	1	1		0.215008768858423	0.0123029666595819	17.476172601912	0	0.190895397302645	0.2391221404142	0.215008768858423	0.121526601906547
MHWdfinancial	~~	MHWdfinancial	1	1		0.334420485691065	0.0168604195656132	19.8346479095404	0	0.301374670578228	0.367466300803901	0.334420485691065	0.177542707839713
QIadmin	~~	QIadmin	1	1		0.241174632529857	0.0154388743768756	15.621257524518	0	0.210914994789342	0.271434270270371	0.241174632529857	0.192592508379265
QIstudent	~~	QIstudent	1	1		0.240239345777841	0.0144406973094205	16.6362704397328	0	0.211936099139732	0.268542592415949	0.240239345777841	0.189597820798125
QIadvisor	~~	QIadvisor	1	1		0.173087317200066	0.0114896191643739	15.0646696573513	0	0.150568077441812	0.19560655695832	0.173087317200066	0.142318769545049
QIfaculty	~~	QIfaculty	1	1		0.143542164376177	0.00991949678559622	14.4707103070602	0	0.124100307931648	0.162984020820707	0.143542164376177	0.122678588556823
QIstaff	~~	QIstaff	1	1		0.167789459329629	0.0112104418965773	14.9672475784258	0	0.145817396961559	0.1897615216977	0.167789459329629	0.141435717025515
Belong	~~	Belong	1	1		0.346049076045756	0.0193407781643221	17.8922002571806	0	0.308141847410706	0.383956304680806	0.660384442557397	0.660384442557397
Gains	~~	Gains	1	1		0.246146400495352	0.015062308912552	16.3418770604438	0	0.216624817502733	0.27566798348797	0.853480123286521	0.853480123286521
SupportEnv	~~	SupportEnv	1	1		0.286283051839562	0.0177001849895183	16.1740146788914	0	0.25159132674041	0.320974776938715	0.627028426573501	0.627028426573501
Satisf	~~	Satisf	1	1		0.245473820304223	0.0167167285847748	14.6843216996293	0	0.212709634338733	0.278238006269713	0.613880216255032	0.613880216255032
DevAdj	~~	DevAdj	1	1		0.177962475022362	0.0157026287777884	11.3332918672887	0	0.147185888155295	0.20873906188943	1	1
EmoDiss	~~	EmoDiss	1	1		1.55428011841228	0.0687965522210258	22.5924129659692	0	1.41944135379854	1.68911888302602	1	1
QualEngag	~~	QualEngag	1	1		1.01107881470663	0.0479071188841851	21.1049806011274	0	0.917182587090547	1.10497504232271	1	1
DevAdj	~~	EmoDiss	1	1		-0.464424368512289	0.0274874431667894	-16.895873715654	0	-0.518298767146288	-0.41054996987829	-0.883051707884496	-0.883051707884496
DevAdj	~~	QualEngag	1	1		0.269881481477537	0.0199401021589986	13.5346087660712	0	0.230799599397851	0.308963363557224	0.636233249591716	0.636233249591716
EmoDiss	~~	QualEngag	1	1		-0.462032613357757	0.0444053251203227	-10.4048920282829	0	-0.549065451315381	-0.374999775400133	-0.368566179519462	-0.368566179519462
sbvalued	~1		1	1		2.5052870558088	0.0277347079958357	90.3303923800084	0	2.45092802701523	2.55964608460237	2.5052870558088	3.06824867206428
sbmyself	~1		1	1		2.50080326317084	0.0288468082778544	86.6925463324377	0	2.44426455787732	2.55734196846437	2.50080326317084	2.98123856933844
sbcommunity	~1		1	1		2.49599045295164	0.0277633333582631	89.9024054764217	0	2.44157531947866	2.55040558642461	2.49599045295164	3.09238969927038
pganalyze	~1		1	1		2.9625857917717	0.0240324319744585	123.274489861048	0	2.91548309064085	3.00968849290255	2.9625857917717	4.01570131609102
pgthink	~1		1	1		2.96531729220341	0.022213465647116	133.491880074481	0	2.92177969956325	3.00885488484358	2.96531729220341	4.36407157664122
pgwork	~1		1	1		2.98663873834332	0.022168938225559	134.721776386204	0	2.94318841784573	3.03008905884091	2.98663873834332	4.33946987353544
pgvalues	~1		1	1		2.99466819941288	0.0242135435861171	123.677403464806	0	2.947210526046	3.04212587277976	2.99466819941288	4.02187885063378
pgprobsolve	~1		1	1		2.9840702084415	0.02185773138031	136.522411979572	0	2.94122984215234	3.02691057473066	2.9840702084415	4.30247064094501
SEacademic	~1		1	1		2.64016496554704	0.0262236346731864	100.678834129985	0	2.58876758604386	2.69156234505023	2.64016496554704	3.34959469957832
SEwellness	~1		1	1		2.62085781155898	0.0269979443396237	97.0761987871966	0	2.5679428129967	2.67377281012126	2.62085781155898	3.34258665165455
SEnonacad	~1		1	1		2.6372119384267	0.0281471704184193	93.6936785909013	0	2.58204449813989	2.69237937871351	2.6372119384267	3.15594971875001
SEactivities	~1		1	1		2.65275445280105	0.0269831306063784	98.3115892480607	0	2.59986848862241	2.70564041697969	2.65275445280105	3.14336643605239
SEdiverse	~1		1	1		2.6721032702542	0.0270322979516795	98.8485431401578	0	2.61912093984955	2.72508560065884	2.6721032702542	3.26587755286715
sameinst	~1		1	1		2.88445656940295	0.0239218930056674	120.578106787769	0	2.83757052066982	2.93134261813608	2.88445656940295	4.03264021279213
evalexp	~1		1	1		2.87606369339396	0.0240010627878114	119.830680783625	0	2.82902247473916	2.92310491204875	2.87606369339396	3.95911484007518
MHWdacad	~1		1	1		4.11378625057624	0.0442755275656665	92.9133197673352	0	4.02700781115102	4.20056469000146	4.11378625057624	3.09533597045018
MHWdlonely	~1		1	1		4.1098290087532	0.0443212017114939	92.7282846594701	0	4.02296104964714	4.19669696785927	4.1098290087532	3.10552814783067
MHWdmental	~1		1	1		4.13090392747506	0.0438182645170221	94.2735631592696	0	4.04502170715665	4.21678614779348	4.13090392747506	3.16105985927865
MHWdexhaust	~1		1	1		4.14379142476641	0.0447112659096785	92.6789107948163	0	4.05615895388024	4.23142389565257	4.14379142476641	3.13622877096901
MHWdsleep	~1		1	1		4.10886789304452	0.0430192445334144	95.5123209998033	0	4.0245517231169	4.19318406297213	4.10886789304452	3.08908436404672
MHWdfinancial	~1		1	1		4.1287727579132	0.0454540546905387	90.8339813911608	0	4.03968444776843	4.21786106805796	4.1287727579132	3.00833338685344
QIadmin	~1		1	1		4.89436863755907	0.0374125603737019	130.821536635579	0	4.82104136665718	4.96769590846095	4.89436863755907	4.37371579229102
QIstudent	~1		1	1		4.9173458246285	0.0379384287572992	129.613850275294	0	4.84298787063415	4.99170377862284	4.9173458246285	4.36842973519727
QIadvisor	~1		1	1		4.91140502023782	0.0360837458767625	136.111285037086	0	4.84068217789207	4.98212786258357	4.91140502023782	4.45352830295936
QIfaculty	~1		1	1		4.89763695245325	0.0361935498941859	135.317949379704	0	4.82669889818799	4.9685750067185	4.89763695245325	4.52773738415595
QIstaff	~1		1	1		4.90731944616003	0.0362343604795568	135.432759988374	0	4.83630140461726	4.9783374877028	4.90731944616003	4.50548492193381
Belong	~1		1	1		0	0	NA	NA	0	0	0	0
Gains	~1		1	1		0	0	NA	NA	0	0	0	0
SupportEnv	~1		1	1		0	0	NA	NA	0	0	0	0
Satisf	~1		1	1		0	0	NA	NA	0	0	0	0
DevAdj	~1		1	1		0	0	NA	NA	0	0	0	0
EmoDiss	~1		1	1		0	0	NA	NA	0	0	0	0
QualEngag	~1		1	1		0	0	NA	NA	0	0	0	0
Belong	=~	sbvalued	2	2		1	0	NA	NA	1	1	0.646977069256533	0.850672545023754
Belong	=~	sbmyself	2	2	.p2.	0.996551803040059	0.0131156477999175	75.9818972148923	0	0.970845605718309	1.02225800036181	0.644746164893171	0.834844696154134
Belong	=~	sbcommunity	2	2	.p3.	1.00719839468141	0.0126785230666547	79.4413031696416	0	0.98234894609361	1.03204784326922	0.651634265550865	0.868587298762715
Gains	=~	pganalyze	2	2		1	0	NA	NA	1	1	0.487923345609645	0.731189918600435
Gains	=~	pgthink	2	2	.p5.	1.00282818013337	0.0210264268311421	47.6937041270414	0	0.961617140820769	1.04403921944598	0.489303280722308	0.779328212091904
Gains	=~	pgwork	2	2	.p6.	0.995911486846321	0.0207322210509563	48.0368931239223	0	0.955277080266924	1.03654589342572	0.485928464593133	0.725364935526697
Gains	=~	pgvalues	2	2	.p7.	0.984944707401685	0.0218946830166014	44.9855659775873	0	0.942031917236226	1.02785749756715	0.480577516875943	0.684213507822215
Gains	=~	pgprobsolve	2	2	.p8.	1.00367884938113	0.0211143476257754	47.5353947547917	0	0.962295488477556	1.04506221028471	0.489718342107682	0.729267511707621
SupportEnv	=~	SEacademic	2	2		1	0	NA	NA	1	1	0.578136025247668	0.807189611938237
SupportEnv	=~	SEwellness	2	2	.p10.	0.990106141225781	0.013892268992446	71.2702972973067	0	0.962877794337044	1.01733448811452	0.572416029061579	0.803041097998677
SupportEnv	=~	SEnonacad	2	2	.p11.	0.979368780261091	0.0153075094711936	63.9796292208156	0	0.949366613004546	1.00937094751764	0.566208373871804	0.758210580205007
SupportEnv	=~	SEactivities	2	2	.p12.	0.975313265276693	0.0151314250355149	64.4561409773065	0	0.945656217172316	1.00497031338107	0.563863734558391	0.721089680771102
SupportEnv	=~	SEdiverse	2	2	.p13.	0.98596919411948	0.014511338796382	67.9447436211265	0	0.957527492711113	1.01441089552785	0.570024310904883	0.766763597035665
Satisf	=~	sameinst	2	2		1	0	NA	NA	1	1	0.500035137998384	0.819741449238194
Satisf	=~	evalexp	2	2	.p15.	1.01026308293642	0.0213117887510892	47.4039553758614	0	0.968492744538155	1.05203342133468	0.505167040090783	0.816456507754077
DevAdj	=~	Belong	2	2		1	0	NA	NA	1	1	0.328864704029573	0.328864704029573
DevAdj	=~	Gains	2	2	.p17.	0.487286178065713	0.0287185212071531	16.9676625948393	0	0.430998910810443	0.543573445320983	0.212490073803055	0.212490073803055
DevAdj	=~	SupportEnv	2	2	.p18.	0.978200435473058	0.0374019366905166	26.1537375341605	0	0.904893986607599	1.05150688433852	0.360001219872601	0.360001219872601
DevAdj	=~	Satisf	2	2	.p19.	0.931445782640661	0.0350856133895213	26.547798161592	0	0.862679244021703	1.00021232125962	0.396335715104587	0.396335715104587
EmoDiss	=~	MHWdacad	2	2		1	0	NA	NA	1	1	0.922806098786029	0.892213809480833
EmoDiss	=~	MHWdlonely	2	2	.p21.	1.00791830647868	0.00935739595299015	107.713546754062	0	0.989578147421735	1.02625846553562	0.930113160296609	0.915212550292029
EmoDiss	=~	MHWdmental	2	2	.p22.	1.01058362322484	0.00883681810596049	114.360577654438	0	0.993263777999221	1.02790346845045	0.932572730845161	0.937753175484675
EmoDiss	=~	MHWdexhaust	2	2	.p23.	1.01535972321443	0.00900187320696347	112.794270689015	0	0.997716375935384	1.03300307049347	0.936980145043969	0.917720022679399
EmoDiss	=~	MHWdsleep	2	2	.p24.	0.999981741760506	0.00943560522869865	105.979607828339	0	0.981488295339919	1.01847518818109	0.922789249971271	0.91144935865612
EmoDiss	=~	MHWdfinancial	2	2	.p25.	0.998359716065858	0.0109805782932627	90.9205043124569	0	0.976838178081641	1.01988125405008	0.921292434767862	0.840125884941724
QualEngag	=~	QIadmin	2	2		1	0	NA	NA	1	1	0.955015947239161	0.883532915790451
QualEngag	=~	QIstudent	2	2	.p27.	1.00777409920873	0.00998743760516691	100.904169722909	0	0.988199081204763	1.0273491172127	0.962440335958918	0.904017604012363
QualEngag	=~	QIadvisor	2	2	.p28.	1.01571526828581	0.00979230078204671	103.725905779776	0	0.996522711427214	1.0349078251444	0.97002427906725	0.921512094157606
QualEngag	=~	QIfaculty	2	2	.p29.	1.00760941964187	0.00921602647692446	109.3323052147	0	0.989546339666525	1.0256724996172	0.962283064346377	0.930134841704036
QualEngag	=~	QIstaff	2	2	.p30.	1.00368328698767	0.00966394439606306	103.858553593971	0	0.984742304022786	1.02262426995255	0.958533545050642	0.917771487248438
sbvalued	~~	sbvalued	2	2		0.159853514607685	0.0186617927467632	8.56581769912816	0	0.123277072937079	0.196429956278292	0.159853514607685	0.276356221142809
sbmyself	~~	sbmyself	2	2		0.180741543359215	0.0202144121039176	8.9412218584476	0	0.141122023666886	0.220361063051544	0.180741543359215	0.303034333303311
sbcommunity	~~	sbcommunity	2	2		0.138207500407819	0.0180180756103294	7.67049175487908	1.70974345792274e-14	0.102892721140854	0.173522279674784	0.138207500407819	0.24555610442809
pganalyze	~~	pganalyze	2	2		0.207220669978447	0.017735111908912	11.684204252149	0	0.172460489375192	0.241980850581702	0.207220669978447	0.465361302937089
pgthink	~~	pgthink	2	2		0.154781245623731	0.0138222034420534	11.1980152999931	0	0.127690224690321	0.181872266557141	0.154781245623731	0.392647537837636
pgwork	~~	pgwork	2	2		0.212651532776783	0.0186048064665863	11.4299244745544	0	0.176186782162936	0.24911628339063	0.212651532776783	0.47384571030835
pgvalues	~~	pgvalues	2	2		0.262382161702193	0.0234864367816448	11.1716461778165	0	0.216349591484992	0.308414731919393	0.262382161702193	0.53185187571362
pgprobsolve	~~	pgprobsolve	2	2		0.211116202486389	0.0183323601526852	11.5160405276822	0	0.175185436835509	0.247046968137269	0.211116202486389	0.468168896367775
SEacademic	~~	SEacademic	2	2		0.178748780089621	0.0164196880013991	10.8862470513685	0	0.146566782969495	0.210930777209748	0.178748780089621	0.348444930378999
SEwellness	~~	SEwellness	2	2		0.180438525452503	0.0172012939396082	10.4898228055403	0	0.146724608843384	0.214152442061622	0.180438525452503	0.355124994925079
SEnonacad	~~	SEnonacad	2	2		0.237072444371647	0.0213861442923478	11.0853289462035	0	0.195156371790469	0.278988516952826	0.237072444371647	0.425116716065186
SEactivities	~~	SEactivities	2	2		0.293520101614051	0.0228333637449772	12.8548778398285	0	0.248767531027993	0.338272672200109	0.293520101614051	0.48002967228543
SEdiverse	~~	SEdiverse	2	2		0.227739604270187	0.019693872258663	11.5639830135492	0	0.189140323927075	0.266338884613299	0.227739604270187	0.412073586260929
sameinst	~~	sameinst	2	2		0.122054225580991	0.0192604810295578	6.33702893472301	2.34237962359884e-10	0.084304376438141	0.159804074723841	0.122054225580991	0.328023956400866
evalexp	~~	evalexp	2	2		0.127634446240747	0.0202232413321674	6.31127543524536	2.76745071303708e-10	0.0879976215790371	0.167271270902457	0.127634446240747	0.333398770946017
MHWdacad	~~	MHWdacad	2	2		0.218180715209755	0.0202046553651295	10.7985368355407	0	0.178580318374057	0.257781112045453	0.218180715209755	0.203954518171699
MHWdlonely	~~	MHWdlonely	2	2		0.167716656564489	0.0174022884992119	9.63762074005868	0	0.133608797857458	0.20182451527152	0.167716656564489	0.16238598778796
MHWdmental	~~	MHWdmental	2	2		0.11928998824305	0.0116277679703554	10.2590616313618	0	0.0964999818005653	0.142079994685535	0.11928998824305	0.120618981868408
MHWdexhaust	~~	MHWdexhaust	2	2		0.164482511212052	0.0153379403997126	10.7238981848655	0	0.134420700431594	0.194544321992511	0.164482511212052	0.157789959973324
MHWdsleep	~~	MHWdsleep	2	2		0.17349800015618	0.016791454069442	10.3325179248128	0	0.140587354932015	0.206408645380345	0.17349800015618	0.169260066605346
MHWdfinancial	~~	MHWdfinancial	2	2		0.35377893180186	0.0288911729129231	12.2452256565746	0	0.297153273421411	0.410404590182308	0.35377893180186	0.294188497450885
QIadmin	~~	QIadmin	2	2		0.256302119162092	0.0232361607323453	11.0303127144973	0	0.210760080987711	0.301844157336472	0.256302119162092	0.219369586714824
QIstudent	~~	QIstudent	2	2		0.20713639008089	0.0184313895169928	11.2382406052414	0	0.171011530442555	0.243261249719224	0.20713639008089	0.182752171635747
QIadvisor	~~	QIadvisor	2	2		0.16711252229904	0.0163376600733868	10.2286693166824	0	0.135091296963544	0.199133747634536	0.16711252229904	0.150815460321263
QIfaculty	~~	QIfaculty	2	2		0.14433184299533	0.0149288107891983	9.66800671757198	0	0.115071911516488	0.173591774474172	0.14433184299533	0.134849176248209
QIstaff	~~	QIstaff	2	2		0.172014399111465	0.0191025271715937	9.00479803359514	0	0.134574133841444	0.209454664381486	0.172014399111465	0.157695497193791
Belong	~~	Belong	2	2		0.3733091393435	0.0370421209714311	10.0779633982465	0	0.30070791632852	0.445910362358481	0.891848006443542	0.891848006443542
Gains	~~	Gains	2	2		0.227319883579451	0.0201193022792447	11.2985967616758	0	0.187886775718057	0.266752991440845	0.954847968535172	0.954847968535172
SupportEnv	~~	SupportEnv	2	2		0.290923302347691	0.0259898393940738	11.1937322095968	0	0.239984153171326	0.341862451524056	0.870399121690239	0.870399121690239
Satisf	~~	Satisf	2	2		0.210759119725221	0.0225599251068659	9.34219057584896	0	0.166542479021843	0.254975760428599	0.842918000932535	0.842918000932535
DevAdj	~~	DevAdj	2	2		0.045270188800272	0.012687037927611	3.56822365146003	0.000359409659690835	0.0204040513916607	0.0701363262088832	1	1
EmoDiss	~~	EmoDiss	2	2		0.851571095956691	0.062193742995783	13.6922310016689	0	0.729673599621216	0.973468592292166	1	1
QualEngag	~~	QualEngag	2	2		0.912055459481111	0.0661751761459023	13.7824409786265	0	0.782354497564549	1.04175642139767	1	1
DevAdj	~~	EmoDiss	2	2		-0.150374232757232	0.0211686779718413	-7.10361945877111	1.2152501227547e-12	-0.191864079182367	-0.108884386332096	-0.765873099288621	-0.765873099288621
DevAdj	~~	QualEngag	2	2		0.1272918890011	0.0215780509070915	5.89913748693894	3.65406660485235e-09	0.0849996863666292	0.169584091635572	0.626446453477084	0.626446453477084
EmoDiss	~~	QualEngag	2	2		-0.0237583888211391	0.0475229837503255	-0.499934704141475	0.61712105501801	-0.116901725409659	0.0693849477673811	-0.0269585112898874	-0.0269585112898874
sbvalued	~1		2	2		2.90969171547669	0.0404394687996846	71.9517788398689	0	2.83043181307537	2.988951617878	2.90969171547669	3.82578452074574
sbmyself	~1		2	2		2.90205349473338	0.0412111559953883	70.4191237697417	0	2.82128111322116	2.98282587624561	2.90205349473338	3.75770202283432
sbcommunity	~1		2	2		2.8575291868402	0.0396123758170645	72.137283560993	0	2.77989035689669	2.93516801678371	2.8575291868402	3.80890583682697
pganalyze	~1		2	2		2.98051641015776	0.0344068260376188	86.6257296415254	0	2.9130802703017	3.04795255001383	2.98051641015776	4.46652854580573
pgthink	~1		2	2		3.0496875663232	0.0318303535454477	95.8106720985308	0	2.98730121975894	3.11207391288745	3.0496875663232	4.85733011026021
pgwork	~1		2	2		3.00359160093475	0.0358511774573834	83.7794408427768	0	2.93332458431492	3.07385861755457	3.00359160093475	4.48358181648153
pgvalues	~1		2	2		2.99719159935575	0.0375274871484615	79.8665678706021	0	2.92363907611447	3.07074412259702	2.99719159935575	4.26719708225519
pgprobsolve	~1		2	2		3.01937107382019	0.0352886323208853	85.5621449526453	0	2.95020662540758	3.0885355222328	3.01937107382019	4.4963176597593
SEacademic	~1		2	2		2.91227469233285	0.0375123475225218	77.6350957663839	0	2.83875184221316	2.98579754245255	2.91227469233285	4.06609824695609
SEwellness	~1		2	2		2.89892686038379	0.0356267611549203	81.3693629846964	0	2.82909969163433	2.96875402913324	2.89892686038379	4.06689765972647
SEnonacad	~1		2	2		2.86564579076899	0.0402378316593627	71.217699179926	0	2.78678108990066	2.94451049163733	2.86564579076899	3.83739107004612
SEactivities	~1		2	2		2.84952053255497	0.0421836446016301	67.550363641288	0	2.76684210839914	2.9321989567108	2.84952053255497	3.6440716528436
SEdiverse	~1		2	2		2.87172721930223	0.0394303014995032	72.8304656594729	0	2.79444524846365	2.94900919014081	2.87172721930223	3.86288067061903
sameinst	~1		2	2		3.1462761080202	0.0337955757679058	93.0972778693739	0	3.08003799667831	3.21251421936209	3.1462761080202	5.15790339618157
evalexp	~1		2	2		3.13715255911025	0.0344810490656827	90.981934834242	0	3.06957094479235	3.20473417342814	3.13715255911025	5.07030035499271
MHWdacad	~1		2	2		3.20757469261117	0.0556916136485729	57.5952909687932	0	3.09842113561905	3.31672824960329	3.20757469261117	3.10123918714206
MHWdlonely	~1		2	2		3.18444662897278	0.053213041056452	59.8433497832702	0	3.08015098499428	3.28874227295128	3.18444662897278	3.13343111889916
MHWdmental	~1		2	2		3.23719944217575	0.0528004484160996	61.3100748058927	0	3.13371246491263	3.34068641943887	3.23719944217575	3.25518209590621
MHWdexhaust	~1		2	2		3.21843130535744	0.0535581089514046	60.0923252962058	0	3.11345934073261	3.32340326998226	3.21843130535744	3.15227474794155
MHWdsleep	~1		2	2		3.2272028949022	0.0537743572051046	60.013788404631	0	3.1218070914884	3.33259869831599	3.2272028949022	3.18754472801168
MHWdfinancial	~1		2	2		3.19044253047977	0.0590608030007646	54.0196266962111	0	3.07468548370026	3.30619957725928	3.19044253047977	2.90936216680255
QIadmin	~1		2	2		5.21163617285805	0.0591179119033035	88.1566348517601	0	5.09576719468636	5.32750515102973	5.21163617285805	4.82154472619621
QIstudent	~1		2	2		5.22824603029326	0.0588908135678281	88.7786347911727	0	5.11282215668005	5.34366990390646	5.22824603029326	4.91087735301921
QIadvisor	~1		2	2		5.212725317213	0.0561021704745361	92.9148600334273	0	5.10276708362838	5.32268355079762	5.212725317213	4.95203009552744
QIfaculty	~1		2	2		5.2110783136421	0.0570187487270458	91.3923653180821	0	5.09932361969355	5.32283300759065	5.2110783136421	5.03698514704623
QIstaff	~1		2	2		5.2129934142735	0.0527856233201087	98.7578262107518	0	5.10953549366459	5.31645133488241	5.2129934142735	4.99130859168975
Belong	~1		2	2		0	0	NA	NA	0	0	0	0
Gains	~1		2	2		0	0	NA	NA	0	0	0	0
SupportEnv	~1		2	2		0	0	NA	NA	0	0	0	0
Satisf	~1		2	2		0	0	NA	NA	0	0	0	0
DevAdj	~1		2	2		0	0	NA	NA	0	0	0	0
EmoDiss	~1		2	2		0	0	NA	NA	0	0	0	0
QualEngag	~1		2	2		0	0	NA	NA	0	0	0	0
Belong	=~	sbvalued	3	3		1	0	NA	NA	1	1	0.742592434333929	0.886934088887056
Belong	=~	sbmyself	3	3	.p2.	0.996551803040059	0.0131156477999175	75.9818972148923	0	0.970845605718308	1.02225800036181	0.740031829359384	0.861126339179753
Belong	=~	sbcommunity	3	3	.p3.	1.00719839468141	0.0126785230666547	79.4413031696415	0	0.98234894609361	1.03204784326922	0.747937907763696	0.904805593933423
Gains	=~	pganalyze	3	3		1	0	NA	NA	1	1	0.530819359283313	0.733400513231102
Gains	=~	pgthink	3	3	.p5.	1.00282818013337	0.0210264268311421	47.6937041270414	0	0.961617140820769	1.04403921944598	0.532320612049648	0.78269237969551
Gains	=~	pgwork	3	3	.p6.	0.995911486846321	0.0207322210509564	48.0368931239222	0	0.955277080266923	1.03654589342572	0.528649097350656	0.746623286432321
Gains	=~	pgvalues	3	3	.p7.	0.984944707401685	0.0218946830166015	44.9855659775873	0	0.942031917236225	1.02785749756714	0.522827718512453	0.71082088740459
Gains	=~	pgprobsolve	3	3	.p8.	1.00367884938113	0.0211143476257755	47.5353947547916	0	0.962295488477556	1.04506221028471	0.532772163754707	0.771286053931574
SupportEnv	=~	SEacademic	3	3		1	0	NA	NA	1	1	0.712929742192174	0.873089517847588
SupportEnv	=~	SEwellness	3	3	.p10.	0.990106141225781	0.013892268992446	71.2702972973068	0	0.962877794337044	1.01733448811452	0.705876116006984	0.847777065855507
SupportEnv	=~	SEnonacad	3	3	.p11.	0.97936878026109	0.0153075094711936	63.9796292208155	0	0.949366613004545	1.00937094751764	0.698221132022603	0.818607490680699
SupportEnv	=~	SEactivities	3	3	.p12.	0.975313265276692	0.0151314250355149	64.4561409773064	0	0.945656217172315	1.00497031338107	0.69532983477032	0.799457353110752
SupportEnv	=~	SEdiverse	3	3	.p13.	0.98596919411948	0.014511338796382	67.9447436211265	0	0.957527492711113	1.01441089552785	0.702926763373027	0.834543634951362
Satisf	=~	sameinst	3	3		1	0	NA	NA	1	1	0.654320148428583	0.898698869095059
Satisf	=~	evalexp	3	3	.p15.	1.01026308293642	0.0213117887510892	47.4039553758614	0	0.968492744538155	1.05203342133468	0.661035490378873	0.894615554013307
DevAdj	=~	Belong	3	3		1	0	NA	NA	1	1	0.673270689838306	0.673270689838306
DevAdj	=~	Gains	3	3	.p17.	0.487286178065713	0.0287185212071532	16.9676625948393	0	0.430998910810443	0.543573445320983	0.458962886077079	0.458962886077079
DevAdj	=~	SupportEnv	3	3	.p18.	0.978200435473059	0.0374019366905167	26.1537375341604	0	0.904893986607599	1.05150688433852	0.685995627062603	0.685995627062603
DevAdj	=~	Satisf	3	3	.p19.	0.931445782640661	0.0350856133895213	26.547798161592	0	0.862679244021703	1.00021232125962	0.711717288507008	0.711717288507008
EmoDiss	=~	MHWdacad	3	3		1	0	NA	NA	1	1	0.973272048077019	0.894245201054137
EmoDiss	=~	MHWdlonely	3	3	.p21.	1.00791830647868	0.00935739595299013	107.713546754062	0	0.989578147421735	1.02625846553562	0.980978714440822	0.927644313564292
EmoDiss	=~	MHWdmental	3	3	.p22.	1.01058362322483	0.00883681810596048	114.360577654438	0	0.99326377799922	1.02790346845045	0.983572792729128	0.94039003998616
EmoDiss	=~	MHWdexhaust	3	3	.p23.	1.01535972321443	0.00900187320696347	112.794270689015	0	0.997716375935383	1.03300307049347	0.988221237347821	0.928612236959183
EmoDiss	=~	MHWdsleep	3	3	.p24.	0.999981741760505	0.00943560522869866	105.979607828339	0	0.981488295339918	1.01847518818109	0.973254277842872	0.91290219168806
EmoDiss	=~	MHWdfinancial	3	3	.p25.	0.998359716065856	0.0109805782932627	90.9205043124567	0	0.976838178081639	1.01988125405007	0.971675605573006	0.855252807166402
QualEngag	=~	QIadmin	3	3		1	0	NA	NA	1	1	1.12606758311136	0.911633251990911
QualEngag	=~	QIstudent	3	3	.p27.	1.00777409920873	0.00998743760516691	100.904169722909	0	0.98819908120476	1.0273491172127	1.1348217442182	0.929977015709147
QualEngag	=~	QIadvisor	3	3	.p28.	1.01571526828581	0.00979230078204671	103.725905779776	0	0.996522711427211	1.0349078251444	1.14376403728791	0.941027933781286
QualEngag	=~	QIfaculty	3	3	.p29.	1.00760941964186	0.00921602647692446	109.3323052147	0	0.989546339666524	1.0256724996172	1.13463630389636	0.949375421371218
QualEngag	=~	QIstaff	3	3	.p30.	1.00368328698767	0.00966394439606308	103.85855359397	0	0.984742304022785	1.02262426995255	1.13021521318747	0.934733606878701
sbvalued	~~	sbvalued	3	3		0.149557006349779	0.00895362617659679	16.7035124540597	0	0.132008221512615	0.167105791186944	0.149557006349779	0.213347921970088
sbmyself	~~	sbmyself	3	3		0.190881039796302	0.00991029974957863	19.260874506285	0	0.171457209211132	0.210304870381472	0.190881039796302	0.258461427970876
sbcommunity	~~	sbcommunity	3	3		0.123903228507707	0.00823623222904005	15.0436783546289	0	0.10776050997048	0.140045947044933	0.123903228507707	0.181326837186786
pganalyze	~~	pganalyze	3	3		0.242085801013134	0.0101613264221286	23.8242322858497	0	0.222169967190607	0.262001634835662	0.242085801013134	0.462123687192356
pgthink	~~	pgthink	3	3		0.179190804233814	0.00877228380841834	20.4269273711657	0	0.16199744390715	0.196384164560478	0.179190804233814	0.387392638766579
pgwork	~~	pgwork	3	3		0.221869636976944	0.0100402235025248	22.0980774901226	0	0.202191160515263	0.241548113438625	0.221869636976944	0.442553668157
pgvalues	~~	pgvalues	3	3		0.267650655380163	0.0114419656068641	23.3920171215685	0	0.245224814878363	0.290076495881963	0.267650655380163	0.494733666029351
pgprobsolve	~~	pgprobsolve	3	3		0.193300707838287	0.0087669015310603	22.0489196956805	0	0.176117896581399	0.210483519095174	0.193300707838287	0.405117823010661
SEacademic	~~	SEacademic	3	3		0.158500977661279	0.00763979698535423	20.7467525596729	0	0.143527250720787	0.173474704601771	0.158500977661279	0.237714693824667
SEwellness	~~	SEwellness	3	3		0.194994924998038	0.00914954386433218	21.311983186199	0	0.177062148548977	0.212927701447098	0.194994924998038	0.281274046609428
SEnonacad	~~	SEnonacad	3	3		0.239989849427312	0.0104944468759397	22.8682704543037	0	0.219421111512802	0.260558587341823	0.239989849427312	0.329881776201449
SEactivities	~~	SEactivities	3	3		0.272985404053975	0.0119210469718747	22.8994487395301	0	0.24962058133109	0.296350226776859	0.272985404053975	0.360867940557151
SEdiverse	~~	SEdiverse	3	3		0.215344401145206	0.00962259113863515	22.3790451077765	0	0.196484469075527	0.234204333214886	0.215344401145206	0.303536921362169
sameinst	~~	sameinst	3	3		0.101958299262355	0.00991470394191146	10.2835445071997	0	0.0825258366188311	0.121390761905879	0.101958299262355	0.192340342687262
evalexp	~~	evalexp	3	3		0.109011993024846	0.0103296069009549	10.5533534886762	0	0.0887663355245181	0.129257650525174	0.109011993024846	0.199663010517464
MHWdacad	~~	MHWdacad	3	3		0.23729661594028	0.0106301479656772	22.3229833400691	0	0.216461908777221	0.258131323103339	0.23729661594028	0.200325520391647
MHWdlonely	~~	MHWdlonely	3	3		0.155975276496134	0.00770168481200631	20.2520981192298	0	0.140880251644322	0.171070301347945	0.155975276496134	0.139476027511834
MHWdmental	~~	MHWdmental	3	3		0.126533301467029	0.00657333977970042	19.2494691751346	0	0.113649792240672	0.139416810693387	0.126533301467029	0.115666572694828
MHWdexhaust	~~	MHWdexhaust	3	3		0.155922307176812	0.00766893192346514	20.3316848725344	0	0.140891476806931	0.170953137546693	0.155922307176812	0.137679313369663
MHWdsleep	~~	MHWdsleep	3	3		0.189366928322542	0.00891594668512702	21.239127488103	0	0.171891993931614	0.20684186271347	0.189366928322542	0.166609588411137
MHWdfinancial	~~	MHWdfinancial	3	3		0.346630545038338	0.0154070068117283	22.4982405261528	0	0.316433366577787	0.376827723498889	0.346630545038338	0.268542635833989
QIadmin	~~	QIadmin	3	3		0.257740131730918	0.011906890500486	21.6463006626623	0	0.234403055182103	0.281077208279732	0.257740131730918	0.168924813864476
QIstudent	~~	QIstudent	3	3		0.201235047220157	0.00950893467923137	21.1627331566046	0	0.18259787771752	0.219872216722795	0.201235047220157	0.135142750252709
QIadvisor	~~	QIadvisor	3	3		0.169100921240214	0.00864986381457275	19.549547237417	0	0.152147499692475	0.186054342787953	0.169100921240214	0.114466427843324
QIfaculty	~~	QIfaculty	3	3		0.140959480269542	0.00759472553289713	18.5601809649296	0	0.126074091752597	0.155844868786487	0.140959480269542	0.0986863092962216
QIstaff	~~	QIstaff	3	3		0.184610913359216	0.00940709156112322	19.6246536094279	0	0.166173352700143	0.203048474018288	0.184610913359216	0.126273084171535
Belong	~~	Belong	3	3		0.301477801822198	0.0150853808473163	19.9847657061857	0	0.271910998668387	0.331044604976008	0.546706578204651	0.546706578204651
Gains	~~	Gains	3	3		0.22241537666221	0.012095768156285	18.3878670447765	0	0.198708106710545	0.246122646613875	0.789353069203798	0.789353069203798
SupportEnv	~~	SupportEnv	3	3		0.269082594390564	0.0145353801615106	18.512250206093	0	0.240593772772406	0.297571416008723	0.529409999650986	0.529409999650986
Satisf	~~	Satisf	3	3		0.21126678468608	0.011864646324133	17.8064123374969	0	0.188012505201474	0.234521064170686	0.493458501240233	0.493458501240233
DevAdj	~~	DevAdj	3	3		0.249965721707794	0.0156527412360898	15.9694533971761	0	0.219286912625733	0.280644530789855	1	1
EmoDiss	~~	EmoDiss	3	3		0.947258479568035	0.0341909842967739	27.7049198509741	0	0.880245381750383	1.01427157738569	1	1
QualEngag	~~	QualEngag	3	3		1.26802820173427	0.0447118933437943	28.3599755435153	0	1.18039450109984	1.3556619023687	1	1
DevAdj	~~	EmoDiss	3	3		-0.316678063634855	0.016245944631439	-19.4927454708926	0	-0.348519530007308	-0.284836597262403	-0.650793941652443	-0.650793941652443
DevAdj	~~	QualEngag	3	3		0.406843535403256	0.0191489785286344	21.2462265177688	0	0.369312227146402	0.44437484366011	0.722641227182496	0.722641227182496
EmoDiss	~~	QualEngag	3	3		-0.36526433141001	0.0286455007418158	-12.7511937983618	0	-0.421408481183084	-0.309120181636936	-0.333279466700342	-0.333279466700342
sbvalued	~1		3	3		2.92236238774842	0.0221479869476047	131.947088223495	0	2.87895313100105	2.96577164449579	2.92236238774842	3.49039756121445
sbmyself	~1		3	3		2.88568693701382	0.0225826921701395	127.783123255317	0	2.84142567368639	2.92994820034125	2.88568693701382	3.35788398485598
sbcommunity	~1		3	3		2.92217688614568	0.0219396186671555	133.191781064103	0	2.87917602372351	2.96517774856785	2.92217688614568	3.53505547131983
pganalyze	~1		3	3		2.89587034510414	0.0195217188701267	148.34095114112	0	2.85760847920238	2.93413221100591	2.89587034510414	4.00104623203194
pgthink	~1		3	3		2.87315007369281	0.0184681454087249	155.573286332013	0	2.83695317383046	2.90934697355516	2.87315007369281	4.22450797037936
pgwork	~1		3	3		2.87871006525917	0.0190295255491495	151.275976787967	0	2.84141288053995	2.91600724997839	2.87871006525917	4.06566847532883
pgvalues	~1		3	3		2.90025994476773	0.0197875655553894	146.569821166192	0	2.86147702893745	2.93904286059802	2.90025994476773	3.94310644720472
pgprobsolve	~1		3	3		2.89530644496606	0.0186553824647331	155.199522198993	0	2.85874256721736	2.93187032271475	2.89530644496606	4.19149053719832
SEacademic	~1		3	3		2.83447101698022	0.0215691546390746	131.413171466873	0	2.79219625071066	2.87674578324978	2.83447101698022	3.47123536459381
SEwellness	~1		3	3		2.87141601776364	0.0221800021984482	129.45968138653	0	2.82794401227766	2.91488802324962	2.87141601776364	3.44865138681938
SEnonacad	~1		3	3		2.83591964813735	0.0227867270320488	124.454891838952	0	2.79125848382899	2.88058081244571	2.83591964813735	3.32488514091357
SEactivities	~1		3	3		2.82381636607144	0.0230512115780836	122.501863145287	0	2.77863682157839	2.8689959105645	2.82381636607144	3.24669048385648
SEdiverse	~1		3	3		2.818680691431	0.0230640361396724	122.211076776046	0	2.77347601125911	2.86388537160289	2.818680691431	3.34645393028765
sameinst	~1		3	3		3.04655934603632	0.0192289010618499	158.43647727122	0	3.00887139249281	3.08424729957983	3.04655934603632	4.18440337729056
evalexp	~1		3	3		3.03795010619761	0.0196216007370635	154.826823097016	0	2.99949247543394	3.07640773696128	3.03795010619761	4.1114243590205
MHWdacad	~1		3	3		3.24477347975833	0.0293691708009039	110.482297976845	0	3.18721096273275	3.30233599678391	3.24477347975833	2.98130735236321
MHWdlonely	~1		3	3		3.21964072947043	0.0285058556585118	112.946643947137	0	3.16377027903124	3.2755111799096	3.21964072947043	3.04459349672607
MHWdmental	~1		3	3		3.2083173042447	0.0276166356452398	116.173358169271	0	3.15418969300587	3.26244491548354	3.2083173042447	3.06745942987654
MHWdexhaust	~1		3	3		3.19749755751568	0.0282358767153959	113.24236855632	0	3.14215625608159	3.25283885894977	3.19749755751568	3.00462613769055
MHWdsleep	~1		3	3		3.20568188962107	0.0288455472304796	111.132642553364	0	3.14914565593498	3.26221812330716	3.20568188962107	3.00689561763453
MHWdfinancial	~1		3	3		3.21371390981143	0.0302620910257488	106.196029450742	0	3.15440130130409	3.27302651831878	3.21371390981143	2.82865786383008
QIadmin	~1		3	3		5.04959131680683	0.0330168277419594	152.939929791909	0	4.98487952354882	5.11430311006483	5.04959131680683	4.08800983387373
QIstudent	~1		3	3		5.03825772790805	0.0323648909120504	155.670468397351	0	4.97482370735687	5.10169174845924	5.03825772790805	4.12881045859882
QIadvisor	~1		3	3		5.05028428447012	0.0328795750846104	153.599438906191	0	4.9858415014773	5.11472706746294	5.05028428447012	4.15510405143707
QIfaculty	~1		3	3		5.05514865650999	0.0318233010834911	158.850542979416	0	4.99277613251717	5.11752118050281	5.05514865650999	4.22975526993776
QIstaff	~1		3	3		5.04546766450635	0.0326867794617195	154.358053855237	0	4.98140275399077	5.10953257502192	5.04546766450635	4.1728054386502
Belong	~1		3	3		0	0	NA	NA	0	0	0	0
Gains	~1		3	3		0	0	NA	NA	0	0	0	0
SupportEnv	~1		3	3		0	0	NA	NA	0	0	0	0
Satisf	~1		3	3		0	0	NA	NA	0	0	0	0
DevAdj	~1		3	3		0	0	NA	NA	0	0	0	0
EmoDiss	~1		3	3		0	0	NA	NA	0	0	0	0
QualEngag	~1		3	3		0	0	NA	NA	0	0	0	0
Belong	=~	sbvalued	4	4		1	0	NA	NA	1	1	0.624645343873746	0.853670147974133
Belong	=~	sbmyself	4	4	.p2.	0.996551803040059	0.0131156477999175	75.9818972148923	0	0.970845605718309	1.02225800036181	0.622491443697959	0.821276515483067
Belong	=~	sbcommunity	4	4	.p3.	1.00719839468141	0.0126785230666547	79.4413031696416	0	0.98234894609361	1.03204784326922	0.629141787594856	0.868706050935197
Gains	=~	pganalyze	4	4		1	0	NA	NA	1	1	0.496418832445983	0.707658057024515
Gains	=~	pgthink	4	4	.p5.	1.00282818013337	0.0210264268311421	47.6937041270414	0	0.961617140820769	1.04403921944598	0.497822794325739	0.756662430221471
Gains	=~	pgwork	4	4	.p6.	0.995911486846322	0.0207322210509564	48.0368931239223	0	0.955277080266924	1.03654589342572	0.494389217519793	0.737778342882937
Gains	=~	pgvalues	4	4	.p7.	0.984944707401685	0.0218946830166014	44.9855659775873	0	0.942031917236225	1.02785749756714	0.488945101672194	0.679606397072118
Gains	=~	pgprobsolve	4	4	.p8.	1.00367884938113	0.0211143476257754	47.5353947547917	0	0.962295488477556	1.04506221028471	0.49824508256051	0.746727672654962
SupportEnv	=~	SEacademic	4	4		1	0	NA	NA	1	1	0.58856516790933	0.822305818817479
SupportEnv	=~	SEwellness	4	4	.p10.	0.990106141225781	0.013892268992446	71.2702972973067	0	0.962877794337044	1.01733448811452	0.582741987258611	0.81141156343697
SupportEnv	=~	SEnonacad	4	4	.p11.	0.979368780261091	0.0153075094711936	63.9796292208155	0	0.949366613004546	1.00937094751764	0.576422350599525	0.757055868508557
SupportEnv	=~	SEactivities	4	4	.p12.	0.975313265276692	0.0151314250355149	64.4561409773065	0	0.945656217172316	1.00497031338107	0.574035415741774	0.73540152337783
SupportEnv	=~	SEdiverse	4	4	.p13.	0.98596919411948	0.014511338796382	67.9447436211265	0	0.957527492711113	1.01441089552785	0.580307124290359	0.781863044997363
Satisf	=~	sameinst	4	4		1	0	NA	NA	1	1	0.543451297654467	0.865090918750368
Satisf	=~	evalexp	4	4	.p15.	1.01026308293642	0.0213117887510892	47.4039553758614	0	0.968492744538155	1.05203342133468	0.549028783394197	0.841111804611098
DevAdj	=~	Belong	4	4		1	0	NA	NA	1	1	0.439331032818493	0.439331032818493
DevAdj	=~	Gains	4	4	.p17.	0.487286178065713	0.0287185212071532	16.9676625948393	0	0.430998910810443	0.543573445320983	0.269377446880458	0.269377446880458
DevAdj	=~	SupportEnv	4	4	.p18.	0.978200435473059	0.0374019366905167	26.1537375341605	0	0.904893986607599	1.05150688433852	0.456098541976791	0.456098541976791
DevAdj	=~	Satisf	4	4	.p19.	0.931445782640662	0.0350856133895213	26.547798161592	0	0.862679244021704	1.00021232125962	0.470351289538143	0.470351289538143
EmoDiss	=~	MHWdacad	4	4		1	0	NA	NA	1	1	0.917074774496692	0.894172967244194
EmoDiss	=~	MHWdlonely	4	4	.p21.	1.00791830647868	0.00935739595299014	107.713546754062	0	0.989578147421734	1.02625846553562	0.92433645362502	0.910836072834853
EmoDiss	=~	MHWdmental	4	4	.p22.	1.01058362322483	0.00883681810596048	114.360577654438	0	0.99326377799922	1.02790346845045	0.926780748378964	0.934345660701632
EmoDiss	=~	MHWdexhaust	4	4	.p23.	1.01535972321443	0.00900187320696345	112.794270689015	0	0.997716375935384	1.03300307049347	0.931160789199895	0.923318720538224
EmoDiss	=~	MHWdsleep	4	4	.p24.	0.999981741760508	0.00943560522869865	105.979607828339	0	0.98148829533992	1.0184751881811	0.917058030325827	0.899776654060818
EmoDiss	=~	MHWdfinancial	4	4	.p25.	0.998359716065856	0.0109805782932627	90.9205043124567	0	0.976838178081639	1.01988125405007	0.915570511477677	0.836601491981301
QualEngag	=~	QIadmin	4	4		1	0	NA	NA	1	1	0.970018642554134	0.884598245870579
QualEngag	=~	QIstudent	4	4	.p27.	1.00777409920873	0.00998743760516692	100.904169722909	0	0.988199081204762	1.0273491172127	0.977559663715668	0.896524781722607
QualEngag	=~	QIadvisor	4	4	.p28.	1.01571526828581	0.0097923007820467	103.725905779776	0	0.996522711427212	1.0349078251444	0.985262745764106	0.91616801438276
QualEngag	=~	QIfaculty	4	4	.p29.	1.00760941964186	0.00921602647692446	109.3323052147	0	0.989546339666525	1.0256724996172	0.97739992146576	0.928893521259237
QualEngag	=~	QIstaff	4	4	.p30.	1.00368328698767	0.00966394439606307	103.858553593971	0	0.984742304022787	1.02262426995255	0.973591499598049	0.919188854653977
sbvalued	~~	sbvalued	4	4		0.145228621109051	0.00795009616422558	18.2675301164986	0	0.129646718953539	0.160810523264563	0.145228621109051	0.271247278457822
sbmyself	~~	sbmyself	4	4		0.187001665625776	0.0094342052367672	19.8216660473941	0	0.168510963138953	0.205492368112599	0.187001665625776	0.325504885115992
sbcommunity	~~	sbcommunity	4	4		0.128687710365287	0.00775689568444697	16.5901045470179	0	0.113484474191937	0.143890946538637	0.128687710365287	0.245349797068575
pganalyze	~~	pganalyze	4	4		0.245664061039833	0.00918363342687668	26.7502032823823	0	0.227664470275936	0.263663651803729	0.245664061039833	0.499220074328289
pgthink	~~	pgthink	4	4		0.185030232326975	0.00766424017527102	24.1420190515405	0	0.170008597614579	0.200051867039371	0.185030232326975	0.427461966691338
pgwork	~~	pgwork	4	4		0.20462048685743	0.00810162345924929	25.2567263693086	0	0.188741596660997	0.220499377053864	0.20462048685743	0.455683116772907
pgvalues	~~	pgvalues	4	4		0.278545815918357	0.0105341405575533	26.4421966269123	0	0.25789927981747	0.299192352019244	0.278545815918357	0.538135145058655
pgprobsolve	~~	pgprobsolve	4	4		0.196958392984766	0.00841082242566672	23.4172573164452	0	0.180473483950097	0.213443302019434	0.196958392984766	0.442397782891304
SEacademic	~~	SEacademic	4	4		0.165888719316156	0.00738706817797679	22.4566384551212	0	0.151410331735979	0.180367106896332	0.165888719316156	0.323813140338916
SEwellness	~~	SEwellness	4	4		0.176198591392861	0.00756644448872686	23.2868412178767	0	0.161368632703934	0.191028550081787	0.176198591392861	0.341611274720771
SEnonacad	~~	SEnonacad	4	4		0.247467258504894	0.00922532541317462	26.8247728314806	0	0.229385952949409	0.265548564060378	0.247467258504894	0.426866411956755
SEactivities	~~	SEactivities	4	4		0.279779338164573	0.0102938437987978	27.1792873131849	0	0.259603775056448	0.299954901272697	0.279779338164573	0.459184599413566
SEdiverse	~~	SEdiverse	4	4		0.214120376764844	0.00851062811113189	25.1591743839418	0	0.197439852181211	0.230800901348477	0.214120376764844	0.388690178867451
sameinst	~~	sameinst	4	4		0.0992976444566386	0.00879681100668399	11.2879138111743	0	0.0820562117047324	0.116539077208545	0.0992976444566386	0.251617702295644
evalexp	~~	evalexp	4	4		0.124639174946603	0.00958853722946821	12.9987684214807	0	0.105845987312424	0.143432362580782	0.124639174946603	0.292530932143862
MHWdacad	~~	MHWdacad	4	4		0.210854404223688	0.00874229716255645	24.1188786314407	0	0.19371981664293	0.227988991804445	0.210854404223688	0.200454704649713
MHWdlonely	~~	MHWdlonely	4	4		0.175465742032971	0.00780843079916095	22.4713193400941	0	0.160161498890843	0.1907699851751	0.175465742032971	0.170377648422782
MHWdmental	~~	MHWdmental	4	4		0.124950034518589	0.006145430850486	20.33218460325	0	0.112905211382155	0.136994857655023	0.124950034518589	0.126998186328031
MHWdexhaust	~~	MHWdexhaust	4	4		0.149998420791443	0.00702343128029129	21.3568574682804	0	0.13623274843418	0.163764093148706	0.149998420791443	0.147482540303657
MHWdsleep	~~	MHWdsleep	4	4		0.197786041718188	0.00893411846558096	22.1382828625081	0	0.180275491292035	0.215296592144341	0.197786041718188	0.190401972807119
MHWdfinancial	~~	MHWdfinancial	4	4		0.359425878639042	0.0134829933129062	26.6577213455258	0	0.332999697341951	0.385852059936132	0.359425878639042	0.300097943614662
QIadmin	~~	QIadmin	4	4		0.26151656729386	0.0107527914612554	24.3208071351668	0	0.24044148329653	0.28259165129119	0.26151656729386	0.217485943402696
QIstudent	~~	QIstudent	4	4		0.23332260798	0.0101598368381141	22.9651924236324	0	0.213409693688493	0.253235522271507	0.23332260798	0.196243315757231
QIadvisor	~~	QIadvisor	4	4		0.18577925285577	0.00831359362533719	22.3464438157735	0	0.169484908768007	0.202073596943533	0.18577925285577	0.16063616942195
QIfaculty	~~	QIfaculty	4	4		0.151855371587084	0.00724691541058725	20.9544838022028	0	0.137651678383325	0.166059064790843	0.151855371587084	0.137156826162616
QIstaff	~~	QIstaff	4	4		0.173993499158332	0.00774955473032818	22.4520640492288	0	0.158804650990667	0.189182347325997	0.173993499158332	0.155091849479911
Belong	~~	Belong	4	4		0.314872130005531	0.0141767769027573	22.2104172313165	0	0.287086157859267	0.342658102151795	0.806988243602636	0.806988243602636
Gains	~~	Gains	4	4		0.228549538956886	0.0108197046482705	21.1234545106939	0	0.207343307522915	0.249755770390857	0.927435791112166	0.927435791112166
SupportEnv	~~	SupportEnv	4	4		0.274346928784399	0.0126673604752561	21.6577817707404	0	0.249519358473711	0.299174499095088	0.791974120006645	0.791974120006645
Satisf	~~	Satisf	4	4		0.230001297617448	0.0118291471392549	19.4436078028137	0	0.206816595256683	0.253185999978212	0.778769664429806	0.778769664429806
DevAdj	~~	DevAdj	4	4		0.075309675617619	0.00700721321469863	10.7474502787565	0	0.0615757900848165	0.0890435611504214	1	1
EmoDiss	~~	EmoDiss	4	4		0.841026142018159	0.0297468327927668	28.2727962293404	0	0.782723421090201	0.899328862946117	1	1
QualEngag	~~	QualEngag	4	4		0.940936166902564	0.0332321634527011	28.3140207901838	0	0.875802323406922	1.00607001039821	1	1
DevAdj	~~	EmoDiss	4	4		-0.167290831537602	0.0104014630981862	-16.0833942262194	0	-0.187677324596569	-0.146904338478635	-0.664724986229518	-0.664724986229518
DevAdj	~~	QualEngag	4	4		0.137721002969329	0.0108415980905754	12.7030168263707	0	0.116471861176943	0.158970144761715	0.517362215135153	0.517362215135153
EmoDiss	~~	QualEngag	4	4		-0.181622808033042	0.0226672144489718	-8.01257730374896	1.11022302462516e-15	-0.226049731982872	-0.137195884083211	-0.204167004662978	-0.204167004662978
sbvalued	~1		4	4		2.69860108167005	0.017361390308187	155.43692260622	0	2.66457338194446	2.73262878139564	2.69860108167005	3.68803707144587
sbmyself	~1		4	4		2.68111936797606	0.0179078992131068	149.717135218951	0	2.6460205304796	2.71621820547253	2.68111936797606	3.53730223028408
sbcommunity	~1		4	4		2.68914079397479	0.0171589999116774	156.718970092465	0	2.65550977213717	2.7227718158124	2.68914079397479	3.71311034428843
pganalyze	~1		4	4		2.87907871713596	0.0166223834862701	173.204926929646	0	2.84649944416566	2.91165799010627	2.87907871713596	4.1042021732944
pgthink	~1		4	4		2.87865150117214	0.0158188700770131	181.975797712328	0	2.84764708554507	2.9096559167992	2.87865150117214	4.37538711658984
pgwork	~1		4	4		2.90208748016617	0.0160560826101224	180.746920069817	0	2.87061813651753	2.9335568238148	2.90208748016617	4.33079285741622
pgvalues	~1		4	4		2.8776006364275	0.0173551485296126	165.806742104081	0	2.84358517036312	2.91161610249188	2.8776006364275	3.99970424910004
pgprobsolve	~1		4	4		2.88740180577981	0.0162963484739885	177.18090714546	0	2.85546154969128	2.91934206186834	2.88740180577981	4.32739409964541
SEacademic	~1		4	4		2.63922411131193	0.0174469846741487	151.271074091243	0	2.60502864971178	2.67341957291209	2.63922411131193	3.68735606900462
SEwellness	~1		4	4		2.63892597755158	0.0172377247251736	153.090156596929	0	2.60514065791482	2.67271129718833	2.63892597755158	3.67444786896625
SEnonacad	~1		4	4		2.63512589945554	0.0179984655922499	146.408363865763	0	2.59984955511775	2.67040224379333	2.63512589945554	3.46089551240824
SEactivities	~1		4	4		2.62596186420364	0.0190733327545345	137.677137918088	0	2.5885788189396	2.66334490946767	2.62596186420364	3.36414148380028
SEdiverse	~1		4	4		2.64401547721903	0.0175335561210977	150.797445706839	0	2.60965033870077	2.6783806157373	2.64401547721903	3.56235156438346
sameinst	~1		4	4		2.81534558820121	0.0148793932886622	189.211047358124	0	2.78618251324362	2.84450866315879	2.81534558820121	4.48159736117756
evalexp	~1		4	4		2.82804941364098	0.0155275055826088	182.131598574885	0	2.79761606192932	2.85848276535264	2.82804941364098	4.33257019992891
MHWdacad	~1		4	4		4.06630194758306	0.0244386038390615	166.388471876764	0	4.01840316422605	4.11420073094006	4.06630194758306	3.9647555240811
MHWdlonely	~1		4	4		4.06685989435164	0.0244070884108515	166.626179489049	0	4.01902288009888	4.11469690860439	4.06685989435164	4.00746143940735
MHWdmental	~1		4	4		4.09024850667195	0.0239734333743204	170.615883123912	0	4.04326144067251	4.13723557267139	4.09024850667195	4.12363544461279
MHWdexhaust	~1		4	4		4.07923947215999	0.0243077893082898	167.816144052591	0	4.03159708057196	4.12688186374803	4.07923947215999	4.04488485113308
MHWdsleep	~1		4	4		4.07057194678456	0.0249496396765527	163.151532429145	0	4.02167155159126	4.11947234197785	4.07057194678456	3.99386460319237
MHWdfinancial	~1		4	4		4.07621933293146	0.0267584587585049	152.333860844503	0	4.023773717483	4.12866494837993	4.07621933293146	3.7246406834026
QIadmin	~1		4	4		4.63904325216798	0.0261641801061063	177.305126067577	0	4.58776240147499	4.69032410286097	4.63904325216798	4.23052644903835
QIstudent	~1		4	4		4.64008633811549	0.0262980475437979	176.442237028726	0	4.58854311206593	4.69162956416506	4.64008633811549	4.25544603143835
QIadvisor	~1		4	4		4.64754554812209	0.026043222107802	178.45509011459	0	4.59650177074942	4.69858932549476	4.64754554812209	4.32162141000701
QIfaculty	~1		4	4		4.64160199067307	0.0253190895747899	183.324205910417	0	4.59197748698513	4.691226494361	4.64160199067307	4.41124858178253
QIstaff	~1		4	4		4.66737857195196	0.0254455429833573	183.426173102482	0	4.61750622413751	4.7172509197664	4.66737857195196	4.40657335808731
Belong	~1		4	4		0	0	NA	NA	0	0	0	0
Gains	~1		4	4		0	0	NA	NA	0	0	0	0
SupportEnv	~1		4	4		0	0	NA	NA	0	0	0	0
Satisf	~1		4	4		0	0	NA	NA	0	0	0	0
DevAdj	~1		4	4		0	0	NA	NA	0	0	0	0
EmoDiss	~1		4	4		0	0	NA	NA	0	0	0	0
QualEngag	~1		4	4		0	0	NA	NA	0	0	0	0
Belong	=~	sbvalued	5	5		1	0	NA	NA	1	1	0.529931452605675	0.81746603276266
Belong	=~	sbmyself	5	5	.p2.	0.996551803040059	0.0131156477999175	75.9818972148923	0	0.970845605718308	1.02225800036181	0.528104144581823	0.746795250963558
Belong	=~	sbcommunity	5	5	.p3.	1.00719839468141	0.0126785230666547	79.4413031696416	0	0.98234894609361	1.03204784326922	0.533746108355626	0.87402366722667
Gains	=~	pganalyze	5	5		1	0	NA	NA	1	1	0.514412195918979	0.732853707888006
Gains	=~	pgthink	5	5	.p5.	1.00282818013337	0.021026426831142	47.6937041270414	0	0.961617140820769	1.04403921944598	0.515867046271843	0.806298084896723
Gains	=~	pgwork	5	5	.p6.	0.995911486846321	0.0207322210509564	48.0368931239222	0	0.955277080266924	1.03654589342572	0.512309014889552	0.755491288596572
Gains	=~	pgvalues	5	5	.p7.	0.984944707401685	0.0218946830166014	44.9855659775873	0	0.942031917236225	1.02785749756714	0.506667569793277	0.684592540294398
Gains	=~	pgprobsolve	5	5	.p8.	1.00367884938114	0.0211143476257754	47.5353947547917	0	0.962295488477556	1.04506221028471	0.516304640907584	0.79872654352053
SupportEnv	=~	SEacademic	5	5		1	0	NA	NA	1	1	0.60544434448516	0.820744641636601
SupportEnv	=~	SEwellness	5	5	.p10.	0.990106141225781	0.013892268992446	71.2702972973068	0	0.962877794337044	1.01733448811452	0.599454163645174	0.809244418145707
SupportEnv	=~	SEnonacad	5	5	.p11.	0.979368780261091	0.0153075094711936	63.9796292208155	0	0.949366613004546	1.00937094751764	0.592953289174406	0.787165621668651
SupportEnv	=~	SEactivities	5	5	.p12.	0.975313265276692	0.0151314250355149	64.4561409773064	0	0.945656217172316	1.00497031338107	0.590497900563128	0.744640180041749
SupportEnv	=~	SEdiverse	5	5	.p13.	0.985969194119481	0.014511338796382	67.9447436211266	0	0.957527492711113	1.01441089552785	0.59694947241623	0.772500535046
Satisf	=~	sameinst	5	5		1	0	NA	NA	1	1	0.517767341330196	0.831687627951658
Satisf	=~	evalexp	5	5	.p15.	1.01026308293642	0.0213117887510892	47.4039553758614	0	0.968492744538155	1.05203342133468	0.523081230496035	0.826903982582097
DevAdj	=~	Belong	5	5		1	0	NA	NA	1	1	0.219502101217852	0.219502101217852
DevAdj	=~	Gains	5	5	.p17.	0.487286178065713	0.0287185212071532	16.9676625948393	0	0.430998910810443	0.543573445320983	0.11018721715074	0.11018721715074
DevAdj	=~	SupportEnv	5	5	.p18.	0.978200435473059	0.0374019366905167	26.1537375341605	0	0.904893986607599	1.05150688433852	0.18793687606683	0.18793687606683
DevAdj	=~	Satisf	5	5	.p19.	0.931445782640661	0.0350856133895213	26.547798161592	0	0.862679244021703	1.00021232125962	0.209257631691388	0.209257631691388
EmoDiss	=~	MHWdacad	5	5		1	0	NA	NA	1	1	0.851118467124439	0.876419872206255
EmoDiss	=~	MHWdlonely	5	5	.p21.	1.00791830647868	0.00935739595299014	107.713546754062	0	0.989578147421735	1.02625846553562	0.857857883996792	0.889520882274466
EmoDiss	=~	MHWdmental	5	5	.p22.	1.01058362322483	0.00883681810596047	114.360577654438	0	0.993263777999221	1.02790346845045	0.860126384300183	0.926354219873462
EmoDiss	=~	MHWdexhaust	5	5	.p23.	1.01535972321443	0.00900187320696347	112.794270689015	0	0.997716375935384	1.03300307049347	0.864191411202159	0.922581553520688
EmoDiss	=~	MHWdsleep	5	5	.p24.	0.999981741760506	0.00943560522869866	105.979607828339	0	0.981488295339919	1.01847518818109	0.851102927199628	0.891103872311573
EmoDiss	=~	MHWdfinancial	5	5	.p25.	0.998359716065857	0.0109805782932627	90.9205043124568	0	0.97683817808164	1.01988125405007	0.849722391176763	0.80310617576748
QualEngag	=~	QIadmin	5	5		1	0	NA	NA	1	1	0.852915357972907	0.855829372757189
QualEngag	=~	QIstudent	5	5	.p27.	1.00777409920873	0.0099874376051669	100.90416972291	0	0.988199081204762	1.0273491172127	0.859546006582437	0.870212057309421
QualEngag	=~	QIadvisor	5	5	.p28.	1.01571526828581	0.0097923007820467	103.725905779776	0	0.996522711427213	1.0349078251444	0.866319151648537	0.901899768381316
QualEngag	=~	QIfaculty	5	5	.p29.	1.00760941964186	0.00921602647692446	109.3323052147	0	0.989546339666525	1.0256724996172	0.859405548850714	0.91447689455424
QualEngag	=~	QIstaff	5	5	.p30.	1.00368328698767	0.0096639443960631	103.85855359397	0	0.984742304022786	1.02262426995255	0.85605689001251	0.890688080962614
sbvalued	~~	sbvalued	5	5		0.13941514578203	0.0213659634389852	6.52510457486077	6.79540868020467e-11	0.0975386269466197	0.181291664617441	0.13941514578203	0.331749285279279
sbmyself	~~	sbmyself	5	5		0.221182063854941	0.0270887490190582	8.16508963552835	2.22044604925031e-16	0.168089091391342	0.27427503631854	0.221182063854941	0.442296853138276
sbcommunity	~~	sbcommunity	5	5		0.0880414305100113	0.0167835654878878	5.24569291152993	1.55696050274656e-07	0.0551462466215818	0.120936614398441	0.0880414305100113	0.236082629127643
pganalyze	~~	pganalyze	5	5		0.228086186806262	0.0248160709417692	9.19106764892254	0	0.179447581522603	0.276724792089921	0.228086186806262	0.462925442834801
pgthink	~~	pgthink	5	5		0.143221313142672	0.0165090700263263	8.67531077851651	0	0.110864130472823	0.175578495812522	0.143221313142672	0.349883398291877
pgwork	~~	pgwork	5	5		0.19737770263558	0.021142039683559	9.3357928369168	0	0.155940066296088	0.238815338975073	0.19737770263558	0.429232912854691
pgvalues	~~	pgvalues	5	5		0.291037347442475	0.0312093670866483	9.32532039609942	0	0.229868111972355	0.352206582912595	0.291037347442475	0.531333053773264
pgprobsolve	~~	pgprobsolve	5	5		0.151275107909764	0.0177632290567214	8.51619417993843	0	0.116459818709454	0.186090397110073	0.151275107909764	0.362035908675747
SEacademic	~~	SEacademic	5	5		0.17760432136111	0.0199118580729255	8.91952527537357	0	0.138577796672903	0.216630846049317	0.17760432136111	0.326378233224808
SEwellness	~~	SEwellness	5	5		0.189376913284409	0.0206269842868242	9.18102766022741	0	0.14894876697256	0.229805059596258	0.189376913284409	0.345123471700016
SEnonacad	~~	SEnonacad	5	5		0.215831738314728	0.0229076627845226	9.42181401677316	0	0.170933544287075	0.260729932342381	0.215831738314728	0.380370284063006
SEactivities	~~	SEactivities	5	5		0.280157476126685	0.0290982894618502	9.6279706232901	0	0.223125876769738	0.337189075483633	0.280157476126685	0.445511002267391
SEdiverse	~~	SEdiverse	5	5		0.2407932575969	0.0233715703847125	10.3028274794236	0	0.194985821380721	0.28660069381308	0.2407932575969	0.403242923353644
sameinst	~~	sameinst	5	5		0.119485794965566	0.0221169819093778	5.40244575209891	6.57383416591273e-08	0.076137306976462	0.162834282954671	0.119485794965566	0.308295689512144
evalexp	~~	evalexp	5	5		0.126540895780465	0.0227966959633056	5.55084368296836	2.84294210395331e-08	0.0818601927258767	0.171221598835054	0.126540895780465	0.316229803589866
MHWdacad	~~	MHWdacad	5	5		0.218692685898437	0.0250969506944555	8.71391463293393	0	0.169503566415527	0.267881805381347	0.218692685898437	0.231888207601972
MHWdlonely	~~	MHWdlonely	5	5		0.194155765342462	0.0221604656510832	8.76135765373556	0	0.150722050785702	0.237589479899222	0.194155765342462	0.208752599997655
MHWdmental	~~	MHWdmental	5	5		0.122307865446955	0.0172077152867047	7.1077341418738	1.17972298596669e-12	0.0885813632287942	0.156034367665115	0.122307865446955	0.141867859322629
MHWdexhaust	~~	MHWdexhaust	5	5		0.130598918665891	0.0172592919249049	7.56687581588667	3.81916720471054e-14	0.0967713280944141	0.164426509237367	0.130598918665891	0.148843277103354
MHWdsleep	~~	MHWdsleep	5	5		0.187860436512636	0.0247525867120547	7.58952745820082	3.21964677141295e-14	0.139346258032804	0.236374614992468	0.187860436512636	0.205933888751319
MHWdfinancial	~~	MHWdfinancial	5	5		0.397430862413724	0.0403771950351485	9.84295372840432	0	0.318293014348083	0.476568710479364	0.397430862413724	0.355020470444134
QIadmin	~~	QIadmin	5	5		0.265737182326923	0.0248580829373259	10.690172005497	0	0.217016235045055	0.314458129608792	0.265737182326923	0.267556084726037
QIstudent	~~	QIstudent	5	5		0.236817210936827	0.0254994696177085	9.28714261461992	0	0.186839168861245	0.286795253012409	0.236817210936827	0.242730975313305
QIadvisor	~~	QIadvisor	5	5		0.172146000994332	0.0206573900810601	8.33338579166228	0	0.131658260420859	0.212633741567805	0.172146000994332	0.186576807793728
QIfaculty	~~	QIfaculty	5	5		0.144605371164857	0.0175471664525525	8.24095283736379	2.22044604925031e-16	0.110213556887125	0.178997185442589	0.144605371164857	0.163732009326433
QIstaff	~~	QIstaff	5	5		0.190915582890383	0.0214810882952034	8.8876122227482	0	0.148813423483059	0.233017742297707	0.190915582890383	0.206674742431137
Belong	~~	Belong	5	5		0.267296753751696	0.0294368007320768	9.08036019894062	0	0.209601684496743	0.324991823006649	0.951818827560948	0.951818827560948
Gains	~~	Gains	5	5		0.261407098052019	0.0258323358434541	10.1193751752132	0	0.210776650162306	0.312037545941732	0.987858777176576	0.987858777176576
SupportEnv	~~	SupportEnv	5	5		0.353615755509468	0.0391356159146633	9.035650704477	0	0.276911357803936	0.430320153215001	0.964679730614241	0.964679730614241
Satisf	~~	Satisf	5	5		0.256343997695758	0.0320129741789189	8.00750334108491	1.11022302462516e-15	0.193599721267066	0.31908827412445	0.956211243578911	0.956211243578911
DevAdj	~~	DevAdj	5	5		0.013530590709065	0.0126160903160277	1.07248682992349	0.283501426252367	-0.0111964919360538	0.0382576733541838	1	1
EmoDiss	~~	EmoDiss	5	5		0.724402645080255	0.0664681770579611	10.8984882261562	0	0.59412741192862	0.85467787823189	1	1
QualEngag	~~	QualEngag	5	5		0.727464607866052	0.0675204287599062	10.7739927193416	0	0.595126999275933	0.85980221645617	1	1
DevAdj	~~	EmoDiss	5	5		-0.0800840191664573	0.0198357801405997	-4.03735162412604	5.40580134835711e-05	-0.118961433847288	-0.041206604485627	-0.808904904515874	-0.808904904515874
DevAdj	~~	QualEngag	5	5		0.0640592946608225	0.0191466307766611	3.34572152187256	0.000820687743589232	0.0265325879132806	0.101586001408364	0.645680750813702	0.645680750813702
EmoDiss	~~	QualEngag	5	5		0.0167368098114716	0.0483068166546224	0.346468903780892	0.728990349909918	-0.077942811039368	0.111416430662311	0.0230556161366496	0.0230556161366496
sbvalued	~1		5	5		2.48767693681062	0.0421994029604502	58.9505244693178	0	2.40496762683904	2.5703862467822	2.48767693681062	3.83746121565452
sbmyself	~1		5	5		2.44695651370337	0.0457447485974209	53.4915282896827	0	2.35729845397058	2.53661457343615	2.44695651370337	3.46025594098493
sbcommunity	~1		5	5		2.44999608928929	0.0392784160312892	62.3751244789917	0	2.37301180849818	2.5269803700804	2.44999608928929	4.01193476285709
pganalyze	~1		5	5		2.84654368566787	0.0472683482010303	60.2209257146377	0	2.75389942558516	2.93918794575059	2.84654368566787	4.05530839131865
pgthink	~1		5	5		2.90678458079477	0.0416946644753159	69.715984464047	0	2.82506454007567	2.98850462151387	2.90678458079477	4.54329241931668
pgwork	~1		5	5		2.89983557047064	0.045595259912054	63.5994964402869	0	2.81047050317727	2.989200637764	2.89983557047064	4.27632629561545
pgvalues	~1		5	5		2.9250421298974	0.0481122018489234	60.7962640970433	0	2.83074394705659	3.01934031273822	2.9250421298974	3.95222063056377
pgprobsolve	~1		5	5		2.8901482004319	0.0426870322130261	67.70553141312	0	2.80648315468747	2.97381324617633	2.8901482004319	4.47107753735309
SEacademic	~1		5	5		2.58091758558033	0.0486901511490515	53.0069741964768	0	2.48548664292637	2.67634852823428	2.58091758558033	3.498710159184
SEwellness	~1		5	5		2.59508660613874	0.0478437512719294	54.2408681833718	0	2.50131457676047	2.68885863551702	2.59508660613874	3.50328595242776
SEnonacad	~1		5	5		2.57449455685626	0.0482233663577797	53.3868692980809	0	2.47997849558173	2.66901061813079	2.57449455685626	3.41772892625652
SEactivities	~1		5	5		2.58413728324288	0.0537799373219297	48.0502100211476	0	2.47873054300108	2.68954402348468	2.58413728324288	3.25869482348966
SEdiverse	~1		5	5		2.56413997417229	0.0501992098020126	51.0792895801617	0	2.46575133090798	2.66252861743661	2.56413997417229	3.31820295269446
sameinst	~1		5	5		2.83240514063714	0.0412554994557189	68.6552139231102	0	2.75154584753972	2.91326443373456	2.83240514063714	4.54968114976626
evalexp	~1		5	5		2.83465790198339	0.0416855964827525	68.0008957807821	0	2.75295563420313	2.91636016976366	2.83465790198339	4.48112027683557
MHWdacad	~1		5	5		3.53879659965298	0.0657984026505099	53.7824089507067	0	3.40983410021772	3.66775909908825	3.53879659965298	3.64399526438467
MHWdlonely	~1		5	5		3.5875861308747	0.0639881056211129	56.0664532267537	0	3.46217174841838	3.71300051333103	3.5875861308747	3.72000169247525
MHWdmental	~1		5	5		3.61487454543826	0.0625114619677916	57.8273876765319	0	3.49235433136045	3.73739475951608	3.61487454543826	3.89321191699571
MHWdexhaust	~1		5	5		3.58803644140584	0.0622429169890247	57.6456987393204	0	3.46604256581464	3.71003031699705	3.58803644140584	3.83046648148958
MHWdsleep	~1		5	5		3.63460644488768	0.0617359166693914	58.873450674617	0	3.51360627166311	3.75560661811226	3.63460644488768	3.80542913654948
MHWdfinancial	~1		5	5		3.56466026888073	0.0738194759893178	48.2888861117974	0	3.41997675458405	3.70934378317741	3.56466026888073	3.36910113959272
QIadmin	~1		5	5		4.88294076908091	0.0678322331553844	71.9855523242981	0	4.74999203510543	5.01588950305638	4.88294076908091	4.89962350489855
QIstudent	~1		5	5		4.90801260994801	0.0665666527735421	73.7308007155614	0	4.77754436794048	5.03848085195553	4.90801260994801	4.96891582055627
QIadvisor	~1		5	5		4.94846957130829	0.0596592968405853	82.9454893598732	0	4.83153949815776	5.06539964445882	4.94846957130829	5.1517082956231
QIfaculty	~1		5	5		4.90214472823109	0.0596601263191813	82.1678570039333	0	4.78521302933238	5.01907642712979	4.90214472823109	5.21627780239865
QIstaff	~1		5	5		4.9603595212441	0.0639667774487618	77.5458717647205	0	4.83498694123744	5.08573210125076	4.9603595212441	5.16102744386179
Belong	~1		5	5		0	0	NA	NA	0	0	0	0
Gains	~1		5	5		0	0	NA	NA	0	0	0	0
SupportEnv	~1		5	5		0	0	NA	NA	0	0	0	0
Satisf	~1		5	5		0	0	NA	NA	0	0	0	0
DevAdj	~1		5	5		0	0	NA	NA	0	0	0	0
EmoDiss	~1		5	5		0	0	NA	NA	0	0	0	0
QualEngag	~1		5	5		0	0	NA	NA	0	0	0	0
