lhs	op	rhs	block	group	label	est	se	z	pvalue	ci.lower	ci.upper	std.lv	std.all
Belong	=~	sbvalued	1	1		1	0	NA	NA	1	1	0.722976668128163	0.886298703461611
Belong	=~	sbmyself	1	1	.p2.	0.996655119538082	0.0131146596197508	75.9955003359074	0	0.970950859013869	1.0223593800623	0.720558397596519	0.859731519771011
Belong	=~	sbcommunity	1	1	.p3.	1.00727129535805	0.0126778296687232	79.4513983606387	0	0.982423205805221	1.03211938491088	0.728233645019103	0.903115955237698
Gains	=~	pganalyze	1	1		1	0	NA	NA	1	1	0.537117324816613	0.727989974410399
Gains	=~	pgthink	1	1	.p5.	1.0028006623554	0.0210226662643136	47.700926692523	0	0.961596993618337	1.04400433109246	0.538621609088659	0.792627354388515
Gains	=~	pgwork	1	1	.p6.	0.995830424687345	0.0207266327646268	48.0459337508447	0	0.955206970947889	1.0364538784268	0.534877773679059	0.777117890453291
Gains	=~	pgvalues	1	1	.p7.	0.984855617672784	0.0218935536421615	44.9838173267678	0	0.941945041040552	1.02776619430502	0.528983014695019	0.710403380326134
Gains	=~	pgprobsolve	1	1	.p8.	1.00364935743107	0.0211130000541005	47.5370319167948	0	0.962268637719438	1.0450300771427	0.539077457917288	0.777188847691152
SupportEnv	=~	SEacademic	1	1		1	0	NA	NA	1	1	0.675082113314191	0.857063131767212
SupportEnv	=~	SEwellness	1	1	.p10.	0.990123947044838	0.0138941118341084	71.2621259182759	0	0.962891988252814	1.01735590583686	0.668414966614017	0.85303473435199
SupportEnv	=~	SEnonacad	1	1	.p11.	0.979370234476443	0.0153082943081426	63.9764440611457	0	0.949366528967744	1.00937393998514	0.661155327607372	0.791661137465958
SupportEnv	=~	SEactivities	1	1	.p12.	0.975220687200617	0.0151289421406364	64.4605999636397	0	0.945568505480779	1.00487286892045	0.65835404246311	0.780597819203743
SupportEnv	=~	SEdiverse	1	1	.p13.	0.98591108553527	0.0145108689325138	67.9429391940952	0	0.957470305043161	1.01435186602738	0.665570939163038	0.813990950164373
Satisf	=~	sameinst	1	1		1	0	NA	NA	1	1	0.633849015340059	0.884691017731642
Satisf	=~	evalexp	1	1	.p15.	1.00970898574809	0.021319595619375	47.3606068226961	0	0.967923346169158	1.05149462532702	0.640003046396437	0.879620190903986
DevAdj	=~	Belong	1	1		1	0	NA	NA	1	1	0.580861535501614	0.580861535501614
DevAdj	=~	Gains	1	1	.p17.	0.489854227302319	0.0290251893587764	16.8768658576968	0	0.432965901514662	0.546742553089976	0.382996318982977	0.382996318982977
DevAdj	=~	SupportEnv	1	1	.p18.	0.979922402121415	0.0375261144558302	26.1130792870875	0	0.90637256930826	1.05347223493457	0.60958179091899	0.60958179091899
DevAdj	=~	Satisf	1	1		0.941717860282746	0.0607629945739148	15.4982134584759	0	0.82262457932507	1.06081114124042	0.623924281718012	0.623924281718012
EmoDiss	=~	MHWdacad	1	1		1	0	NA	NA	1	1	1.2466972051963	0.9380587111421
EmoDiss	=~	MHWdlonely	1	1	.p21.	1.00792603235053	0.00935746131792004	107.713619977279	0	0.98958574518068	1.02626631952038	1.256578567576	0.949514621803986
EmoDiss	=~	MHWdmental	1	1	.p22.	1.01057430949833	0.00883677654687949	114.360061515327	0	0.993254545727023	1.02789407326965	1.25988016729475	0.964102657476467
EmoDiss	=~	MHWdexhaust	1	1	.p23.	1.01537920048497	0.00900246646932691	112.789001097039	0	0.997734690433062	1.03302371053688	1.26587041145906	0.958064718844006
EmoDiss	=~	MHWdsleep	1	1	.p24.	0.999983964653827	0.00943520363462957	105.984354273355	0	0.981491305343152	1.0184766239645	1.24667721397504	0.937270038149726
EmoDiss	=~	MHWdfinancial	1	1	.p25.	0.998375587697736	0.0109803593779394	90.9237624502133	0	0.976854478779668	1.0198966966158	1.24467205491898	0.906896889653895
QualEngag	=~	QIadmin	1	1		1	0	NA	NA	1	1	1.00548707792403	0.898548887551917
QualEngag	=~	QIstudent	1	1	.p27.	1.00780350005911	0.00998809188016353	100.900503534676	0	0.98822719969971	1.0273798004185	1.01333339639604	0.900221261982778
QualEngag	=~	QIadvisor	1	1	.p28.	1.01574935748739	0.00979272531723711	103.724890118124	0	0.996555968555108	1.03494274641966	1.0213228533632	0.926111354019084
QualEngag	=~	QIfaculty	1	1	.p29.	1.00766033187134	0.00921633925455134	109.334118899076	0	0.989596638863113	1.02572402487956	1.01318944263327	0.936658458183154
QualEngag	=~	QIstaff	1	1	.p30.	1.00372709127665	0.00966458746382515	103.856175448112	0	0.984784847922114	1.02266933463118	1.00923462004094	0.926587883737723
sbvalued	~~	sbvalued	1	1		0.142713224632685	0.010575512718415	13.4946861142893	0	0.121985600586546	0.163440848678824	0.142713224632685	0.214474608242267
sbmyself	~~	sbmyself	1	1		0.183241151673499	0.0130797395926932	14.0095412737318	0	0.157605333144658	0.208876970202341	0.183241151673499	0.260861713912228
sbcommunity	~~	sbcommunity	1	1		0.119886963819327	0.0102711293607981	11.6722280099889	0	0.0997559201916109	0.140018007447043	0.119886963819327	0.1843815713951
pganalyze	~~	pganalyze	1	1		0.255866633226483	0.013146715347128	19.4624000345743	0	0.230099544631112	0.281633721821853	0.255866633226483	0.470030597157947
pgthink	~~	pgthink	1	1		0.17166071657545	0.00997275098768423	17.2129753151804	0	0.152114483812803	0.191206949338097	0.17166071657545	0.371741877075064
pgwork	~~	pgwork	1	1		0.187640567342363	0.0105882608247108	17.7215664072468	0	0.166887957467014	0.208393177217713	0.187640567342363	0.396087784337427
pgvalues	~~	pgvalues	1	1		0.274641049822979	0.0139491414854727	19.6887421429486	0	0.247301234896199	0.301980864749759	0.274641049822979	0.495327037221202
pgprobsolve	~~	pgprobsolve	1	1		0.190510855532901	0.0108079838303803	17.6268634856199	0	0.169327596479864	0.211694114585937	0.190510855532901	0.3959774950245
SEacademic	~~	SEacademic	1	1		0.164686691956946	0.00990351723424324	16.6291114622905	0	0.145276154857558	0.184097229056335	0.164686691956946	0.265442788165379
SEwellness	~~	SEwellness	1	1		0.167208043303573	0.0101778280611768	16.4286567132516	0	0.147259866862825	0.187156219744321	0.167208043303573	0.272331741989031
SEnonacad	~~	SEnonacad	1	1		0.260348160796408	0.0150232219516268	17.3297153989138	0	0.230903186839467	0.289793134753348	0.260348160796408	0.373272643426105
SEactivities	~~	SEactivities	1	1		0.277888850993445	0.0148135375055534	18.7591148224567	0	0.248854850998927	0.306922850987963	0.277888850993445	0.39066704465436
SEdiverse	~~	SEdiverse	1	1		0.225589426195437	0.012330848619463	18.2947202708633	0	0.201421407002474	0.249757445388399	0.225589426195437	0.337418733050501
sameinst	~~	sameinst	1	1		0.111555684144622	0.0119611084071691	9.32653399226436	0	0.0881123424513913	0.134999025837853	0.111555684144622	0.217321803144952
evalexp	~~	evalexp	1	1		0.119783625832322	0.0125156030376719	9.57074345293422	0	0.0952534946336847	0.144313757030959	0.119783625832322	0.226268319754034
MHWdacad	~~	MHWdacad	1	1		0.212035753199577	0.0126652170706693	16.7415806627286	0	0.187212383884684	0.236859122514471	0.212035753199577	0.120045854450422
MHWdlonely	~~	MHWdlonely	1	1		0.172372544694576	0.0113100196357631	15.240693672142	0	0.15020531354404	0.194539775845112	0.172372544694576	0.0984219829804344
MHWdmental	~~	MHWdmental	1	1		0.120403303053989	0.00825788262804195	14.5804086201378	0	0.104218150514468	0.13658845559351	0.120403303053989	0.0705060658468137
MHWdexhaust	~~	MHWdexhaust	1	1		0.143349243066458	0.00980078670669801	14.6262996386291	0	0.124140054101171	0.162558432031745	0.143349243066458	0.0821119945063562
MHWdsleep	~~	MHWdsleep	1	1		0.215002624097855	0.0123032442963045	17.4752787898745	0	0.190888708384101	0.23911653981161	0.215002624097855	0.121524875586811
MHWdfinancial	~~	MHWdfinancial	1	1		0.334414772218799	0.0168601052094204	19.8346788507553	0	0.301369573232779	0.367459971204819	0.334414772218799	0.17753803153609
QIadmin	~~	QIadmin	1	1		0.241183816851047	0.0154393243099515	15.621397155029	0	0.210923297257908	0.271444336444186	0.241183816851047	0.192609896679213
QIstudent	~~	QIstudent	1	1		0.240241681808342	0.0144409163644873	16.6361798479173	0	0.211938005830192	0.268545357786492	0.240241681808342	0.189601679474135
QIadvisor	~~	QIadvisor	1	1		0.173084740772215	0.011489078741728	15.0651540182744	0	0.150566560222884	0.195602921321547	0.173084740772215	0.142317759956939
QIfaculty	~~	QIfaculty	1	1		0.143535874822807	0.00991876109888142	14.4711495106979	0	0.124095460297742	0.162976289347871	0.143535874822807	0.122670932713956
QIstaff	~~	QIstaff	1	1		0.167790595002288	0.0112105721918493	14.9671749247805	0	0.145818277260177	0.189762912744399	0.167790595002288	0.141434893710448
Belong	~~	Belong	1	1		0.346337816523176	0.0194322110327221	17.8228723401559	0	0.308251382759059	0.384424250287293	0.662599876574707	0.662599876574707
Gains	~~	Gains	1	1		0.246176787992382	0.01506086133927	16.3454654051223	0	0.216658042191261	0.275695533793503	0.85331381964549	0.85331381964549
SupportEnv	~~	SupportEnv	1	1		0.286388989916071	0.0177072185661439	16.1735728762983	0	0.25168347926005	0.321094500572092	0.628410040179996	0.628410040179996
Satisf	~~	Satisf	1	1		0.245365054394233	0.0168998785258136	14.51874663001	0	0.212241901140537	0.27848820764793	0.610718490682662	0.610718490682662
DevAdj	~~	DevAdj	1	1		0.176357446134524	0.0167738490269528	10.513832922375	0	0.143481306159584	0.209233586109464	1	1
EmoDiss	~~	EmoDiss	1	1		1.55425392144425	0.0687951069080942	22.5925068118672	0	1.41941798959181	1.6890898532967	1	1
QualEngag	~~	QualEngag	1	1		1.0110042638722	0.047904255242775	21.1046859772375	0	0.917113648890147	1.10489487885425	1	1
DevAdj	~~	EmoDiss	1	1		-0.462233724656413	0.0289377732199217	-15.973368826396	0	-0.518950717960247	-0.405516731352579	-0.882884194429486	-0.882884194429486
DevAdj	~~	QualEngag	1	1		0.268699168318458	0.0202399507225767	13.2756829303313	0	0.229029593853342	0.308368742783574	0.63634542784629	0.63634542784629
EmoDiss	~~	QualEngag	1	1		-0.462005652933881	0.0444029959659574	-10.4048306399885	0	-0.549033925832835	-0.374977380034927	-0.368561366920478	-0.368561366920478
sbvalued	~1		1	1		2.50528558429533	0.0277346859128606	90.3304112462879	0	2.45092659878359	2.55964456980707	2.50528558429533	3.07123516296987
sbmyself	~1		1	1		2.50080155865401	0.0288467921558946	86.6925356947531	0	2.44426288495895	2.55734023234908	2.50080155865401	2.98382189679405
sbcommunity	~1		1	1		2.49598901998415	0.0277633112430579	89.902425475573	0	2.44157392985618	2.55040411011212	2.49598901998415	3.0953905020231
pganalyze	~1		1	1		2.96258561907032	0.0240324281942279	123.274502065583	0	2.91548292534859	3.00968831279205	2.96258561907032	4.0153845898603
pgthink	~1		1	1		2.96531708734337	0.0222134634671933	133.491883952397	0	2.92177949897577	3.00885467571096	2.96531708734337	4.3637154510768
pgwork	~1		1	1		2.98663821515322	0.022168935498056	134.721769361236	0	2.94318790000144	3.030088530305	2.98663821515322	4.33925300979079
pgvalues	~1		1	1		2.9946680077695	0.0242135412448497	123.677407508762	0	2.94721033899142	3.04212567654758	2.9946680077695	4.02172133428618
pgprobsolve	~1		1	1		2.98406990262934	0.021857728876534	136.522413627016	0	2.94122954124749	3.02691026401118	2.98406990262934	4.30213843111611
SEacademic	~1		1	1		2.6401645296203	0.0262236254929189	100.678852751814	0	2.58876716811011	2.69156189113049	2.6401645296203	3.35187029179064
SEwellness	~1		1	1		2.62085783207853	0.0269979351102743	97.076232733115	0	2.56794285160544	2.67377281255161	2.62085783207853	3.34475270038718
SEnonacad	~1		1	1		2.63721243150338	0.0281471577512088	93.6937382741644	0	2.58204501604384	2.69237984696291	2.63721243150338	3.15777322829524
SEactivities	~1		1	1		2.65275414020611	0.0269831213548412	98.3116113707194	0	2.59986819416014	2.70564008625207	2.65275414020611	3.14531993907308
SEdiverse	~1		1	1		2.67210315825884	0.0270322919925498	98.8485607877897	0	2.61912083953387	2.72508547698381	2.67210315825884	3.26797289476537
sameinst	~1		1	1		2.88445509547117	0.0239218916661311	120.578051925343	0	2.83756904936349	2.93134114157886	2.88445509547117	4.02596115518859
evalexp	~1		1	1		2.8760624670182	0.0240010625594672	119.830630826956	0	2.82902124881095	2.92310368522545	2.8760624670182	3.95286027236077
MHWdacad	~1		1	1		4.1137927726129	0.0442760445235839	92.912382234634	0	4.02701331996878	4.20057222525702	4.1137927726129	3.09536199335214
MHWdlonely	~1		1	1		4.10983433540193	0.044321454538091	92.7278758838979	0	4.02296588076484	4.19670279003902	4.10983433540193	3.1055342621226
MHWdmental	~1		1	1		4.13090763290866	0.0438183768669905	94.2734060060672	0	4.04502519238836	4.21679007342897	4.13090763290866	3.1611093896562
MHWdexhaust	~1		1	1		4.1437976497403	0.044711706805517	92.6781361258389	0	4.05616431471418	4.23143098476643	4.1437976497403	3.13620280109792
MHWdsleep	~1		1	1		4.10887022840573	0.0430190601557506	95.5127846477713	0	4.02455441985169	4.19318603695976	4.10887022840573	3.08910832135191
MHWdfinancial	~1		1	1		4.12877585939041	0.0454538443395474	90.8344699855925	0	4.03968796152601	4.21786375725481	4.12877585939041	3.00832172632252
QIadmin	~1		1	1		4.89436579010024	0.0374126079702449	130.821294094035	0	4.82103842591085	4.96769315428964	4.89436579010024	4.37382740417378
QIstudent	~1		1	1		4.91734374668737	0.0379384218678802	129.613819041074	0	4.84298580619604	4.9917016871787	4.91734374668737	4.36845110305232
QIadvisor	~1		1	1		4.91140347440236	0.0360836780207645	136.111498156482	0	4.84068076505192	4.98212618375279	4.91140347440236	4.45354425080633
QIfaculty	~1		1	1		4.89763444827548	0.0361935793799826	135.317769951877	0	4.82669633621912	4.96857256033184	4.89763444827548	4.52769298419039
QIstaff	~1		1	1		4.90731692205686	0.0362344038820764	135.432528103058	0	4.83629879544671	4.97833504866701	4.90731692205686	4.50545424358761
Belong	~1		1	1		0	0	NA	NA	0	0	0	0
Gains	~1		1	1		0	0	NA	NA	0	0	0	0
SupportEnv	~1		1	1		0	0	NA	NA	0	0	0	0
Satisf	~1		1	1		0	0	NA	NA	0	0	0	0
DevAdj	~1		1	1		0	0	NA	NA	0	0	0	0
EmoDiss	~1		1	1		0	0	NA	NA	0	0	0	0
QualEngag	~1		1	1		0	0	NA	NA	0	0	0	0
Belong	=~	sbvalued	2	2		1	0	NA	NA	1	1	0.636316533136944	0.846555306573129
Belong	=~	sbmyself	2	2	.p2.	0.996655119538082	0.0131146596197508	75.9955003359073	0	0.970950859013869	1.0223593800623	0.634188130397659	0.830911288686522
Belong	=~	sbcommunity	2	2	.p3.	1.00727129535805	0.0126778296687232	79.4513983606388	0	0.982423205805221	1.03211938491088	0.640943378590594	0.864930187851379
Gains	=~	pganalyze	2	2		1	0	NA	NA	1	1	0.48235642430069	0.727325651391546
Gains	=~	pgthink	2	2	.p5.	1.0028006623554	0.0210226662643136	47.700926692523	0	0.961596993618338	1.04400433109246	0.483707341780112	0.775765568477024
Gains	=~	pgwork	2	2	.p6.	0.995830424687346	0.0207266327646268	48.0459337508447	0	0.95520697094789	1.0364538784268	0.480345202862025	0.721277344325969
Gains	=~	pgvalues	2	2	.p7.	0.984855617672786	0.0218935536421615	44.9838173267679	0	0.941945041040553	1.02776619430502	0.475051434193092	0.679914644957475
Gains	=~	pgprobsolve	2	2	.p8.	1.00364935743107	0.0211130000541005	47.5370319167948	0	0.962268637719438	1.0450300771427	0.484116715302134	0.725478696483283
SupportEnv	=~	SEacademic	2	2		1	0	NA	NA	1	1	0.565203024731002	0.800820476435703
SupportEnv	=~	SEwellness	2	2	.p10.	0.990123947044838	0.0138941118341084	71.262125918276	0	0.962891988252814	1.01735590583686	0.559621049728341	0.797004289539172
SupportEnv	=~	SEnonacad	2	2	.p11.	0.979370234476443	0.0153082943081427	63.9764440611457	0	0.949366528967744	1.00937393998514	0.553543018857596	0.750853920314499
SupportEnv	=~	SEactivities	2	2	.p12.	0.975220687200617	0.0151289421406364	64.4605999636398	0	0.945568505480779	1.00487286892045	0.551197682186035	0.71282309796248
SupportEnv	=~	SEdiverse	2	2	.p13.	0.985911085535269	0.0145108689325138	67.9429391940952	0	0.957470305043161	1.01435186602738	0.55723992766036	0.759295525160055
Satisf	=~	sameinst	2	2		1	0	NA	NA	1	1	0.525697931371164	0.833103595015698
Satisf	=~	evalexp	2	2	.p15.	1.00970898574809	0.021319595619375	47.3606068226961	0	0.967923346169158	1.05149462532702	0.530801925094647	0.829350630570715
DevAdj	=~	Belong	2	2		1	0	NA	NA	1	1	0.274614657759747	0.274614657759747
DevAdj	=~	Gains	2	2	.p17.	0.489854227302319	0.0290251893587764	16.8768658576968	0	0.432965901514662	0.546742553089976	0.177458054074971	0.177458054074971
DevAdj	=~	SupportEnv	2	2	.p18.	0.979922402121415	0.0375261144558302	26.1130792870875	0	0.90637256930826	1.05347223493457	0.302959189787873	0.302959189787873
DevAdj	=~	Satisf	2	2		1.5860745700766	0.288922236689582	5.48962443406764	4.02789270825821e-08	1.01979739183227	2.15235174832094	0.527210748368774	0.527210748368774
EmoDiss	=~	MHWdacad	2	2		1	0	NA	NA	1	1	0.922765328324231	0.892075632954388
EmoDiss	=~	MHWdlonely	2	2	.p21.	1.00792603235053	0.00935746131792003	107.713619977279	0	0.98958574518068	1.02626631952038	0.930079196168476	0.915184436398028
EmoDiss	=~	MHWdmental	2	2	.p22.	1.01057430949833	0.00883677654687948	114.360061515327	0	0.993254545727023	1.02789407326965	0.932522934500264	0.93773111805857
EmoDiss	=~	MHWdexhaust	2	2	.p23.	1.01537920048497	0.0090024664693269	112.78900109704	0	0.997734690433063	1.03302371053688	0.936956721309111	0.917822541050831
EmoDiss	=~	MHWdsleep	2	2	.p24.	0.999983964653827	0.00943520363462957	105.984354273355	0	0.981491305343152	1.0184766239645	0.922750531462755	0.911494982803055
EmoDiss	=~	MHWdfinancial	2	2	.p25.	0.998375587697737	0.0109803593779394	90.9237624502133	0	0.976854478779669	1.0198966966158	0.921266376972799	0.8400988987452
QualEngag	=~	QIadmin	2	2		1	0	NA	NA	1	1	0.954970266278712	0.88323561431785
QualEngag	=~	QIstudent	2	2	.p27.	1.00780350005911	0.00998809188016352	100.900503534676	0	0.988227199699711	1.02737980041851	0.962422376808064	0.904000809384222
QualEngag	=~	QIadvisor	2	2	.p28.	1.01574935748739	0.0097927253172371	103.724890118124	0	0.996555968555108	1.03494274641966	0.970010434392159	0.921606296978622
QualEngag	=~	QIfaculty	2	2	.p29.	1.00766033187134	0.00921633925455134	109.334118899076	0	0.989596638863114	1.02572402487956	0.962285655445665	0.930197611695079
QualEngag	=~	QIstaff	2	2	.p30.	1.00372709127665	0.00966458746382516	103.856175448112	0	0.984784847922116	1.02266933463118	0.958529527627619	0.91784966322895
sbvalued	~~	sbvalued	2	2		0.160084740299856	0.01872701876249	8.54833021369661	0	0.12338045798757	0.196789022612143	0.160084740299856	0.283344112912875
sbmyself	~~	sbmyself	2	2		0.180346956170501	0.0201639007067553	8.94405099456185	0	0.140826436997419	0.219867475343583	0.180346956170501	0.309586430333303
sbcommunity	~~	sbcommunity	2	2		0.138324177082361	0.0180242483791156	7.67433815673752	1.66533453693773e-14	0.10299729941089	0.173651054753832	0.138324177082361	0.251895770143378
pganalyze	~~	pganalyze	2	2		0.207155673372798	0.0177252726986803	11.6870232066005	0	0.172414777267234	0.241896569478362	0.207155673372798	0.470997396827863
pgthink	~~	pgthink	2	2		0.15480760410276	0.013813630500101	11.2068731027392	0	0.127733385826818	0.181881822378702	0.15480760410276	0.39818778276552
pgwork	~~	pgwork	2	2		0.212777380261054	0.0185866374914972	11.4478684139825	0	0.176348240184018	0.249206520338091	0.212777380261054	0.479758992562078
pgvalues	~~	pgvalues	2	2		0.262497696121716	0.0235217099840769	11.1598049758889	0	0.216395991698129	0.308599400545303	0.262497696121716	0.537716075572351
pgprobsolve	~~	pgprobsolve	2	2		0.210929091453396	0.018292259974808	11.5310569467024	0	0.175076920706929	0.246781262199863	0.210929091453396	0.473680660948916
SEacademic	~~	SEacademic	2	2		0.17867085911493	0.0164514134042568	10.8605172531072	0	0.146426681347807	0.210915036882053	0.17867085911493	0.358686564521293
SEwellness	~~	SEwellness	2	2		0.179846810664926	0.0171436850272584	10.4905573322754	0	0.146245805449201	0.213447815880651	0.179846810664926	0.364784162456159
SEnonacad	~~	SEnonacad	2	2		0.23708049289897	0.0213525607450986	11.1031410110092	0	0.195230242860873	0.278930742937067	0.23708049289897	0.436218390348348
SEactivities	~~	SEactivities	2	2		0.294112345511208	0.0228583556594116	12.8667324060168	0	0.249310791672954	0.338913899349462	0.294112345511208	0.491883231011173
SEdiverse	~~	SEdiverse	2	2		0.228079228741408	0.0197115404940505	11.5708474845103	0	0.189445319293266	0.266713138189549	0.228079228741408	0.423470305471915
sameinst	~~	sameinst	2	2		0.121817171157828	0.019169364595696	6.35478398617233	2.0871970818348e-10	0.0842459069437465	0.159388435371909	0.121817171157828	0.30593839997192
evalexp	~~	evalexp	2	2		0.127876359073084	0.0200332433412877	6.38320799555887	1.73416170312635e-10	0.0886119236306334	0.167140794515535	0.127876359073084	0.312177531571957
MHWdacad	~~	MHWdacad	2	2		0.218492827895863	0.0202299057665959	10.8004866862328	0	0.178842941182696	0.25814271460903	0.218492827895863	0.204201065089028
MHWdlonely	~~	MHWdlonely	2	2		0.167767860012956	0.0174029091973796	9.64021923634565	0	0.133658784759871	0.201876935266041	0.167767860012956	0.162437447374825
MHWdmental	~~	MHWdmental	2	2		0.119323770674388	0.0116587335943364	10.2347111467024	0	0.0964730727241417	0.142174468624635	0.119323770674388	0.120660350224625
MHWdexhaust	~~	MHWdexhaust	2	2		0.164241442217734	0.0153221202194426	10.7192372769223	0	0.134210638420834	0.194272246014635	0.164241442217734	0.157601783138995
MHWdsleep	~~	MHWdsleep	2	2		0.173380837435848	0.0168071357935088	10.3159062654096	0	0.140439456597296	0.206322218274399	0.173380837435848	0.169176896324859
MHWdfinancial	~~	MHWdfinancial	2	2		0.353836175144688	0.0288525685795818	12.2635935919788	0	0.297286179867236	0.41038617042214	0.353836175144688	0.294233840327101
QIadmin	~~	QIadmin	2	2		0.257064207511823	0.0232870382243662	11.038939560929	0	0.211422451285458	0.302705963738188	0.257064207511823	0.21989484960057
QIstudent	~~	QIstudent	2	2		0.207170772532841	0.0184255829209319	11.2436482157365	0	0.171057293613659	0.243284251452024	0.207170772532841	0.182782536632671
QIadvisor	~~	QIadvisor	2	2		0.16688124751479	0.0162894120646758	10.2447680034246	0	0.134954586538693	0.198807908490887	0.16688124751479	0.150641833369352
QIfaculty	~~	QIfaculty	2	2		0.144188173315363	0.0148827838013374	9.68825289946137	0	0.115018453075046	0.173357893555681	0.144188173315363	0.134732403196771
QIstaff	~~	QIstaff	2	2		0.171827153174362	0.0190555989678836	9.01714784531097	0	0.134478865493471	0.209175440855252	0.171827153174362	0.157551995710502
Belong	~~	Belong	2	2		0.37436401725944	0.0360408031904601	10.3872273678555	0	0.303725341032242	0.445002693486638	0.924586789743497	0.924586789743497
Gains	~~	Gains	2	2		0.22534069690878	0.0199235019623174	11.3102956164524	0	0.186291350616724	0.264390043200835	0.968508639043925	0.968508639043925
SupportEnv	~~	SupportEnv	2	2		0.290133564616116	0.0250672301854416	11.5742171141277	0	0.241002696260475	0.339264432971757	0.908215729323075	0.908215729323075
Satisf	~~	Satisf	2	2		0.199544197158002	0.0270864133619559	7.36694794144547	1.74527059471075e-13	0.146455802498204	0.2526325918178	0.722048826804437	0.722048826804437
DevAdj	~~	DevAdj	2	2		0.0305347130839793	0.01041547991179	2.93166645633053	0.00337148633080342	0.0101207475751704	0.0509486785927882	1	1
EmoDiss	~~	EmoDiss	2	2		0.851495851157326	0.0621967072319656	13.6903686553957	0	0.729592545025691	0.97339915728896	1	1
QualEngag	~~	QualEngag	2	2		0.911968209476433	0.0661639916356097	13.7834521003356	0	0.782289168797229	1.04164725015564	1	1
DevAdj	~~	EmoDiss	2	2		-0.117386723781942	0.023030331679447	-5.09704877097803	3.44989471878776e-07	-0.16252534442567	-0.0722481031382139	-0.727999015335339	-0.727999015335339
DevAdj	~~	QualEngag	2	2		0.106610251226427	0.0188466293676438	5.65672774408443	1.54286208253751e-08	0.0696715364358702	0.143548966016984	0.638869559024552	0.638869559024552
EmoDiss	~~	QualEngag	2	2		-0.0237187780283262	0.0475179884330021	-0.49915366391758	0.61767113466693	-0.116852323974801	0.0694147679181489	-0.0269160417300333	-0.0269160417300333
sbvalued	~1		2	2		2.9096917268647	0.0404394689301916	71.9517788892712	0	2.8304318242076	2.9889516295218	2.9096917268647	3.87105291721083
sbmyself	~1		2	2		2.90205350872712	0.0412111562172988	70.4191237301165	0	2.82128112677996	2.98282589067428	2.90205350872712	3.80226135620308
sbcommunity	~1		2	2		2.85752920920213	0.0396123760652991	72.1372836734568	0	2.77989037877209	2.93516803963218	2.85752920920213	3.85613356540302
pganalyze	~1		2	2		2.9805164194454	0.0344068259469272	86.6257301397945	0	2.91308027976708	3.04795255912371	2.9805164194454	4.4941995940018
pgthink	~1		2	2		3.04968757726057	0.0318303535245832	95.8106725049486	0	2.98730123073721	3.11207392378394	3.04968757726057	4.89106203834787
pgwork	~1		2	2		3.00359161047344	0.0358511773408554	83.7794413811508	0	2.933324594082	3.07385862686487	3.00359161047344	4.51013680855751
pgvalues	~1		2	2		2.99719160872144	0.0375274870326359	79.8665683666728	0	2.92363908570718	3.0707441317357	2.99719160872144	4.2897133275153
pgprobsolve	~1		2	2		3.01937108329045	0.0352886322546316	85.5621453816522	0	2.9502066350077	3.08853553157321	3.01937108329045	4.52471341820496
SEacademic	~1		2	2		2.91227472301496	0.0375123471746073	77.6350973043437	0	2.83875187357717	2.98579757245275	2.91227472301496	4.12632121405661
SEwellness	~1		2	2		2.89892689084453	0.035626760978815	81.3693642419064	0	2.82909972244024	2.96875405924883	2.89892689084453	4.12861018752801
SEnonacad	~1		2	2		2.86564582103639	0.0402378313442637	71.217700489838	0	2.78678112078563	2.94451052128714	2.86564582103639	3.88710782298127
SEactivities	~1		2	2		2.84952056322589	0.0421836443056017	67.550364842411	0	2.76684213965026	2.93219898680151	2.84952056322589	3.6850736881381
SEdiverse	~1		2	2		2.87172724972715	0.039430301438734	72.8304665433304	0	2.79444527900767	2.94900922044662	2.87172724972715	3.91301761048076
sameinst	~1		2	2		3.14627618401928	0.0337955747308186	93.0972829750443	0	3.08003807471004	3.21251429332852	3.14627618401928	4.98608391511451
evalexp	~1		2	2		3.13715253542913	0.0344810506240585	90.9819300355148	0	3.06957091805688	3.20473415280139	3.13715253542913	4.90163903039866
MHWdacad	~1		2	2		3.2076217766937	0.0556954904308363	57.592127331691	0	3.09846062134797	3.31678293203944	3.2076217766937	3.10094141911333
MHWdlonely	~1		2	2		3.18439826768988	0.0532119794323831	59.8436348667751	0	3.08010470445632	3.28869183092344	3.18439826768988	3.13340169943411
MHWdmental	~1		2	2		3.2372090715737	0.0527963759508184	61.3149863655276	0	3.13373007619586	3.34068806695154	3.2372090715737	3.2552890334037
MHWdexhaust	~1		2	2		3.21842579893522	0.053557077593751	60.0933796901335	0	3.11345585573425	3.32339574213619	3.21842579893522	3.15270030918295
MHWdsleep	~1		2	2		3.22713376874716	0.0537735552424821	60.0133979275684	0	3.12173953715122	3.3325280003431	3.22713376874716	3.18776975872821
MHWdfinancial	~1		2	2		3.19050365288102	0.0590648890824473	54.0169244782205	0	3.07473859752858	3.30626870823347	3.19050365288102	2.90940673861912
QIadmin	~1		2	2		5.21157459398161	0.0591178588500784	88.1556723358004	0	5.09570571979233	5.32744346817089	5.21157459398161	4.82009592404967
QIstudent	~1		2	2		5.22820934540109	0.0588936119062994	88.7737935604841	0	5.11277998714527	5.34363870365692	5.22820934540109	4.91084329891397
QIadvisor	~1		2	2		5.21270822586914	0.056098860645144	92.9200373398377	0	5.10275647943092	5.32265997230735	5.21270822586914	4.95259077113294
QIfaculty	~1		2	2		5.21104089064164	0.0570198196795205	91.3899924610471	0	5.09928409766481	5.32279768361847	5.21104089064164	5.03727532826551
QIstaff	~1		2	2		5.21299113737776	0.0527898966133584	98.7497887248867	0	5.10952484126798	5.31645743348753	5.21299113737776	4.99175249373904
Belong	~1		2	2		0	0	NA	NA	0	0	0	0
Gains	~1		2	2		0	0	NA	NA	0	0	0	0
SupportEnv	~1		2	2		0	0	NA	NA	0	0	0	0
Satisf	~1		2	2		0	0	NA	NA	0	0	0	0
DevAdj	~1		2	2		0	0	NA	NA	0	0	0	0
EmoDiss	~1		2	2		0	0	NA	NA	0	0	0	0
QualEngag	~1		2	2		0	0	NA	NA	0	0	0	0
Belong	=~	sbvalued	3	3		1	0	NA	NA	1	1	0.744226121435755	0.887342524570771
Belong	=~	sbmyself	3	3	.p2.	0.996655119538082	0.0131146596197508	75.9955003359073	0	0.970950859013868	1.0223593800623	0.741736774022915	0.861649205854918
Belong	=~	sbcommunity	3	3	.p3.	1.00727129535805	0.0126778296687232	79.4513983606388	0	0.982423205805221	1.03211938491088	0.749637609377891	0.905173115111089
Gains	=~	pganalyze	3	3		1	0	NA	NA	1	1	0.531705297429456	0.733967699373587
Gains	=~	pgthink	3	3	.p5.	1.0028006623554	0.0210226662643136	47.700926692523	0	0.961596993618338	1.04400433109246	0.533194424440132	0.783202174295136
Gains	=~	pgwork	3	3	.p6.	0.995830424687345	0.0207266327646268	48.0459337508447	0	0.955206970947889	1.0364538784268	0.529488312147686	0.74713629405548
Gains	=~	pgvalues	3	3	.p7.	0.984855617672785	0.0218935536421615	44.9838173267678	0	0.941945041040553	1.02776619430502	0.523652949119779	0.711367135513792
Gains	=~	pgprobsolve	3	3	.p8.	1.00364935743107	0.0211130000541005	47.5370319167949	0	0.962268637719439	1.0450300771427	0.533645680107768	0.771801121392142
SupportEnv	=~	SEacademic	3	3		1	0	NA	NA	1	1	0.714910131654	0.873657179073594
SupportEnv	=~	SEwellness	3	3	.p10.	0.990123947044838	0.0138941118341084	71.262125918276	0	0.962891988252814	1.01735590583686	0.707849641335603	0.848444929481931
SupportEnv	=~	SEnonacad	3	3	.p11.	0.979370234476443	0.0153082943081427	63.9764440611456	0	0.949366528967744	1.00937393998514	0.700161703267562	0.819370194601032
SupportEnv	=~	SEactivities	3	3	.p12.	0.975220687200616	0.0151289421406364	64.4605999636397	0	0.945568505480779	1.00487286892045	0.697195149878297	0.800215005485345
SupportEnv	=~	SEdiverse	3	3	.p13.	0.98591108553527	0.0145108689325138	67.9429391940952	0	0.957470305043161	1.01435186602738	0.704837823959158	0.835233687003738
Satisf	=~	sameinst	3	3		1	0	NA	NA	1	1	0.650545645770553	0.89785460927976
Satisf	=~	evalexp	3	3	.p15.	1.00970898574809	0.0213195956193749	47.3606068226961	0	0.967923346169158	1.05149462532702	0.656861784173821	0.893319486518295
DevAdj	=~	Belong	3	3		1	0	NA	NA	1	1	0.675893442577314	0.675893442577314
DevAdj	=~	Gains	3	3	.p17.	0.489854227302319	0.0290251893587764	16.8768658576968	0	0.432965901514662	0.546742553089976	0.463424526799142	0.463424526799142
DevAdj	=~	SupportEnv	3	3	.p18.	0.979922402121415	0.0375261144558303	26.1130792870875	0	0.90637256930826	1.05347223493457	0.689482704535361	0.689482704535361
DevAdj	=~	Satisf	3	3		0.911565351136413	0.0414431444007778	21.9955643886738	0	0.830338280704796	0.992792421568031	0.704844275542344	0.704844275542344
EmoDiss	=~	MHWdacad	3	3		1	0	NA	NA	1	1	0.973267751967602	0.894249919202333
EmoDiss	=~	MHWdlonely	3	3	.p21.	1.00792603235053	0.00935746131792003	107.713619977279	0	0.98958574518068	1.02626631952038	0.980981903655425	0.927641460892718
EmoDiss	=~	MHWdmental	3	3	.p22.	1.01057430949833	0.00883677654687949	114.360061515327	0	0.993254545727023	1.02789407326965	0.983559386401656	0.940392465796828
EmoDiss	=~	MHWdexhaust	3	3	.p23.	1.01537920048497	0.00900246646932691	112.789001097039	0	0.997734690433063	1.03302371053688	0.988235831850671	0.928610156076459
EmoDiss	=~	MHWdsleep	3	3	.p24.	0.999983964653826	0.00943520363462957	105.984354273355	0	0.981491305343151	1.0184766239645	0.97325214528228	0.912898256967979
EmoDiss	=~	MHWdfinancial	3	3	.p25.	0.998375587697735	0.0109803593779394	90.9237624502131	0	0.976854478779667	1.0198966966158	0.971686763857908	0.855257773439688
QualEngag	=~	QIadmin	3	3		1	0	NA	NA	1	1	1.12602882413489	0.911630757037628
QualEngag	=~	QIstudent	3	3	.p27.	1.00780350005911	0.00998809188016353	100.900503534676	0	0.98822719969971	1.0273798004185	1.13481579013058	0.929974296915762
QualEngag	=~	QIadvisor	3	3	.p28.	1.01574935748738	0.0097927253172371	103.724890118123	0	0.996555968555106	1.03494274641966	1.14376305462728	0.941026477863254
QualEngag	=~	QIfaculty	3	3	.p29.	1.00766033187134	0.00921633925455134	109.334118899076	0	0.989596638863115	1.02572402487956	1.13465457862445	0.949381552154672
QualEngag	=~	QIstaff	3	3	.p30.	1.00372709127665	0.00966458746382515	103.856175448112	0	0.984784847922113	1.02266933463118	1.13022563634257	0.934730649270658
sbvalued	~~	sbvalued	3	3		0.1495677527853	0.00895285435862505	16.7061527859223	0	0.132020480683563	0.167115024887038	0.1495677527853	0.212623244088371
sbmyself	~~	sbmyself	3	3		0.190861417017937	0.0099097138008049	19.2600332213867	0	0.17143873487126	0.210284099164614	0.190861417017937	0.257560646049589
sbcommunity	~~	sbcommunity	3	3		0.123909718316168	0.00823574813598868	15.0453506190537	0	0.107767948583887	0.140051488048448	0.123909718316168	0.180661631680087
pganalyze	~~	pganalyze	3	3		0.242082531513622	0.0101608934093345	23.8249257974923	0	0.222167546380577	0.261997516646668	0.242082531513622	0.461291416276244
pgthink	~~	pgthink	3	3		0.179175628756553	0.00877168449615781	20.4265929577193	0	0.161983443060335	0.19636781445277	0.179175628756553	0.386594354179371
pgwork	~~	pgwork	3	3		0.221884197183471	0.0100399970553396	22.100026121568	0	0.202206164550118	0.241562229816825	0.221884197183471	0.441787358105043
pgvalues	~~	pgvalues	3	3		0.267663085505592	0.0114417451915315	23.3935541322577	0	0.245237677009906	0.290088494001278	0.267663085505592	0.493956798510902
pgprobsolve	~~	pgprobsolve	3	3		0.193296354702766	0.00876691734151547	22.0483833909802	0	0.176113512457956	0.210479196947576	0.193296354702766	0.404323029017832
SEacademic	~~	SEacademic	3	3		0.15851176606239	0.00764120815468376	20.7443329449452	0	0.143535273280837	0.173488258843944	0.15851176606239	0.23672313345317
SEwellness	~~	SEwellness	3	3		0.194989714209658	0.00915064652642757	21.3088456259912	0	0.177054776582603	0.212924651836712	0.194989714209658	0.280141201636402
SEnonacad	~~	SEnonacad	3	3		0.239964429890288	0.0104930209042917	22.8689556686333	0	0.219398486828851	0.260530372951726	0.239964429890288	0.328632484199466
SEactivities	~~	SEactivities	3	3		0.273012527768458	0.0119202039938355	22.9033435929155	0	0.24964935725217	0.296375698284746	0.273012527768458	0.359655944996089
SEdiverse	~~	SEdiverse	3	3		0.215338753639128	0.00962129342278762	22.3814766036662	0	0.196481365045772	0.234196142232484	0.215338753639128	0.302384688094142
sameinst	~~	sameinst	3	3		0.101771278117154	0.00993381343499808	10.2449355207941	0	0.0823013615554176	0.12124119467889	0.101771278117154	0.193857100595089
evalexp	~~	evalexp	3	3		0.109205214985324	0.0103535755829388	10.547584659089	0	0.0889125797315508	0.129497850239097	0.109205214985324	0.20198029500669
MHWdacad	~~	MHWdacad	3	3		0.237282021539269	0.0106285787836117	22.3249059324033	0	0.216450389916544	0.258113653161995	0.237282021539269	0.200317082006621
MHWdlonely	~~	MHWdlonely	3	3		0.155983168652102	0.0077020594336242	20.2521377556683	0	0.140887409555412	0.171078927748792	0.155983168652102	0.139481320032824
MHWdmental	~~	MHWdmental	3	3		0.126524208454153	0.00657299223585792	19.2491035914998	0	0.11364138040121	0.139407036507096	0.126524208454153	0.115662010272562
MHWdexhaust	~~	MHWdexhaust	3	3		0.155931988387466	0.00766918521129296	20.3322757361309	0	0.140900661582565	0.170963315192367	0.155931988387466	0.137683178031654
MHWdsleep	~~	MHWdsleep	3	3		0.189375896166358	0.0089162955398333	21.2393022775352	0	0.17190027803277	0.206851514299947	0.189375896166358	0.166616772424826
MHWdfinancial	~~	MHWdfinancial	3	3		0.346623515345287	0.0154063888338577	22.4986866866253	0	0.316427548099106	0.376819482591468	0.346623515345287	0.268534140970987
QIadmin	~~	QIadmin	3	3		0.257730740218608	0.011907027457254	21.6452629460927	0	0.23439339523946	0.281068085197755	0.257730740218608	0.168929362823001
QIstudent	~~	QIstudent	3	3		0.201241642051168	0.00950952148011477	21.1621207725312	0	0.182603322439933	0.219879961662403	0.201241642051168	0.135147807076034
QIadvisor	~~	QIadvisor	3	3		0.169105201899558	0.00864996038789719	19.5498238507734	0	0.152151591071581	0.186058812727534	0.169105201899558	0.114469167960279
QIfaculty	~~	QIfaculty	3	3		0.140945572712336	0.00759442450716268	18.5590853631376	0	0.126060774194989	0.155830371229684	0.140945572712336	0.0986746684283862
QIstaff	~~	QIstaff	3	3		0.184623570520687	0.00940808948225838	19.6239173605701	0	0.166184053972131	0.203063087069244	0.184623570520687	0.126278613314053
Belong	~~	Belong	3	3		0.300845858914305	0.0151429549444008	19.8670510490785	0	0.271166212603767	0.330525505224844	0.543168054280987	0.543168054280987
Gains	~~	Gains	3	3		0.221994963343967	0.012099831588894	18.3469465432667	0	0.198279729210735	0.245710197477199	0.785237707960992	0.785237707960992
SupportEnv	~~	SupportEnv	3	3		0.26812817296805	0.0146353513364039	18.320583278456	0	0.239443411447609	0.296812934488492	0.524613600146604	0.524613600146604
Satisf	~~	Satisf	3	3		0.212956781792034	0.0121099234018915	17.5853120391143	0	0.189221768068788	0.23669179551528	0.503194547235188	0.503194547235188
DevAdj	~~	DevAdj	3	3		0.253026660913001	0.0161604847188191	15.6571207680638	0	0.221352692891406	0.284700628934597	1	1
EmoDiss	~~	EmoDiss	3	3		0.94725011702007	0.0341908735158087	27.7047650327534	0	0.880237236329121	1.01426299771102	1	1
QualEngag	~~	QualEngag	3	3		1.26794091278259	0.0447098481490984	28.3593204914108	0	1.1803112206561	1.35557060490908	1	1
DevAdj	~~	EmoDiss	3	3		-0.318604310038485	0.0164634385650169	-19.3522336649335	0	-0.350872056687606	-0.286336563389364	-0.650782956565405	-0.650782956565405
DevAdj	~~	QualEngag	3	3		0.40928540837424	0.0193955269570408	21.102051482322	0	0.371270874077264	0.447299942671215	0.72259276985611	0.72259276985611
EmoDiss	~~	QualEngag	3	3		-0.365251477114153	0.0286444657445382	-12.7512057781632	0	-0.42139359832984	-0.309109355898467	-0.333280680529403	-0.333280680529403
sbvalued	~1		3	3		2.92236219359644	0.0221479885314349	131.947070021672	0	2.87895293374482	2.96577145344806	2.92236219359644	3.48433919730389
sbmyself	~1		3	3		2.88568666250259	0.0225826945897101	127.783097408467	0	2.8414253944329	2.92994793057229	2.88568666250259	3.35219947044809
sbcommunity	~1		3	3		2.92217667394554	0.0219396201517623	133.191762379296	0	2.8791758086136	2.96517753927748	2.92217667394554	3.52847259765334
pganalyze	~1		3	3		2.89587043700716	0.0195217186950534	148.340957179192	0	2.85760857144853	2.93413230256579	2.89587043700716	3.99746884714108
pgthink	~1		3	3		2.87315025244581	0.0184681451236605	155.573298412349	0	2.83695335314217	2.90934715174944	2.87315025244581	4.22033206208974
pgwork	~1		3	3		2.87871018500638	0.019029525277001	151.275985244128	0	2.84141300082056	2.91600736919219	2.87871018500638	4.06201385364202
pgvalues	~1		3	3		2.90026017013363	0.0197875642850309	146.569841965221	0	2.8614772567932	2.93904308347406	2.90026017013363	3.9399181708815
pgprobsolve	~1		3	3		2.89530658125757	0.0186553819474556	155.199533808122	0	2.85874270452272	2.93187045799242	2.89530658125757	4.18742425824073
SEacademic	~1		3	3		2.83447098869293	0.0215691549109908	131.413168498716	0	2.79219622189043	2.87674575549544	2.83447098869293	3.46387023837272
SEwellness	~1		3	3		2.87141601097507	0.0221800025459054	129.459679052434	0	2.82794400480809	2.91488801714205	2.87141601097507	3.4417455525558
SEnonacad	~1		3	3		2.83591969219488	0.0227867271029267	124.454893385309	0	2.7912585277476	2.88058085664216	2.83591969219488	3.31875916552185
SEactivities	~1		3	3		2.82381637294164	0.0230512117437722	122.501862562802	0	2.77863682812383	2.86899591775944	2.82381637294164	3.2410727968454
SEdiverse	~1		3	3		2.81868063592547	0.0230640367352581	122.211071213589	0	2.77347595458625	2.86388531726468	2.81868063592547	3.34014001519658
sameinst	~1		3	3		3.04655903122744	0.019228902995462	158.43644496758	0	3.00887107389412	3.08424698856076	3.04655903122744	4.20472734913239
evalexp	~1		3	3		3.03794980832594	0.0196216029530636	154.826790430575	0	2.99949217321899	3.07640744343289	3.03794980832594	4.13155374270324
MHWdacad	~1		3	3		3.24477077929604	0.0293690902025327	110.482509227208	0	3.18720842024036	3.30233313835171	3.24477077929604	2.981333760776
MHWdlonely	~1		3	3		3.21964117093366	0.0285059404088569	112.94632363482	0	3.16377055438685	3.27551178748046	3.21964117093366	3.04457465344266
MHWdmental	~1		3	3		3.20831928658563	0.0276166283954797	116.17346044714	0	3.15419168955606	3.2624468836152	3.20831928658563	3.06751104883838
MHWdexhaust	~1		3	3		3.19749892405805	0.0282358839417152	113.242387971928	0	3.14215760846064	3.25284023965547	3.19749892405805	3.00457631592185
MHWdsleep	~1		3	3		3.20568152031347	0.0288455137870728	111.132758597287	0	3.14914535217526	3.26221768845169	3.20568152031347	3.00688889973096
MHWdfinancial	~1		3	3		3.21371451042962	0.0302620636621424	106.196145322698	0	3.15440195555396	3.27302706530528	3.21371451042962	2.82864233505478
QIadmin	~1		3	3		5.04959213847589	0.0330168644862123	152.939784472404	0	4.98488027320047	5.1143040037513	5.04959213847589	4.0881400238282
QIstudent	~1		3	3		5.03825796697276	0.0323649040395206	155.670412642675	0	4.9748239206922	5.10169201325331	5.03825796697276	4.12882024665571
QIadvisor	~1		3	3		5.0502848609265	0.0328795637225847	153.599509517138	0	4.98584210020284	5.11472762165015	5.0502848609265	4.15510166695536
QIfaculty	~1		3	3		5.05514946240554	0.0318233122933807	158.850512347736	0	4.99277691644174	5.11752200836933	5.05514946240554	4.22971513393142
QIstaff	~1		3	3		5.04546584279777	0.0326867147915479	154.35830351793	0	4.9814010590334	5.10953062656214	5.04546584279777	4.17275224650967
Belong	~1		3	3		0	0	NA	NA	0	0	0	0
Gains	~1		3	3		0	0	NA	NA	0	0	0	0
SupportEnv	~1		3	3		0	0	NA	NA	0	0	0	0
Satisf	~1		3	3		0	0	NA	NA	0	0	0	0
DevAdj	~1		3	3		0	0	NA	NA	0	0	0	0
EmoDiss	~1		3	3		0	0	NA	NA	0	0	0	0
QualEngag	~1		3	3		0	0	NA	NA	0	0	0	0
Belong	=~	sbvalued	4	4		1	0	NA	NA	1	1	0.6257255918196	0.854051921810963
Belong	=~	sbmyself	4	4	.p2.	0.996655119538082	0.0131146596197508	75.9955003359073	0	0.970950859013869	1.0223593800623	0.623632614513001	0.821773399654802
Belong	=~	sbcommunity	4	4	.p3.	1.00727129535805	0.0126778296687232	79.4513983606388	0	0.982423205805222	1.03211938491088	0.630275427410813	0.869099742386515
Gains	=~	pganalyze	4	4		1	0	NA	NA	1	1	0.496716173891188	0.707868182337509
Gains	=~	pgthink	4	4	.p5.	1.0028006623554	0.0210226662643135	47.7009266925231	0	0.961596993618338	1.04400433109246	0.498107308180722	0.756848691389087
Gains	=~	pgwork	4	4	.p6.	0.995830424687346	0.0207266327646268	48.0459337508447	0	0.95520697094789	1.0364538784268	0.494645078395135	0.73794630138107
Gains	=~	pgvalues	4	4	.p7.	0.984855617672785	0.0218935536421615	44.9838173267678	0	0.941945041040553	1.02776619430502	0.489193714245668	0.67978561404121
Gains	=~	pgprobsolve	4	4	.p8.	1.00364935743107	0.0211130000541005	47.5370319167948	0	0.962268637719439	1.0450300771427	0.498528868751509	0.746927747488823
SupportEnv	=~	SEacademic	4	4		1	0	NA	NA	1	1	0.589728847382809	0.822858871127534
SupportEnv	=~	SEwellness	4	4	.p10.	0.990123947044838	0.0138941118341084	71.2621259182759	0	0.962891988252814	1.01735590583686	0.58390465405687	0.811949777648683
SupportEnv	=~	SEnonacad	4	4	.p11.	0.979370234476443	0.0153082943081426	63.9764440611457	0	0.949366528967744	1.00937393998514	0.577562879538824	0.757685843637813
SupportEnv	=~	SEactivities	4	4	.p12.	0.975220687200617	0.0151289421406364	64.4605999636397	0	0.945568505480779	1.00487286892045	0.57511577180669	0.736032618382241
SupportEnv	=~	SEdiverse	4	4	.p13.	0.98591108553527	0.0145108689325138	67.9429391940951	0	0.957470305043161	1.01435186602738	0.581420208094648	0.782440666511319
Satisf	=~	sameinst	4	4		1	0	NA	NA	1	1	0.541206032380213	0.864399176763788
Satisf	=~	evalexp	4	4	.p15.	1.00970898574809	0.021319595619375	47.3606068226961	0	0.967923346169158	1.05149462532702	0.546460594035374	0.839758902261605
DevAdj	=~	Belong	4	4		1	0	NA	NA	1	1	0.444656082487943	0.444656082487943
DevAdj	=~	Gains	4	4	.p17.	0.489854227302319	0.0290251893587764	16.8768658576968	0	0.432965901514662	0.546742553089976	0.274389010698423	0.274389010698423
DevAdj	=~	SupportEnv	4	4	.p18.	0.979922402121415	0.0375261144558303	26.1130792870875	0	0.90637256930826	1.05347223493457	0.462325096537166	0.462325096537166
DevAdj	=~	Satisf	4	4		0.889521315890299	0.070652678114379	12.5900580081375	0	0.751044611374815	1.02799802040578	0.457300721083975	0.457300721083975
EmoDiss	=~	MHWdacad	4	4		1	0	NA	NA	1	1	0.917072466052723	0.894169958091574
EmoDiss	=~	MHWdlonely	4	4	.p21.	1.00792603235053	0.00935746131792004	107.713619977279	0	0.989585745180681	1.02626631952038	0.924341212086438	0.910836599772498
EmoDiss	=~	MHWdmental	4	4	.p22.	1.01057430949833	0.00883677654687949	114.360061515327	0	0.993254545727023	1.02789407326965	0.926769874141166	0.934342199979788
EmoDiss	=~	MHWdexhaust	4	4	.p23.	1.01537920048497	0.00900246646932691	112.789001097039	0	0.997734690433063	1.03302371053688	0.931176307367397	0.923328560075271
EmoDiss	=~	MHWdsleep	4	4	.p24.	0.999983964653828	0.00943520363462958	105.984354273355	0	0.981491305343153	1.0184766239645	0.917057760478266	0.89976986593497
EmoDiss	=~	MHWdfinancial	4	4	.p25.	0.998375587697735	0.0109803593779394	90.9237624502132	0	0.976854478779667	1.0198966966158	0.915582762256799	0.836609649338262
QualEngag	=~	QIadmin	4	4		1	0	NA	NA	1	1	0.969985337615097	0.884590687277303
QualEngag	=~	QIstudent	4	4	.p27.	1.00780350005911	0.00998809188016352	100.900503534676	0	0.988227199699712	1.02737980041851	0.977554618254512	0.896518562100191
QualEngag	=~	QIadvisor	4	4	.p28.	1.01574935748738	0.0097927253172371	103.724890118123	0	0.996555968555106	1.03494274641966	0.985261983454718	0.916164022817026
QualEngag	=~	QIfaculty	4	4	.p29.	1.00766033187134	0.00921633925455134	109.334118899076	0	0.989596638863116	1.02572402487956	0.977415747211562	0.928897097314164
QualEngag	=~	QIstaff	4	4	.p30.	1.00372709127665	0.00966458746382516	103.856175448112	0	0.984784847922115	1.02266933463118	0.9736005615054	0.919198006352998
sbvalued	~~	sbvalued	4	4		0.145251143389068	0.00794951856113963	18.2716905774789	0	0.129670373314802	0.160831913463335	0.145251143389068	0.270595314851002
sbmyself	~~	sbmyself	4	4		0.186990851971375	0.00943399765531886	19.820955951367	0	0.168500556336714	0.205481147606035	0.186990851971375	0.324688479619789
sbcommunity	~~	sbcommunity	4	4		0.128675092070095	0.00775692806187641	16.5884085869643	0	0.113471792438149	0.143878391702041	0.128675092070095	0.244665637783693
pganalyze	~~	pganalyze	4	4		0.245665984972741	0.00918307141588203	26.7520499239355	0	0.227667495730153	0.263664474215329	0.245665984972741	0.498922636434191
pgthink	~~	pgthink	4	4		0.18502851761198	0.00766476637182249	24.1401379554358	0	0.170005851573294	0.200051183650666	0.18502851761198	0.427180058342627
pgwork	~~	pgwork	4	4		0.20462774160667	0.0081012519828204	25.2587800059306	0	0.188749579490658	0.220505903722682	0.20462774160667	0.455435256277998
pgvalues	~~	pgvalues	4	4		0.278555984736256	0.0105332930764784	26.4452894943454	0	0.257911109667753	0.299200859804759	0.278555984736256	0.537891518942615
pgprobsolve	~~	pgprobsolve	4	4		0.196944071500602	0.00841065505041896	23.4160205501225	0	0.180459490515391	0.213428652485813	0.196944071500602	0.442098940031273
SEacademic	~~	SEacademic	4	4		0.165854205328289	0.00738739490594895	22.450973237498	0	0.151375177373055	0.180333233283524	0.165854205328289	0.322903278206721
SEwellness	~~	SEwellness	4	4		0.176216084304811	0.00756741717542987	23.2861596261608	0	0.161384219184978	0.191047949424643	0.176216084304811	0.340737558576255
SEnonacad	~~	SEnonacad	4	4		0.247480076569823	0.0092248039983784	26.8276785732604	0	0.22939979296856	0.265560360171086	0.247480076569823	0.425912162350856
SEactivities	~~	SEactivities	4	4		0.279785097538209	0.0102940324382917	27.1793487358234	0	0.25960916470347	0.299961030372948	0.279785097538209	0.458255984677383
SEdiverse	~~	SEdiverse	4	4		0.21412640097202	0.00851036565762891	25.1606581416478	0	0.197446390787801	0.23080641115624	0.21412640097202	0.387786603389323
sameinst	~~	sameinst	4	4		0.0991055090971535	0.00881380068373969	11.2443556024577	0	0.0818307771901093	0.116380241004198	0.0991055090971535	0.252814063210085
evalexp	~~	evalexp	4	4		0.124836990772599	0.00960210860992379	13.0009975770926	0	0.106017203721507	0.143656777823692	0.124836990772599	0.294804986072384
MHWdacad	~~	MHWdacad	4	4		0.210860422476532	0.00874248297196771	24.1190544096734	0	0.193725470716021	0.227995374237044	0.210860422476532	0.200460086046512
MHWdlonely	~~	MHWdlonely	4	4		0.175466357017947	0.00780803377079798	22.4725407405627	0	0.16016289203711	0.190769821998783	0.175466357017947	0.170376688514875
MHWdmental	~~	MHWdmental	4	4		0.124954390570814	0.00614495501146604	20.3344679233059	0	0.112910500061722	0.136998281079906	0.124954390570814	0.12700465333693
MHWdexhaust	~~	MHWdexhaust	4	4		0.14998174302864	0.00702290300512689	21.356089201168	0	0.136217106071674	0.163746379985607	0.14998174302864	0.147464370149328
MHWdsleep	~~	MHWdsleep	4	4		0.197801599109392	0.00893451859475915	22.1390326755176	0	0.180290264444461	0.215312933774323	0.197801599109392	0.190414188355366
MHWdfinancial	~~	MHWdfinancial	4	4		0.359412140539311	0.0134819067425072	26.6588508141892	0	0.332988088881069	0.385836192197553	0.359412140539311	0.300084294634111
QIadmin	~~	QIadmin	4	4		0.2615191575679	0.0107522034623918	24.3223780579135	0	0.240445226027165	0.282593089108635	0.2615191575679	0.217499315982268
QIstudent	~~	QIstudent	4	4		0.233336696070459	0.0101602972901111	22.9655382522677	0	0.213422879309621	0.253250512831296	0.233336696070459	0.196254467809805
QIadvisor	~~	QIadvisor	4	4		0.185789042908898	0.0083136715538131	22.3474119354264	0	0.169494546084129	0.202083539733666	0.185789042908898	0.160643483295724
QIfaculty	~~	QIfaculty	4	4		0.151851764250221	0.00724701188289087	20.9537070870161	0	0.137647881964221	0.16605564653622	0.151851764250221	0.137150182601321
QIstaff	~~	QIstaff	4	4		0.173974398678072	0.00774830870907476	22.4532094951657	0	0.158787992667188	0.189160804688957	0.173974398678072	0.155075025116675
Belong	~~	Belong	4	4		0.31411908626693	0.0142847586912775	21.9898069722898	0	0.286121473704181	0.34211669882968	0.802280968306476	0.802280968306476
Gains	~~	Gains	4	4		0.228151050288473	0.0108172634771761	21.0913833031673	0	0.206949603461927	0.249352497115018	0.924710670807941	0.924710670807941
SupportEnv	~~	SupportEnv	4	4		0.273444028757069	0.0127647430495548	21.4218200629276	0	0.248425592108033	0.298462465406104	0.7862555051119	0.7862555051119
Satisf	~~	Satisf	4	4		0.231650734560708	0.0121161158194521	19.1192241814658	0	0.207903583922066	0.255397885199351	0.790876050496077	0.790876050496077
DevAdj	~~	DevAdj	4	4		0.0774134299910587	0.00798245882879763	9.69794290849092	0	0.0617680981785416	0.0930587618035759	1	1
EmoDiss	~~	EmoDiss	4	4		0.841021907992023	0.0297467118131588	28.2727688786089	0	0.78271942417974	0.899324391804306	1	1
QualEngag	~~	QualEngag	4	4		0.940871555188274	0.0332304443242028	28.3135412216865	0	0.875741081122573	1.00600202925397	1	1
DevAdj	~~	EmoDiss	4	4		-0.169535783505868	0.0112165145683426	-15.1148364737442	0	-0.191519748091888	-0.147551818919848	-0.664430512147117	-0.664430512147117
DevAdj	~~	QualEngag	4	4		0.139486497008717	0.0113715616920452	12.2662568947142	0	0.117198645644333	0.161774348373101	0.516843243293125	0.516843243293125
EmoDiss	~~	QualEngag	4	4		-0.181617371249312	0.0226664218554776	-8.01261762475411	1.11022302462516e-15	-0.226042741744439	-0.137192000754184	-0.204168416927466	-0.204168416927466
sbvalued	~1		4	4		2.69860110580792	0.0173613903531178	155.436923594273	0	2.66457340599427	2.73262880562157	2.69860110580792	3.68331660195371
sbmyself	~1		4	4		2.68111947403078	0.0179078992634378	149.717140720396	0	2.64602063643567	2.71621831162589	2.68111947403078	3.53296574582701
sbcommunity	~1		4	4		2.68914093797557	0.0171589997322633	156.718980123259	0	2.6555099164896	2.72277195946153	2.68914093797557	3.70811171559804
pganalyze	~1		4	4		2.87907887780125	0.0166223831718479	173.204939871518	0	2.8464996054472	2.91165815015529	2.87907887780125	4.10296350140984
pgthink	~1		4	4		2.8786516016237	0.0158188699670681	181.975805327214	0	2.84764718621212	2.90965601703527	2.8786516016237	4.37396452907196
pgwork	~1		4	4		2.90208757500588	0.0160560825288822	180.746926891134	0	2.87061823151647	2.93355691849529	2.90208757500588	4.32953826045914
pgvalues	~1		4	4		2.87760071752381	0.017355148156515	165.806750341315	0	2.84358525219068	2.91161618285693	2.87760071752381	3.99872589071124
pgprobsolve	~1		4	4		2.8874019015128	0.0162963482091576	177.180915899321	0	2.85546164594333	2.91934215708227	2.8874019015128	4.32608968823206
SEacademic	~1		4	4		2.6392238451191	0.0174469848608475	151.271057215264	0	2.60502838315303	2.67341930708518	2.6392238451191	3.68255472576172
SEwellness	~1		4	4		2.63892569830358	0.0172377243049551	153.090144129118	0	2.60514037949044	2.67271101711673	2.63892569830358	3.66956337662673
SEnonacad	~1		4	4		2.63512560843355	0.0179984652694307	146.408350322466	0	2.59984926472847	2.67040195213863	2.63512560843355	3.45693506361045
SEactivities	~1		4	4		2.62596156431203	0.0190733324442836	137.67712443449	0	2.58857851965607	2.66334460896798	2.62596156431203	3.36070311527009
SEdiverse	~1		4	4		2.6440152129737	0.0175335559110925	150.797432442154	0	2.60965007486704	2.67838035108037	2.6440152129737	3.55815810441944
sameinst	~1		4	4		2.81534615360549	0.014879392513972	189.211095208479	0	2.78618308016627	2.84450922704471	2.81534615360549	4.49659233615493
evalexp	~1		4	4		2.82804971198068	0.0155275049459977	182.131625255713	0	2.79761636151676	2.85848306244461	2.82804971198068	4.34593079097743
MHWdacad	~1		4	4		4.06630327223505	0.024438588155647	166.388632859524	0	4.01840451961698	4.11420202485313	4.06630327223505	3.96475345309627
MHWdlonely	~1		4	4		4.06685841940667	0.0244071045915434	166.626008593242	0	4.01902137344035	4.114695465373	4.06685841940667	4.00744167419221
MHWdmental	~1		4	4		4.09024836005021	0.0239734684813316	170.615627156134	0	4.04326122524229	4.13723549485812	4.09024836005021	4.12366840768813
MHWdexhaust	~1		4	4		4.07924162574164	0.0243078163235492	167.81604614108	0	4.03159918120467	4.12688407027861	4.07924162574164	4.04486268249635
MHWdsleep	~1		4	4		4.07057056595503	0.024949618243857	163.151617237962	0	4.02167021276905	4.11947091914101	4.07057056595503	3.99383429294364
MHWdfinancial	~1		4	4		4.07621927129515	0.0267584275743081	152.334036070524	0	4.02377371696658	4.12866482562371	4.07621927129515	3.72462710719713
QIadmin	~1		4	4		4.6390475176113	0.0261641921916087	177.305207194554	0	4.58776664323116	4.69032839199143	4.6390475176113	4.23063944657711
QIstudent	~1		4	4		4.64008774855054	0.0262980325952334	176.442390956332	0	4.58854455179962	4.69163094530146	4.64008774855054	4.25543976640105
QIadvisor	~1		4	4		4.64754816629203	0.0260431566582845	178.455639125206	0	4.59650451719806	4.69859181538601	4.64754816629203	4.32160835977459
QIfaculty	~1		4	4		4.64159596039071	0.0253194319804192	183.321488569739	0	4.59197078560008	4.69122113518134	4.64159596039071	4.41118840863
QIstaff	~1		4	4		4.66737867589003	0.0254454738950536	183.426675216976	0	4.61750646348617	4.71725088829389	4.66737867589003	4.40657631414977
Belong	~1		4	4		0	0	NA	NA	0	0	0	0
Gains	~1		4	4		0	0	NA	NA	0	0	0	0
SupportEnv	~1		4	4		0	0	NA	NA	0	0	0	0
Satisf	~1		4	4		0	0	NA	NA	0	0	0	0
DevAdj	~1		4	4		0	0	NA	NA	0	0	0	0
EmoDiss	~1		4	4		0	0	NA	NA	0	0	0	0
QualEngag	~1		4	4		0	0	NA	NA	0	0	0	0
Belong	=~	sbvalued	5	5		1	0	NA	NA	1	1	0.526651915290603	0.815571459169954
Belong	=~	sbmyself	5	5	.p2.	0.996655119538082	0.0131146596197508	75.9955003359073	0	0.970950859013869	1.0223593800623	0.524890327588916	0.744613410511016
Belong	=~	sbcommunity	5	5	.p3.	1.00727129535805	0.0126778296687232	79.4513983606389	0	0.982423205805221	1.03211938491088	0.530481356917565	0.873134936569924
Gains	=~	pganalyze	5	5		1	0	NA	NA	1	1	0.515078287053768	0.733397742606315
Gains	=~	pgthink	5	5	.p5.	1.0028006623554	0.0210226662643135	47.7009266925231	0	0.961596993618338	1.04400433109246	0.516520847422402	0.806648484918926
Gains	=~	pgwork	5	5	.p6.	0.995830424687346	0.0207266327646268	48.0459337508447	0	0.955206970947889	1.0364538784268	0.512930629343984	0.755895702128785
Gains	=~	pgvalues	5	5	.p7.	0.984855617672785	0.0218935536421615	44.9838173267678	0	0.941945041040553	1.02776619430502	0.507277744546179	0.684965075507897
Gains	=~	pgprobsolve	5	5	.p8.	1.00364935743107	0.0211130000541005	47.5370319167948	0	0.96226863771944	1.0450300771427	0.51695799182821	0.799052660271713
SupportEnv	=~	SEacademic	5	5		1	0	NA	NA	1	1	0.602427075639728	0.819533024365336
SupportEnv	=~	SEwellness	5	5	.p10.	0.990123947044838	0.0138941118341084	71.2621259182759	0	0.962891988252814	1.01735590583686	0.596477473939087	0.807686977822908
SupportEnv	=~	SEnonacad	5	5	.p11.	0.979370234476443	0.0153082943081426	63.9764440611457	0	0.949366528967744	1.00937393998514	0.589999146324239	0.785696951183731
SupportEnv	=~	SEactivities	5	5	.p12.	0.975220687200617	0.0151289421406364	64.4605999636397	0	0.945568505480779	1.00487286892045	0.587499346693634	0.742945248938897
SupportEnv	=~	SEdiverse	5	5	.p13.	0.98591108553527	0.0145108689325138	67.9429391940952	0	0.957470305043161	1.01435186602738	0.593939532099803	0.770929143521572
Satisf	=~	sameinst	5	5		1	0	NA	NA	1	1	0.523406327190499	0.834161876869767
Satisf	=~	evalexp	5	5	.p15.	1.00970898574809	0.021319595619375	47.360606822696	0	0.967923346169158	1.05149462532702	0.528488071761652	0.829859357858277
DevAdj	=~	Belong	5	5		1	0	NA	NA	1	1	0.188672641922305	0.188672641922305
DevAdj	=~	Gains	5	5	.p17.	0.489854227302319	0.0290251893587764	16.8768658576968	0	0.432965901514662	0.546742553089976	0.0944987831570452	0.0944987831570452
DevAdj	=~	SupportEnv	5	5	.p18.	0.979922402121415	0.0375261144558302	26.1130792870875	0	0.90637256930826	1.05347223493457	0.161629192155698	0.161629192155698
DevAdj	=~	Satisf	5	5		1.3152399737794	0.59401129400073	2.21416661107758	0.0268173197853836	0.15099923112794	2.47948071643087	0.249688551673146	0.249688551673146
EmoDiss	=~	MHWdacad	5	5		1	0	NA	NA	1	1	0.851114303472808	0.876466397764943
EmoDiss	=~	MHWdlonely	5	5	.p21.	1.00792603235053	0.00935746131792004	107.713619977279	0	0.98958574518068	1.02626631952038	0.857860262976133	0.889525297374166
EmoDiss	=~	MHWdmental	5	5	.p22.	1.01057430949833	0.00883677654687948	114.360061515327	0	0.993254545727023	1.02789407326965	0.860114249536189	0.926276504264585
EmoDiss	=~	MHWdexhaust	5	5	.p23.	1.01537920048497	0.00900246646932691	112.789001097039	0	0.997734690433064	1.03302371053688	0.864203760981545	0.922650981284854
EmoDiss	=~	MHWdsleep	5	5	.p24.	0.999983964653826	0.00943520363462956	105.984354273355	0	0.981491305343151	1.0184766239645	0.851100655560319	0.891021332554097
EmoDiss	=~	MHWdfinancial	5	5	.p25.	0.998375587697736	0.0109803593779394	90.9237624502133	0	0.976854478779668	1.0198966966158	0.849731742927614	0.803167140792859
QualEngag	=~	QIadmin	5	5		1	0	NA	NA	1	1	0.852894735609206	0.855770567685794
QualEngag	=~	QIstudent	5	5	.p27.	1.00780350005911	0.00998809188016352	100.900503534676	0	0.98822719969971	1.0273798004185	0.859550299728945	0.870198451152679
QualEngag	=~	QIadvisor	5	5	.p28.	1.01574935748739	0.00979272531723712	103.724890118123	0	0.996555968555107	1.03494274641966	0.866327279699424	0.901804841675518
QualEngag	=~	QIfaculty	5	5	.p29.	1.00766033187134	0.00921633925455135	109.334118899076	0	0.989596638863114	1.02572402487956	0.859428192335289	0.914615537854948
QualEngag	=~	QIstaff	5	5	.p30.	1.00372709127665	0.00966458746382515	103.856175448112	0	0.984784847922114	1.02266933463118	0.856073552138194	0.890701645669203
sbvalued	~~	sbvalued	5	5		0.139625510661761	0.021385970206691	6.52883686418289	6.62823129715662e-11	0.0977097792822003	0.181541242041322	0.139625510661761	0.334843194987392
sbmyself	~~	sbmyself	5	5		0.221397507612265	0.0271399563950214	8.15762208272664	4.44089209850063e-16	0.168204170536035	0.274590844688494	0.221397507612265	0.445550868887153
sbcommunity	~~	sbcommunity	5	5		0.0877179805657995	0.0167071105640303	5.25033818562573	1.51820220173349e-07	0.0549726455745714	0.120463315557028	0.0877179805657995	0.237635382541034
pganalyze	~~	pganalyze	5	5		0.227944646460133	0.0248088092351048	9.18805269128308	0	0.179320273860003	0.276569019060263	0.227944646460133	0.462127751139962
pgthink	~~	pgthink	5	5		0.143228124659347	0.0165122911056009	8.67403098354808	0	0.110864628790129	0.175591620528566	0.143228124659347	0.349318221778
pgwork	~~	pgwork	5	5		0.197363871937689	0.0211338554279072	9.33875376459094	0	0.155942276444515	0.238785467430864	0.197363871937689	0.428621687503231
pgvalues	~~	pgvalues	5	5		0.291141668717629	0.031200855898322	9.33120776130014	0	0.229989114870094	0.352294222565164	0.291141668717629	0.530822845334462
pgprobsolve	~~	pgprobsolve	5	5		0.151316344367541	0.0177690930342027	8.51570443557702	0	0.116489561982562	0.186143126752519	0.151316344367541	0.361514846112698
SEacademic	~~	SEacademic	5	5		0.177432728214045	0.0199109907997594	8.91129577620966	0	0.138407903350008	0.216457553078082	0.177432728214045	0.328365621974605
SEwellness	~~	SEwellness	5	5		0.189598044932057	0.0206517998225128	9.18070321044724	0	0.149121261064002	0.230074828800113	0.189598044932057	0.347641745855298
SEnonacad	~~	SEnonacad	5	5		0.215788719281003	0.0228887725226771	9.4277104229687	0	0.170927549486226	0.26064988907578	0.215788719281003	0.38268030090059
SEactivities	~~	SEactivities	5	5		0.280162843431636	0.0291352547470349	9.61593937874005	0	0.223058793447048	0.337266893416224	0.280162843431636	0.44803235707912
SEdiverse	~~	SEdiverse	5	5		0.240783410907009	0.023370550649185	10.3028556973862	0	0.194977973335737	0.28658884847828	0.240783410907009	0.405668255669095
sameinst	~~	sameinst	5	5		0.119756555901361	0.0221356834360428	5.41011332436954	6.29848793121113e-08	0.0763714135935374	0.163141698209185	0.119756555901361	0.304173963177109
evalexp	~~	evalexp	5	5		0.126266216319925	0.0228231155332153	5.53238299723649	3.15909165493622e-08	0.0815337318598258	0.170998700780023	0.126266216319925	0.311333446175049
MHWdacad	~~	MHWdacad	5	5		0.218590425002898	0.0250914761098321	8.71174035541267	0	0.169412035508679	0.267768814497116	0.218590425002898	0.231806653588944
MHWdlonely	~~	MHWdlonely	5	5		0.194147609426662	0.022154536518693	8.763334284283	0	0.150725515755846	0.237569703097478	0.194147609426662	0.208744745331402
MHWdmental	~~	MHWdmental	5	5		0.122449082890056	0.0172251101722986	7.10875469969291	1.17084120176969e-12	0.0886884873226159	0.156209678457495	0.122449082890056	0.14201183764738
MHWdexhaust	~~	MHWdexhaust	5	5		0.130470603255794	0.0172351401575204	7.57003436371037	3.73034936274053e-14	0.0966903492785538	0.164250857233034	0.130470603255794	0.148715166734095
MHWdsleep	~~	MHWdsleep	5	5		0.188028450693512	0.0248152216631938	7.57714169333405	3.530509218308e-14	0.139391509965274	0.23666539142175	0.188028450693512	0.206080984933521
MHWdfinancial	~~	MHWdfinancial	5	5		0.397269666334824	0.0403998633519798	9.83344084294671	0	0.318087389184604	0.476451943485044	0.397269666334824	0.354922543950624
QIadmin	~~	QIadmin	5	5		0.265860827796659	0.0248592610587456	10.6946391997894	0	0.217137571439238	0.314584084154079	0.265860827796659	0.267656735482734
QIstudent	~~	QIstudent	5	5		0.236850086641624	0.0254859499038991	9.29335918554045	0	0.18689854271819	0.286801630565058	0.236850086641624	0.242754655611479
QIadvisor	~~	QIadvisor	5	5		0.172343488009097	0.0206742539345609	8.33614061985532	0	0.131822694890122	0.212864281128072	0.172343488009097	0.186748027530593
QIfaculty	~~	QIfaculty	5	5		0.144345240339916	0.0175348150721785	8.23192259204037	2.22044604925031e-16	0.109977634322876	0.178712846356956	0.144345240339916	0.163478417914304
QIstaff	~~	QIstaff	5	5		0.190894877985005	0.021484449880214	8.88525789812326	0	0.148786129992129	0.23300362597788	0.190894877985005	0.206650578402173
Belong	~~	Belong	5	5		0.267488874764414	0.0289035676798666	9.25452794364686	0	0.210838923087159	0.324138826441668	0.964402634190058	0.964402634190058
Gains	~~	Gains	5	5		0.26293645710209	0.0262113150299643	10.0314103585229	0	0.211563223655926	0.314309690548253	0.991069979981838	0.991069979981838
SupportEnv	~~	SupportEnv	5	5		0.353437503206371	0.0382896871027398	9.23061873705102	0	0.278391095505693	0.428483910907049	0.973876004243096	0.973876004243096
Satisf	~~	Satisf	5	5		0.256874681596554	0.0345079607033879	7.4439252960936	9.76996261670138e-14	0.18924032143799	0.324509041755117	0.937655627163366	0.937655627163366
DevAdj	~~	DevAdj	5	5		0.00987336511484698	0.0118173682382397	0.835496103345404	0.40343844000282	-0.0132882510241503	0.0330349812538443	1	1
EmoDiss	~~	EmoDiss	5	5		0.724395557576004	0.0664693787444474	10.8981845664763	0	0.594117969162135	0.854673145989873	1	1
QualEngag	~~	QualEngag	5	5		0.727429430029897	0.0675119886580331	10.7748185839189	0	0.595108363735475	0.859750496324318	1	1
DevAdj	~~	EmoDiss	5	5		-0.0683839075014572	0.0275017765475593	-2.48652691156878	0.0128996812717452	-0.122286399045542	-0.0144814159573728	-0.808599419437288	-0.808599419437288
DevAdj	~~	QualEngag	5	5		0.0601814958615937	0.0173606474255248	3.46654674716283	0.000527190052976856	0.0261552521592672	0.0942077395639203	0.710125234651644	0.710125234651644
EmoDiss	~~	QualEngag	5	5		0.0167658584822404	0.0483077829705449	0.347063298112091	0.728543765591125	-0.0779156563130049	0.111447373277486	0.0230963032490843	0.0230963032490843
sbvalued	~1		5	5		2.48767693380872	0.0421994030603106	58.9505242586816	0	2.40496762364142	2.57038624397602	2.48767693380872	3.85240848451162
sbmyself	~1		5	5		2.44695651068243	0.0457447485904759	53.4915282317649	0	2.35729845096326	2.5366145704016	2.44695651068243	3.47127111516973
sbcommunity	~1		5	5		2.4499960866417	0.0392784160544421	62.3751243748187	0	2.37301180580521	2.52698036747819	2.4499960866417	4.03252093558282
pganalyze	~1		5	5		2.84654367383974	0.0472683483160404	60.2209253178786	0	2.75389941353161	2.93918793414788	2.84654367383974	4.0530706828386
pgthink	~1		5	5		2.90678456996063	0.0416946644174457	69.7159843009645	0	2.82506452935495	2.98850461056631	2.90678456996063	4.53951351827423
pgwork	~1		5	5		2.89983555923282	0.0455952598673926	63.5994962561148	0	2.81047049202698	2.98920062643865	2.89983555923282	4.27343018861585
pgvalues	~1		5	5		2.9250421179571	0.0481122019632137	60.7962637044459	0	2.83074393489228	3.01934030102192	2.9250421179571	3.94961481502147
pgprobsolve	~1		5	5		2.89014818954029	0.0426870321926707	67.705531190255	0	2.80648314383575	2.97381323524482	2.89014818954029	4.4672500201894
SEacademic	~1		5	5		2.5809175705517	0.0486901513085491	53.0069737141798	0	2.48548662758514	2.67634851351826	2.5809175705517	3.51104269340112
SEwellness	~1		5	5		2.59508659119872	0.0478437515346219	54.240867573288	0	2.50131456130558	2.68885862109186	2.59508659119872	3.51399296304036
SEnonacad	~1		5	5		2.57449454185236	0.0482233664029453	53.3868689369459	0	2.47997848048931	2.66901060321541	2.57449454185236	3.42843294769943
SEactivities	~1		5	5		2.58413726779872	0.0537799375030127	48.0502095721841	0	2.478730527202	2.68954400839544	2.58413726779872	3.26787172874623
SEdiverse	~1		5	5		2.56413995885845	0.050199209916669	51.0792891584338	0	2.46575131536941	2.66252860234749	2.56413995885845	3.32823480424606
sameinst	~1		5	5		2.83240513630783	0.0412554996052346	68.6552135693552	0	2.75154584291736	2.9132644296983	2.83240513630783	4.51405392296334
evalexp	~1		5	5		2.83465789852213	0.0416855966394464	68.0008954421378	0	2.75295563043475	2.91636016660951	2.83465789852213	4.45112673134538
MHWdacad	~1		5	5		3.53875801762804	0.0657975756028755	53.7824985982218	0	3.40979713917636	3.66771889607973	3.53875801762804	3.64416680534773
MHWdlonely	~1		5	5		3.58760789863762	0.0639892032329997	56.0658316931107	0	3.46219136490152	3.71302443237371	3.58760789863762	3.72003241160305
MHWdmental	~1		5	5		3.61489962653759	0.0625087238455991	57.830321979803	0	3.49238477908065	3.73741447399452	3.61489962653759	3.89296723213479
MHWdexhaust	~1		5	5		3.58799302185239	0.0622430453693522	57.644882260518	0	3.46599889464036	3.70998714906441	3.58799302185239	3.83065363971033
MHWdsleep	~1		5	5		3.63460709321363	0.0617360171782573	58.873365327715	0	3.5136067229953	3.75560746343197	3.63460709321363	3.80508748800543
MHWdfinancial	~1		5	5		3.56465790869417	0.0738173014520856	48.2902766502236	0	3.41997865641214	3.70933716097619	3.56465790869417	3.36931758082437
QIadmin	~1		5	5		4.88294235858595	0.0678317678125994	71.9860695961247	0	4.74999453666557	5.01589018050633	4.88294235858595	4.89940690183691
QIstudent	~1		5	5		4.90798783810779	0.0665633160865115	73.7341245398432	0	4.77752613588667	5.0384495403289	4.90798783810779	4.96878823303813
QIadvisor	~1		5	5		4.94846009515585	0.0596601549154294	82.944137543231	0	4.83152834020953	5.06539185010217	4.94846009515585	5.15110787484141
QIfaculty	~1		5	5		4.90210654795645	0.0596605309676145	82.1666597405487	0	4.78517405596139	5.01903903995151	4.90210654795645	5.2168905523084
QIstaff	~1		5	5		4.96034915181473	0.0639669507620725	77.5454995543705	0	4.83497623212022	5.08572207150924	4.96034915181473	5.16099480188356
Belong	~1		5	5		0	0	NA	NA	0	0	0	0
Gains	~1		5	5		0	0	NA	NA	0	0	0	0
SupportEnv	~1		5	5		0	0	NA	NA	0	0	0	0
Satisf	~1		5	5		0	0	NA	NA	0	0	0	0
DevAdj	~1		5	5		0	0	NA	NA	0	0	0	0
EmoDiss	~1		5	5		0	0	NA	NA	0	0	0	0
QualEngag	~1		5	5		0	0	NA	NA	0	0	0	0
