lhs	op	rhs	block	group	est	se	z	pvalue	ci.lower	ci.upper	std.lv	std.all
Belong	=~	sbvalued	1	1	1	0	NA	NA	1	1	0.739286700788065	0.88936734721156
Belong	=~	sbmyself	1	1	1.0149335472342	0.0249366308926413	40.7005080840211	0	0.96605864878885	1.06380844567954	0.750326873653896	0.869335439249369
Belong	=~	sbcommunity	1	1	1.01838057783438	0.0247306607912	41.1788664456856	0	0.969909373369748	1.06685178229901	0.75287521753382	0.909024519822862
Gains	=~	pganalyze	1	1	1	0	NA	NA	1	1	0.518817837215188	0.716746059125429
Gains	=~	pgthink	1	1	1.0130315861503	0.0479427933221671	21.1300075767989	0	0.9190654379206	1.10699773437999	0.525578856557168	0.789675010405888
Gains	=~	pgwork	1	1	0.969433905987969	0.0463310157678096	20.9240805521368	0	0.878626783715905	1.06024102826003	0.50295960242775	0.757343883918275
Gains	=~	pgvalues	1	1	0.962498702523544	0.0515629363328383	18.6664835437343	0	0.861437204374049	1.06356020067304	0.499361495165689	0.689895083852974
Gains	=~	pgprobsolve	1	1	0.928031962085245	0.0461899522827256	20.0916414982381	0	0.837501319163479	1.01856260500701	0.481479535435634	0.737214689288468
SupportEnv	=~	SEacademic	1	1	1	0	NA	NA	1	1	0.680424980045211	0.858590025437982
SupportEnv	=~	SEwellness	1	1	1.03354695911241	0.028955546160919	35.6942657330145	0	0.976795131484323	1.0902987867405	0.703251169029851	0.868838023659934
SupportEnv	=~	SEnonacad	1	1	0.99613872547044	0.0339210152433854	29.3664183787862	0	0.929654757274371	1.06262269366651	0.677797672400486	0.799482558668612
SupportEnv	=~	SEactivities	1	1	0.912526806792386	0.0320447156488701	28.4766704373787	0	0.849720318225773	0.975333295358998	0.620906034302429	0.759993480090481
SupportEnv	=~	SEdiverse	1	1	0.969309920340499	0.0313267311518687	30.9419427019495	0	0.907910655529467	1.03070918515153	0.659542683205309	0.810394907558869
Satisf	=~	sameinst	1	1	1	0	NA	NA	1	1	0.65093766685457	0.902294350682483
Satisf	=~	evalexp	1	1	0.956939360547857	0.0384979962769506	24.8568614756917	0	0.881484674368077	1.03239404672764	0.622907874676326	0.862385580926859
DevAdj	=~	Belong	1	1	1	0	NA	NA	1	1	0.627807883658159	0.627807883658159
DevAdj	=~	Gains	1	1	0.262669048161212	0.0462953758381773	5.67376424546925	1.39693348000236e-08	0.171931778867638	0.353406317454785	0.234981493655336	0.234981493655336
DevAdj	=~	SupportEnv	1	1	0.91533667135548	0.0682580472771316	13.4099451693829	0	0.78155335703727	1.04911998567369	0.624367474977941	0.624367474977941
DevAdj	=~	Satisf	1	1	0.879702767382814	0.0631470891136081	13.9310105933805	0	0.755936746991601	1.00346878777403	0.627243564113365	0.627243564113365
EmoDiss	=~	MHWdacad	1	1	1	0	NA	NA	1	1	1.24645740943693	0.937948930722399
EmoDiss	=~	MHWdlonely	1	1	1.01105690017656	0.0174351792067606	57.9894756564657	0	0.976884576867306	1.04522922348581	1.26023936458741	0.949906146361093
EmoDiss	=~	MHWdmental	1	1	1.02018906209967	0.0150951326225823	67.5839747557743	0	0.990603145817553	1.04977497838179	1.27162221548065	0.965054904800445
EmoDiss	=~	MHWdexhaust	1	1	1.03048414551423	0.0158279872519106	65.105191779191	0	0.999461860552725	1.06150643047573	1.28445459848349	0.959748496832192
EmoDiss	=~	MHWdsleep	1	1	0.964834901789132	0.0167763128775243	57.5117374617963	0	0.931953932755809	0.997715870822455	1.20262561221842	0.932832742433253
EmoDiss	=~	MHWdfinancial	1	1	0.986998774868061	0.0181801962417209	54.2897756297614	0	0.951366245002417	1.0226313047337	1.23025193603947	0.904777608370383
QualEngag	=~	QIadmin	1	1	1	0	NA	NA	1	1	1.01082799941905	0.899899142984189
QualEngag	=~	QIstudent	1	1	1.02000752429306	0.0218294756384992	46.7261578420206	0	0.977222538240205	1.06279251034591	1.03105216517353	0.903973394300629
QualEngag	=~	QIadvisor	1	1	0.98714148515284	0.021906442858933	45.0616967578698	0	0.944205646119946	1.03007732418573	0.997830252580592	0.922110882034369
QualEngag	=~	QIfaculty	1	1	1.00804428108733	0.0192341929664359	52.4089720242691	0	0.970345955601424	1.04574260657324	1.01895938397732	0.937526416082035
QualEngag	=~	QIstaff	1	1	0.998267913125685	0.0212828219445239	46.9048660806252	0	0.956554348625039	1.03998147762633	1.00907715750906	0.926518263214372
sbvalued	~~	sbvalued	1	1	0.144431911165618	0.0111636794004594	12.9376620363779	0	0.122551501605765	0.16631232072547	0.144431911165618	0.209025721713871
sbmyself	~~	sbmyself	1	1	0.181958055186205	0.0136223911594597	13.3572772251404	0	0.155258659130347	0.208657451242062	0.181958055186205	0.244255894065107
sbcommunity	~~	sbcommunity	1	1	0.119132613830764	0.0110039849730589	10.8263155686268	0	0.0975651995971482	0.140700028064379	0.119132613830764	0.173674422360816
pganalyze	~~	pganalyze	1	1	0.254789302757901	0.0138946757458524	18.337189540674	0	0.227556238719168	0.282022366796634	0.254789302757901	0.486275086728167
pgthink	~~	pgthink	1	1	0.166741625883083	0.0105271755464258	15.8391607651775	0	0.146108740953158	0.187374510813008	0.166741625883083	0.37641337794046
pgwork	~~	pgwork	1	1	0.188073652695743	0.0110130644202629	17.0773224888894	0	0.166488443072608	0.209658862318878	0.188073652695743	0.426430241491583
pgvalues	~~	pgvalues	1	1	0.2745569215492	0.0143274824504055	19.1629564021158	0	0.246475571957275	0.302638271141124	0.2745569215492	0.524044773275499
pgprobsolve	~~	pgprobsolve	1	1	0.194725256028798	0.0110410072563709	17.6365481434166	0	0.173085279453265	0.21636523260433	0.194725256028798	0.456514501897307
SEacademic	~~	SEacademic	1	1	0.165064038728253	0.010471693039535	15.7628798041604	0	0.144539897513606	0.185588179942901	0.165064038728253	0.262823168218406
SEwellness	~~	SEwellness	1	1	0.160591628143151	0.0104903806013375	15.3084653689949	0	0.140030859980412	0.18115239630589	0.160591628143151	0.2451204886427
SEnonacad	~~	SEnonacad	1	1	0.259347433557022	0.0158649892342399	16.3471547145647	0	0.228252626042796	0.290442241071248	0.259347433557022	0.36082763838469
SEactivities	~~	SEactivities	1	1	0.281946122833989	0.0149139355951198	18.9048773233437	0	0.252715346199804	0.311176899468173	0.281946122833989	0.42240991021996
SEdiverse	~~	SEdiverse	1	1	0.227360870689661	0.0125898244138071	18.059097825091	0	0.202685268266916	0.252036473112406	0.227360870689661	0.343260093802653
sameinst	~~	sameinst	1	1	0.09673412838839	0.0156706472052791	6.17295042899071	6.70272282121687e-10	0.0660202242516096	0.12744803252517	0.09673412838839	0.185864904726477
evalexp	~~	evalexp	1	1	0.13371440957995	0.0157293530207922	8.50094783957083	0	0.102885444159081	0.164543375000819	0.13371440957995	0.256291109809444
MHWdacad	~~	MHWdacad	1	1	0.212367522152555	0.0127763761863639	16.6218902022635	0	0.187326284974347	0.237408759330764	0.212367522152555	0.120251803356708
MHWdlonely	~~	MHWdlonely	1	1	0.171926506004695	0.0114541558642532	15.0099673901988	0	0.14947677303745	0.194376238971939	0.171926506004695	0.0976783131054167
MHWdmental	~~	MHWdmental	1	1	0.119226579777233	0.00842876844436161	14.1451957737657	0	0.102706497192257	0.13574666236221	0.119226579777233	0.0686690307206043
MHWdexhaust	~~	MHWdexhaust	1	1	0.141287935118399	0.00994783019416385	14.202889711697	0	0.121790546213518	0.16078532402328	0.141287935118399	0.0788828228283489
MHWdsleep	~~	MHWdsleep	1	1	0.215777036966575	0.0121733417584862	17.7253741205577	0	0.191917725548445	0.239636348384706	0.215777036966575	0.129823074644456
MHWdfinancial	~~	MHWdfinancial	1	1	0.335341875115269	0.01694596298157	19.7888945868687	0	0.302128397988042	0.368555352242495	0.335341875115269	0.18137747939157
QIadmin	~~	QIadmin	1	1	0.239957977290988	0.0155474612726205	15.433900949061	0	0.209485513145621	0.270430441436356	0.239957977290988	0.190181532456322
QIstudent	~~	QIstudent	1	1	0.237849604374913	0.0146434960786878	16.2426788723685	0	0.209148879452932	0.266550329296895	0.237849604374913	0.182832102396599
QIadvisor	~~	QIadvisor	1	1	0.175308212912475	0.0115838770231678	15.1338116385264	0	0.152604231145725	0.198012194679225	0.175308212912475	0.149711521233797
QIfaculty	~~	QIfaculty	1	1	0.142985096504875	0.0101108428898075	14.1417583146322	0	0.12316820858751	0.162801984422241	0.142985096504875	0.121044219148376
QIstaff	~~	QIstaff	1	1	0.167916481110064	0.0113389850415606	14.808775255863	0	0.145692478807366	0.190140483412761	0.167916481110064	0.141563907930224
Belong	~~	Belong	1	1	0.331128151389537	0.0210426091193838	15.7360786160549	0	0.289885395374791	0.372370907404284	0.605857261216664	0.605857261216664
Gains	~~	Gains	1	1	0.254309268533173	0.0216889256863008	11.7253049879644	0	0.211799755324658	0.296818781741688	0.944783697639507	0.944783697639507
SupportEnv	~~	SupportEnv	1	1	0.282493183621954	0.0207152999018089	13.6369342930578	0	0.241891941885462	0.323094425358445	0.610165256189671	0.610165256189671
Satisf	~~	Satisf	1	1	0.257013845106676	0.0202529589262462	12.6901874458258	0	0.217318775030864	0.296708915182488	0.606565511278363	0.606565511278363
DevAdj	~~	DevAdj	1	1	0.215416674572565	0.0237798841762434	9.05877728318672	0	0.168808958030594	0.262024391114536	1	1
EmoDiss	~~	EmoDiss	1	1	1.55365607354022	0.0757120428060575	20.5205937649845	0	1.4052631964444	1.70204895063605	1	1
QualEngag	~~	QualEngag	1	1	1.02177324440951	0.0558526634863553	18.2940826923882	0	0.912304035535621	1.1312424532834	1	1
DevAdj	~~	EmoDiss	1	1	-0.508955846433708	0.0358692274707991	-14.1892056874669	0	-0.579258240429749	-0.438653452437667	-0.879757555469208	-0.879757555469208
DevAdj	~~	QualEngag	1	1	0.293271920149945	0.0242792354844964	12.0791249929272	0	0.245685493028165	0.340858347271725	0.625105846575571	0.625105846575571
EmoDiss	~~	QualEngag	1	1	-0.46422440396387	0.0454909034604076	-10.2047743318156	0	-0.553384936370457	-0.375063871557283	-0.368445503336056	-0.368445503336056
sbvalued	~1		1	1	2.50529061898222	0.0277347501957851	90.3303834105905	0	2.45093150747827	2.55964973048618	2.50529061898222	3.01388307056395
sbmyself	~1		1	1	2.50080658739312	0.0288468426249566	86.6925583470814	0	2.44426781478051	2.55734536000573	2.50080658739312	2.89745692106443
sbcommunity	~1		1	1	2.49599407941293	0.0277633768738896	89.9023951859514	0	2.44157886065089	2.55040929817497	2.49599407941293	3.01367313822775
pganalyze	~1		1	1	2.96258744494183	0.024032427477819	123.274581715733	0	2.91548475262423	3.00969013725943	2.96258744494183	4.0928100841217
pgthink	~1		1	1	2.96531900652975	0.0222134622778624	133.49197749713	0	2.9217814204932	3.0088565925663	2.96531900652975	4.45535106316336
pgwork	~1		1	1	2.9866405372616	0.0221689359719994	134.721871227103	0	2.94319022118091	3.0300908533423	2.9866405372616	4.49720799332465
pgvalues	~1		1	1	2.99466995543988	0.0242135348652052	123.677520531842	0	2.94721229916568	3.04212761171409	2.99466995543988	4.13729953154412
pgprobsolve	~1		1	1	2.98407215883594	0.0218577237808528	136.522548676819	0	2.94123180744145	3.02691251023044	2.98407215883594	4.56904534353714
SEacademic	~1		1	1	2.64016970199237	0.0262236371751414	100.679005141785	0	2.58877231758545	2.69156708639929	2.64016970199237	3.3314817034548
SEwellness	~1		1	1	2.62086284715067	0.026997956685458	97.0763409129534	0	2.567947824391	2.67377786991034	2.62086284715067	3.23796873248494
SEnonacad	~1		1	1	2.6372170564552	0.0281471748544319	93.6938456557022	0	2.58204960747396	2.69238450543644	2.6372170564552	3.11067612934133
SEactivities	~1		1	1	2.65275920056402	0.026983132867511	98.3117569627384	0	2.59987323195364	2.7056451691744	2.65275920056402	3.24699646210349
SEdiverse	~1		1	1	2.67210819062971	0.0270323029687502	98.8487068126868	0	2.61912585039179	2.72509053086764	2.67210819062971	3.28327934684793
sameinst	~1		1	1	2.88445986160386	0.0239219067151552	120.578175308094	0	2.83757378600063	2.9313459372071	2.88445986160386	3.99828120328611
evalexp	~1		1	1	2.87606707296849	0.0240010765685522	119.830752789519	0	2.82902582730394	2.92310831863304	2.87606707296849	3.98177463207595
MHWdacad	~1		1	1	4.11375166117693	0.0442618229487132	92.9413066864326	0	4.02700008230737	4.2005032400465	4.11375166117693	3.09556423079182
MHWdlonely	~1		1	1	4.11003180255379	0.0443004916201724	92.7762120066919	0	4.02320443448084	4.19685917062675	4.11003180255379	3.09793883661427
MHWdmental	~1		1	1	4.13157736750238	0.0438078606236356	94.3113246957619	0	4.0457155384403	4.21743919656445	4.13157736750238	3.13552166243305
MHWdexhaust	~1		1	1	4.1443368492194	0.0446672830670774	92.7823804057166	0	4.05679058312067	4.23188311531813	4.1443368492194	3.09666146713219
MHWdsleep	~1		1	1	4.10844874646263	0.043035802749249	95.4658327253888	0	4.02410012302833	4.19279736989693	4.10844874646263	3.18677356641325
MHWdfinancial	~1		1	1	4.12841142325807	0.0454702760768526	90.7936300250376	0	4.03929131978035	4.21753152673579	4.12841142325807	3.03620267075489
QIadmin	~1		1	1	4.8943803748647	0.0374104515535491	130.829224765141	0	4.82105723717437	4.96770351255504	4.8943803748647	4.35726820716358
QIstudent	~1		1	1	4.91752213929087	0.0379303793361236	129.646004742367	0	4.84317996187213	4.99186431670961	4.91752213929087	4.31142994501652
QIadvisor	~1		1	1	4.91113385233948	0.0360719680169393	136.148209325125	0	4.8404340941748	4.98183361050417	4.91113385233948	4.53845727432868
QIfaculty	~1		1	1	4.89772391676053	0.0361881442738528	135.340565675242	0	4.82679645731644	4.96865137620462	4.89772391676053	4.50630871342166
QIstaff	~1		1	1	4.90733336825232	0.036235596420509	135.42852479378	0	4.8363129043098	4.97835383219485	4.90733336825232	4.50583382601864
Belong	~1		1	1	0	0	NA	NA	0	0	0	0
Gains	~1		1	1	0	0	NA	NA	0	0	0	0
SupportEnv	~1		1	1	0	0	NA	NA	0	0	0	0
Satisf	~1		1	1	0	0	NA	NA	0	0	0	0
DevAdj	~1		1	1	0	0	NA	NA	0	0	0	0
EmoDiss	~1		1	1	0	0	NA	NA	0	0	0	0
QualEngag	~1		1	1	0	0	NA	NA	0	0	0	0
Belong	=~	sbvalued	2	2	1	0	NA	NA	1	1	0.64967815785378	0.8538379701486
Belong	=~	sbmyself	2	2	1.01529703947977	0.0542891813606241	18.7016457797642	0	0.908892199262781	1.12170187969675	0.659616310283612	0.84476305451884
Belong	=~	sbcommunity	2	2	0.967960271727907	0.0536725986943667	18.0345333610519	0	0.862763911330276	1.07315663212554	0.628862646211831	0.85526056458404
Gains	=~	pganalyze	2	2	1	0	NA	NA	1	1	0.460125459490049	0.70889577785325
Gains	=~	pgthink	2	2	0.980671523772654	0.0846170793298012	11.5895222517716	0	0.814825095809275	1.14651795173603	0.451231935484699	0.748022510148921
Gains	=~	pgwork	2	2	1.08104897041721	0.0882641956159804	12.2478765355845	0	0.908054325885486	1.25404361494893	0.497418154244461	0.738472428153785
Gains	=~	pgvalues	2	2	1.04911413491564	0.0852141279451899	12.3115046790179	0	0.882097513169078	1.2161307566622	0.482724123385563	0.687868511302675
Gains	=~	pgprobsolve	2	2	1.06289466102019	0.0839984282693962	12.6537446344986	0	0.898260766854201	1.22752855518618	0.489064894291434	0.731186573017022
SupportEnv	=~	SEacademic	2	2	1	0	NA	NA	1	1	0.56529227749241	0.799400572173806
SupportEnv	=~	SEwellness	2	2	0.89658710519708	0.0606271150188609	14.7885497259461	0	0.777760143273546	1.01541406712062	0.506833766667184	0.760358035463741
SupportEnv	=~	SEnonacad	2	2	1.04072178007111	0.072466569823436	14.3614053018766	0	0.898689913134015	1.1827536470082	0.58831198529235	0.775298214799702
SupportEnv	=~	SEactivities	2	2	1.03654049613841	0.0671593862458226	15.4340376540127	0	0.904910517872779	1.16817047440403	0.585948337775191	0.738064438157865
SupportEnv	=~	SEdiverse	2	2	1.01290148735686	0.0642218025982339	15.7719255202706	0	0.887029067242085	1.13877390747164	0.572585388663411	0.771398868132705
Satisf	=~	sameinst	2	2	1	0	NA	NA	1	1	0.5249174933254	0.831880618346074
Satisf	=~	evalexp	2	2	1.01271487633952	0.095182624758691	10.6397031906504	0	0.826160359858496	1.19926939282055	0.531591754341484	0.830570224676364
DevAdj	=~	Belong	2	2	1	0	NA	NA	1	1	0.336240748144438	0.336240748144438
DevAdj	=~	Gains	2	2	0.160115265895715	0.135335744232966	1.18309665198348	0.236770844588598	-0.105137918621824	0.425368450413253	0.0760160127853669	0.0760160127853669
DevAdj	=~	SupportEnv	2	2	0.852817969774791	0.212475406229059	4.01372556433854	5.9767832752966e-05	0.436373825965318	1.26926211358426	0.329558031149065	0.329558031149065
DevAdj	=~	Satisf	2	2	1.32243178989429	0.274061300168526	4.82531385891075	1.39782963604063e-06	0.785281512007754	1.85958206778082	0.550339701324782	0.550339701324782
EmoDiss	=~	MHWdacad	2	2	1	0	NA	NA	1	1	0.940995879611388	0.896473181298574
EmoDiss	=~	MHWdlonely	2	2	0.973223242429673	0.0337043746312781	28.8752796358521	0	0.907163882030922	1.03928260282842	0.915799061068357	0.912317007176409
EmoDiss	=~	MHWdmental	2	2	0.995210772440549	0.0319882014047757	31.111807752091	0	0.932515049756975	1.05790649512412	0.936489236211424	0.938506618472568
EmoDiss	=~	MHWdexhaust	2	2	0.977104316744314	0.0329628619087381	29.6425813829379	0	0.91249829457582	1.04171033891281	0.9194511360069	0.914510550161783
EmoDiss	=~	MHWdsleep	2	2	0.986329430087576	0.0355032872575653	27.7813550878279	0	0.916744265729968	1.05591459444518	0.928131929651858	0.912604884143184
EmoDiss	=~	MHWdfinancial	2	2	0.997282649372566	0.0426692729009455	23.3723844249164	0	0.913652411240202	1.08091288750493	0.938438863867514	0.844939265668086
QualEngag	=~	QIadmin	2	2	1	0	NA	NA	1	1	0.96938608440486	0.886245494834256
QualEngag	=~	QIstudent	2	2	1.03117933231396	0.0389189349892639	26.4955691258873	0	0.954899621418345	1.10745904320957	0.999610895271046	0.912557966495459
QualEngag	=~	QIadvisor	2	2	0.981864074072474	0.0379294425577826	25.8865938400407	0	0.907523732705539	1.05620441543941	0.951805370182919	0.918101658703569
QualEngag	=~	QIfaculty	2	2	1.02332564008785	0.0337356521441678	30.3336551999857	0	0.957204976890306	1.08944630328539	0.991997635315854	0.935922506595893
QualEngag	=~	QIstaff	2	2	0.926980927476338	0.0368214966504489	25.1749931915121	0	0.854812120184596	0.99914973476808	0.898602411604273	0.907248978417925
sbvalued	~~	sbvalued	2	2	0.156874351320663	0.0199616809827007	7.85877459201028	3.77475828372553e-15	0.117750175523692	0.195998527117635	0.156874351320663	0.270960720732519
sbmyself	~~	sbmyself	2	2	0.174601764826485	0.0218625218283932	7.98635062308898	1.33226762955019e-15	0.131752009431613	0.217451520221356	0.174601764826485	0.286375381719999
sbcommunity	~~	sbcommunity	2	2	0.145179899108905	0.0194401521316083	7.46804336334657	8.14903700074865e-14	0.107077901076973	0.183281897140837	0.145179899108905	0.268529366667389
pganalyze	~~	pganalyze	2	2	0.209580962283429	0.0180588349658161	11.6054531026032	0	0.174186296147677	0.244975628419181	0.209580962283429	0.497466776141835
pgthink	~~	pgthink	2	2	0.160279909814702	0.0145894960310117	10.985979877167	0	0.131685023041329	0.188874796588075	0.160279909814702	0.440462324310507
pgwork	~~	pgwork	2	2	0.206281358171076	0.0189675744543232	10.8754737548458	0	0.169105595366521	0.243457120975631	0.206281358171076	0.454658472856653
pgvalues	~~	pgvalues	2	2	0.259455774980646	0.0251392613758519	10.3207397823499	0	0.210183728086037	0.308727821875254	0.259455774980646	0.526836911158241
pgprobsolve	~~	pgprobsolve	2	2	0.208195527944832	0.0195850693861516	10.6303186289472	0	0.169809497313256	0.246581558576407	0.208195527944832	0.465366195439623
SEacademic	~~	SEacademic	2	2	0.180498974894817	0.0173307939371467	10.4149282225287	0	0.146531242954525	0.21446670683511	0.180498974894817	0.360958725208191
SEwellness	~~	SEwellness	2	2	0.18743844838337	0.0172032783418532	10.8955075107608	0	0.15372064241732	0.22115625434942	0.18743844838337	0.42185565790572
SEnonacad	~~	SEnonacad	2	2	0.229697179993586	0.0218555167773578	10.5098031921877	0	0.186861154246454	0.272533205740718	0.229697179993586	0.398912678128396
SEactivities	~~	SEactivities	2	2	0.286939561823664	0.0237610346650512	12.0760550147973	0	0.240368789644756	0.333510334002572	0.286939561823664	0.455260885126715
SEdiverse	~~	SEdiverse	2	2	0.223109091351828	0.0207926990750466	10.7301649750504	0	0.182356150023358	0.263862032680299	0.223109091351828	0.404943786243582
sameinst	~~	sameinst	2	2	0.122623873955745	0.0278676232857518	4.40022719908233	1.08137596654956e-05	0.0680043359809419	0.177243411930548	0.122623873955745	0.307974636820154
evalexp	~~	evalexp	2	2	0.127051525760144	0.0279358889594984	4.54796788261664	5.41663992725816e-06	0.0722981895234165	0.181804861996871	0.127051525760144	0.310153101881055
MHWdacad	~~	MHWdacad	2	2	0.216321862812882	0.0204106774308194	10.5984656092915	0	0.176317670148412	0.256326055477353	0.216321862812882	0.196335835212413
MHWdlonely	~~	MHWdlonely	2	2	0.168960076808626	0.0175126625587401	9.64788056881174	0	0.134635888920092	0.20328426469716	0.168960076808626	0.16767767841668
MHWdmental	~~	MHWdmental	2	2	0.118693398364116	0.0115749209225321	10.254359330703	0	0.0960069702320542	0.141379826496178	0.118693398364116	0.119205327083186
MHWdexhaust	~~	MHWdexhaust	2	2	0.165443669287373	0.0152624665369507	10.8399038180907	0	0.135529784559702	0.195357554015044	0.165443669287373	0.163670453642793
MHWdsleep	~~	MHWdsleep	2	2	0.172888566175281	0.0167625063992844	10.3140044845955	0	0.140034657342061	0.205742475008501	0.172888566175281	0.167152325438006
MHWdfinancial	~~	MHWdfinancial	2	2	0.352894503937428	0.0291752264991934	12.0956902921451	0	0.295712110758211	0.410076897116646	0.352894503937428	0.286077637332275
QIadmin	~~	QIadmin	2	2	0.256715624711698	0.0235104113080294	10.9192315416457	0	0.210636065286238	0.302795184137159	0.256715624711698	0.214568922885985
QIstudent	~~	QIstudent	2	2	0.200666971444933	0.0187913062327644	10.6787132815201	0	0.163836688006252	0.237497254883615	0.200666971444933	0.167237957785674
QIadvisor	~~	QIadvisor	2	2	0.168834612136797	0.0164987618577535	10.2331686215263	0	0.136497633106097	0.201171591167497	0.168834612136797	0.157089344285756
QIfaculty	~~	QIfaculty	2	2	0.139358985162794	0.01518688533839	9.17627163553522	0	0.10959323686221	0.169124733463377	0.139358985162794	0.124049061647261
QIstaff	~~	QIstaff	2	2	0.173543469857911	0.0185665204550127	9.34711866331726	0	0.13715375844786	0.209933181267962	0.173543469857911	0.176899291159632
Belong	~~	Belong	2	2	0.374362062191886	0.0434603451325966	8.61387688132055	0	0.289181350976316	0.459542773407456	0.886942159287269	0.886942159287269
Gains	~~	Gains	2	2	0.210492054740646	0.0278263465410756	7.56448764949902	3.88578058618805e-14	0.155953417698807	0.265030691782485	0.994221565800215	0.994221565800215
SupportEnv	~~	SupportEnv	2	2	0.284848932097236	0.0343447328133794	8.29381709402232	0	0.217534492724361	0.35216337147011	0.891391504105152	0.891391504105152
Satisf	~~	Satisf	2	2	0.192085023799976	0.0332478607718685	5.77736489929308	7.58796048216936e-09	0.126920414124112	0.257249633475841	0.69712621314575	0.69712621314575
DevAdj	~~	DevAdj	2	2	0.0477196466003951	0.0207137762216532	2.30376374108509	0.0212359095439898	0.0071213912221328	0.0883179019786575	1	1
EmoDiss	~~	EmoDiss	2	2	0.88547324544561	0.0809962699259094	10.9322718966637	0	0.726723473508743	1.04422301738248	1	1
QualEngag	~~	QualEngag	2	2	0.939709380637787	0.0841837138114884	11.1626030510137	0	0.774712333482443	1.10470642779313	1	1
DevAdj	~~	EmoDiss	2	2	-0.144972632602255	0.0337853894779285	-4.29098598069925	1.77881545770919e-05	-0.211190779182653	-0.0787544860218567	-0.705260717008661	-0.705260717008661
DevAdj	~~	QualEngag	2	2	0.126258018918972	0.0233918380916222	5.39752448800469	6.75666542715447e-08	0.0804108587272	0.172105179110743	0.596229664876226	0.596229664876226
EmoDiss	~~	QualEngag	2	2	-0.0253607267283218	0.0492782920893486	-0.51464297265699	0.606802530362931	-0.12194440444309	0.0712229509864465	-0.0278020737796808	-0.0278020737796808
sbvalued	~1		2	2	2.90969182605985	0.0404394699398329	71.9517795457996	0	2.83043192142389	2.98895173069581	2.90969182605985	3.82405554579236
sbmyself	~1		2	2	2.90205364446756	0.0412111570986921	70.419125517824	0	2.8212812607929	2.98282602814222	2.90205364446756	3.71662686755558
sbcommunity	~1		2	2	2.85752931336765	0.039612377577529	72.1372835491866	0	2.77989047997369	2.93516814676161	2.85752931336765	3.88627333582003
pganalyze	~1		2	2	2.98051639711733	0.0344068257161434	86.6257300718937	0	2.91308025789135	3.04795253634332	2.98051639711733	4.59195518561509
pgthink	~1		2	2	3.04968760769393	0.0318303534889867	95.8106735682065	0	2.98730126124033	3.11207395414752	3.04968760769393	5.05557076102523
pgwork	~1		2	2	3.00359161366119	0.0358511769594661	83.7794423613231	0	2.93332459801726	3.07385862930511	3.00359161366119	4.45916493637389
pgvalues	~1		2	2	2.99719164684952	0.0375274862307033	79.8665710893621	0	2.92363912540702	3.07074416829203	2.99719164684952	4.27091511761986
pgprobsolve	~1		2	2	3.01937109168343	0.0352886322271901	85.562145686026	0	2.95020664345446	3.0885355399124	3.01937109168343	4.51417312296206
SEacademic	~1		2	2	2.9122748684135	0.0375123441495718	77.6351074409394	0	2.83875202490467	2.98579771192233	2.9122748684135	4.1183548561185
SEwellness	~1		2	2	2.89892698616776	0.0356267613589566	81.3693660492933	0	2.8290998170184	2.96875415531712	2.89892698616776	4.34900468974231
SEnonacad	~1		2	2	2.86564546792335	0.0402378373297713	71.2176811203298	0	2.78678075594122	2.94451017990549	2.86564546792335	3.77644833196078
SEactivities	~1		2	2	2.84952099784725	0.0421836443546499	67.5503750669459	0	2.76684257417549	2.93219942151902	2.84952099784725	3.58927567280184
SEdiverse	~1		2	2	2.87172760851125	0.039430300341424	72.8304776693349	0	2.79444563994246	2.94900957708004	2.87172760851125	3.86885077867963
sameinst	~1		2	2	3.14627632093069	0.0337955762950168	93.097282717283	0	3.08003820855568	3.2125144333057	3.14627632093069	4.98616701600556
evalexp	~1		2	2	3.13715267204062	0.0344810496321744	90.9819366146364	0	3.06957105661242	3.20473428746882	3.13715267204062	4.90155383032339
MHWdacad	~1		2	2	3.20772725993029	0.0557044390870888	57.5847690507269	0	3.09854856554059	3.31690595431999	3.20772725993029	3.05595542313687
MHWdlonely	~1		2	2	3.18409706311546	0.053153988000559	59.9032581164367	0	3.07991716099969	3.28827696523123	3.18409706311546	3.17199047986779
MHWdmental	~1		2	2	3.23741424674316	0.0527052720616172	61.4248654851515	0	3.134113811707	3.34071468177931	3.23741424674316	3.24438827465593
MHWdexhaust	~1		2	2	3.21857550055409	0.0535626529595335	60.0899194254944	0	3.11359462983698	3.32355637127119	3.21857550055409	3.20128078206743
MHWdsleep	~1		2	2	3.22711497287729	0.053766697807764	60.0207024879123	0	3.12173418160643	3.33249576414816	3.22711497287729	3.17312743140311
MHWdfinancial	~1		2	2	3.19045336566409	0.0590789306799771	54.0032348071153	0	3.0746607892862	3.30624594204198	3.19045336566409	2.87257852133569
QIadmin	~1		2	2	5.21195868569332	0.0591022370601809	88.185472241706	0	5.09612042964961	5.32779694173702	5.21195868569332	4.76494863993615
QIstudent	~1		2	2	5.22819409811551	0.0588943210031029	88.7724658178852	0	5.11276335005549	5.34362484617553	5.22819409811551	4.7728873276498
QIadvisor	~1		2	2	5.21235968496338	0.0560830980352603	92.9399385477294	0	5.10243883267284	5.32228053725392	5.21235968496338	5.02778847697067
QIfaculty	~1		2	2	5.21129154285094	0.0569984536115458	91.4286478430938	0	5.09957662659783	5.32300645910404	5.21129154285094	4.91671035267545
QIstaff	~1		2	2	5.21167772627167	0.0527711651566532	98.7599517804962	0	5.10824814314242	5.31510730940093	5.21167772627167	5.26182573287559
Belong	~1		2	2	0	0	NA	NA	0	0	0	0
Gains	~1		2	2	0	0	NA	NA	0	0	0	0
SupportEnv	~1		2	2	0	0	NA	NA	0	0	0	0
Satisf	~1		2	2	0	0	NA	NA	0	0	0	0
DevAdj	~1		2	2	0	0	NA	NA	0	0	0	0
EmoDiss	~1		2	2	0	0	NA	NA	0	0	0	0
QualEngag	~1		2	2	0	0	NA	NA	0	0	0	0
Belong	=~	sbvalued	3	3	1	0	NA	NA	1	1	0.737479251638844	0.885874398079483
Belong	=~	sbmyself	3	3	0.98863013133692	0.0218341426275493	45.2790910181888	0	0.945835998153613	1.03142426452023	0.729094209405964	0.857197578821458
Belong	=~	sbcommunity	3	3	1.00647019843983	0.0199782612003499	50.3782680758124	0	0.96731352601341	1.04562687086625	0.742250888742204	0.903865507303096
Gains	=~	pganalyze	3	3	1	0	NA	NA	1	1	0.5436513935892	0.741382588909852
Gains	=~	pgthink	3	3	1.01532276357583	0.0365306129721859	27.7937510752662	0	0.943724077817169	1.08692144933448	0.551981635360835	0.794942027543178
Gains	=~	pgwork	3	3	0.984081703410035	0.0349864476398278	28.1275113592778	0	0.915509526088976	1.05265388073109	0.534997389464499	0.749661383928448
Gains	=~	pgvalues	3	3	0.978757197270477	0.0372046577076996	26.307383472256	0	0.905837408106245	1.05167698643471	0.532102714281554	0.716468698320494
Gains	=~	pgprobsolve	3	3	1.00386175758757	0.0351396804503668	28.5677543085651	0	0.9349892494766	1.07273426569853	0.545750843483383	0.778770995962251
SupportEnv	=~	SEacademic	3	3	1	0	NA	NA	1	1	0.700527336826312	0.86800283385147
SupportEnv	=~	SEwellness	3	3	1.00432872577804	0.0222471404505752	45.1441715850754	0	0.960725131735906	1.04793231982017	0.703559727567452	0.846659712842608
SupportEnv	=~	SEnonacad	3	3	1.00137274529869	0.0243876315592735	41.0606804053472	0	0.953573865774279	1.0491716248231	0.701488982434542	0.820339721812505
SupportEnv	=~	SEactivities	3	3	0.979479247102604	0.0244172477232279	40.1142363875366	0	0.931622320963485	1.02733617324172	0.686151988449428	0.795024825653277
SupportEnv	=~	SEdiverse	3	3	1.03309046380843	0.0237597955720303	43.4806124773467	0	0.986522120207213	1.07965880740964	0.723708111312376	0.844180579218954
Satisf	=~	sameinst	3	3	1	0	NA	NA	1	1	0.646201202941118	0.893682376062073
Satisf	=~	evalexp	3	3	1.02346756576291	0.0295241302824615	34.6654602852397	0	0.96560133373442	1.08133379779141	0.661365972167212	0.897540417212701
DevAdj	=~	Belong	3	3	1	0	NA	NA	1	1	0.660829803119067	0.660829803119067
DevAdj	=~	Gains	3	3	0.571460005868113	0.0420302799978803	13.5963882680994	0	0.489082170812133	0.653837840924093	0.512276888747385	0.512276888747385
DevAdj	=~	SupportEnv	3	3	0.984470642045299	0.051016545226751	19.2970856350555	0	0.884480050785208	1.08446123330539	0.684884140461673	0.684884140461673
DevAdj	=~	Satisf	3	3	0.933602685967657	0.047972950932768	19.4610226766342	0	0.839577429907325	1.02762794202799	0.704099049268857	0.704099049268857
EmoDiss	=~	MHWdacad	3	3	1	0	NA	NA	1	1	0.983956580837718	0.896567407650617
EmoDiss	=~	MHWdlonely	3	3	1.00460662604545	0.0172990984628426	58.0727734571417	0	0.970701016093264	1.03851223599763	0.988489300850595	0.928914008529134
EmoDiss	=~	MHWdmental	3	3	0.986672762374958	0.017452297720236	56.5354074398415	0	0.952466887395825	1.02087863735409	0.97084315767217	0.938443771647331
EmoDiss	=~	MHWdexhaust	3	3	0.9928745798299	0.0176354344767871	56.299978383679	0	0.958309763403681	1.02743939625612	0.976945476770114	0.926782228975338
EmoDiss	=~	MHWdsleep	3	3	1.00836946828182	0.0183061591324483	55.0836175402001	0	0.972490055686964	1.04424888087668	0.992191774231728	0.916624457677803
EmoDiss	=~	MHWdfinancial	3	3	0.980739653132362	0.0212570380052823	46.1371736216801	0	0.939076624224009	1.02240268204071	0.965005235788088	0.853556912450191
QualEngag	=~	QIadmin	3	3	1	0	NA	NA	1	1	1.11754731611317	0.91020714571415
QualEngag	=~	QIstudent	3	3	1.00169212256448	0.0159422468315934	62.8325563608377	0	0.970445892941905	1.03293835218705	1.11943834314364	0.927867687464243
QualEngag	=~	QIadvisor	3	3	1.03682049242792	0.0153245537511797	67.6574671773462	0	1.00678491899646	1.06685606585938	1.15869595860395	0.9430251339463
QualEngag	=~	QIfaculty	3	3	1.0116048789807	0.0152120919461471	66.5000502601431	0	0.981789726636743	1.04142003132466	1.13051631747188	0.948887708881604
QualEngag	=~	QIstaff	3	3	1.01978132996875	0.0160610266958084	63.4941557151445	0	0.98830229609023	1.05126036384727	1.1396538883289	0.936018289829642
sbvalued	~~	sbvalued	3	3	0.149159581812584	0.00943840004210491	15.8034816438357	0	0.130660657658377	0.167658505966791	0.149159581812584	0.215226550827313
sbmyself	~~	sbmyself	3	3	0.191866479237231	0.0103239611992524	18.5845796525392	0	0.171631887108907	0.212101071365555	0.191866479237231	0.265212310862631
sbcommunity	~~	sbcommunity	3	3	0.123426760424545	0.00871335811370439	14.165234438192	0	0.106348892337285	0.140504628511806	0.123426760424545	0.183027144707716
pganalyze	~~	pganalyze	3	3	0.242163231789284	0.0105067913592825	23.0482574087986	0	0.221570299132013	0.262756164446554	0.242163231789284	0.450351856861326
pgthink	~~	pgthink	3	3	0.177462022448264	0.00926132715162504	19.1616190145195	0	0.159310154782036	0.195613890114492	0.177462022448264	0.368067172845542
pgwork	~~	pgwork	3	3	0.223077053193472	0.0102967250116592	21.6648548874401	0	0.202895843011907	0.243258263375037	0.223077053193472	0.438007809446483
pgvalues	~~	pgvalues	3	3	0.268431455122881	0.0116457274159858	23.0497800209897	0	0.245606248813778	0.291256661431983	0.268431455122881	0.486672604326937
pgprobsolve	~~	pgprobsolve	3	3	0.193255293055428	0.00911145542921119	21.2101452459345	0	0.175397168567432	0.211113417543423	0.193255293055428	0.393515735847964
SEacademic	~~	SEacademic	3	3	0.160601658959359	0.00784935311104931	20.4604961309849	0	0.145217209559765	0.175986108358953	0.160601658959359	0.246571080425817
SEwellness	~~	SEwellness	3	3	0.195536258579979	0.0093887029026474	20.8267596288346	0	0.177134739029244	0.213937778130715	0.195536258579979	0.283167330649272
SEnonacad	~~	SEnonacad	3	3	0.23914358770216	0.0106910383097728	22.3686026345596	0	0.218189537657668	0.260097637746653	0.23914358770216	0.327042740816582
SEactivities	~~	SEactivities	3	3	0.274063371344746	0.0121569545910892	22.5437521618801	0	0.250236178184523	0.29789056450497	0.274063371344746	0.367935526594976
SEdiverse	~~	SEdiverse	3	3	0.21119381567942	0.00988324016439819	21.3688843098431	0	0.191823020906639	0.2305646104522	0.21119381567942	0.287359149669551
sameinst	~~	sameinst	3	3	0.105264404228202	0.0113696634870541	9.25835706114427	0	0.0829802732772355	0.127548535179168	0.105264404228202	0.201331810716047
evalexp	~~	evalexp	3	3	0.105564837120722	0.0117878227195508	8.9554143824742	0	0.082461129134259	0.128668545107184	0.105564837120722	0.19442119946965
MHWdacad	~~	MHWdacad	3	3	0.236271679060522	0.0106668924824474	22.1500009913208	0	0.215364953967964	0.257178404153079	0.236271679060522	0.196166883538652
MHWdlonely	~~	MHWdlonely	3	3	0.155270808198363	0.0077848331268438	19.9452969213887	0	0.140012815644094	0.170528800752631	0.155270808198363	0.137118764758336
MHWdmental	~~	MHWdmental	3	3	0.127704689569207	0.00664878863307444	19.2072115112728	0	0.114673303307562	0.140736075830852	0.127704689569207	0.119323287456333
MHWdexhaust	~~	MHWdexhaust	3	3	0.15675968902742	0.0077091300761133	20.3342903128771	0	0.141650071726103	0.171869306328736	0.15675968902742	0.141074700055504
MHWdsleep	~~	MHWdsleep	3	3	0.18723371735836	0.00902402327169737	20.7483637531824	0	0.169546956750182	0.204920477966538	0.18723371735836	0.159799603586874
MHWdfinancial	~~	MHWdfinancial	3	3	0.346951823147043	0.0154814773619427	22.4107696594859	0	0.316608685090163	0.377294961203923	0.346951823147043	0.271440597208497
QIadmin	~~	QIadmin	3	3	0.258567300113388	0.0119546622156374	21.6289925595026	0	0.235136592723397	0.281998007503379	0.258567300113388	0.1715229518909
QIstudent	~~	QIstudent	3	3	0.202411570664034	0.00955006451780307	21.1947856778037	0	0.183693788159106	0.221129353168962	0.202411570664034	0.139061554559758
QIadvisor	~~	QIadvisor	3	3	0.167129910209945	0.00868916107018344	19.2342976335709	0	0.150099467456518	0.184160352963372	0.167129910209945	0.110703596745562
QIfaculty	~~	QIfaculty	3	3	0.141395697097585	0.00768260500173664	18.4046553305321	0	0.126338067986734	0.156453326208436	0.141395697097585	0.0996121159334206
QIstaff	~~	QIstaff	3	3	0.18362955564369	0.00943110860217135	19.4706225312062	0	0.165144922449148	0.202114188838231	0.18362955564369	0.123869761104392
Belong	~~	Belong	3	3	0.306367311627119	0.0165491457520579	18.5125755865086	0	0.273931581978181	0.338803041276057	0.563303971309615	0.563303971309615
Gains	~~	Gains	3	3	0.217994562981099	0.0147662992894877	14.7629787739906	0	0.189053148188764	0.246935977773434	0.737572389255299	0.737572389255299
SupportEnv	~~	SupportEnv	3	3	0.260549640834554	0.0155275670974171	16.7798109774644	0	0.230116168556088	0.290983113113021	0.530933714144076	0.530933714144076
Satisf	~~	Satisf	3	3	0.210560410684698	0.0124584658993572	16.9009902491736	0	0.186142266219338	0.234978555150059	0.504244528818692	0.504244528818692
DevAdj	~~	DevAdj	3	3	0.23750833497067	0.0187271070496354	12.6825961074054	0	0.200803879618758	0.274212790322582	1	1
EmoDiss	~~	EmoDiss	3	3	0.968170552973852	0.0404097253489965	23.9588501186854	0	0.888968946664664	1.04737215928304	1	1
QualEngag	~~	QualEngag	3	3	1.24891200375175	0.0491192595702389	25.4261162460288	0	1.15264002404681	1.3451839834567	1	1
DevAdj	~~	EmoDiss	3	3	-0.312708947276828	0.018104870430052	-17.2720897663961	0	-0.348193841264495	-0.277224053289162	-0.65211613410053	-0.65211613410053
DevAdj	~~	QualEngag	3	3	0.394329975620828	0.0210065766755557	18.7717390468334	0	0.35315784189826	0.435502109343396	0.724026470708722	0.724026470708722
EmoDiss	~~	QualEngag	3	3	-0.366438640579081	0.0291873052777226	-12.554726689989	0	-0.423644707729193	-0.309232573428969	-0.333241751729562	-0.333241751729562
sbvalued	~1		3	3	2.92236244298722	0.0221479863036075	131.9470945542	0	2.87895318750206	2.96577169847238	2.92236244298722	3.51039851548148
sbmyself	~1		3	3	2.88568696490926	0.0225826918416572	127.783126349276	0	2.84142570222565	2.92994822759288	2.88568696490926	3.39270816808743
sbcommunity	~1		3	3	2.92217692785475	0.0219396181677893	133.191785996757	0	2.87917606641133	2.96517778929818	2.92217692785475	3.55843956724745
pganalyze	~1		3	3	2.89587024571884	0.0195217193692775	148.340942257179	0	2.85760837883876	2.93413211259892	2.89587024571884	3.94912586491105
pgthink	~1		3	3	2.87315003327548	0.0184681456042186	155.573282496711	0	2.83695313302997	2.90934693352099	2.87315003327548	4.13779656164593
pgwork	~1		3	3	2.87870996514618	0.0190295257711333	151.275969762369	0	2.84141277999188	2.91600715030047	2.87870996514618	4.03377238636657
pgvalues	~1		3	3	2.9002599649638	0.0197875653909861	146.569823404599	0	2.86147704945573	2.93904288047186	2.9002599649638	3.90515858332784
pgprobsolve	~1		3	3	2.89530636406091	0.0186553826465108	155.199516349906	0	2.85874248595593	2.93187024216588	2.89530636406091	4.13152017569755
SEacademic	~1		3	3	2.83447096222425	0.0215691547017546	131.413168546363	0	2.79219619583184	2.87674572861667	2.83447096222425	3.51210966131129
SEwellness	~1		3	3	2.87141597249485	0.0221800022866203	129.459678830916	0	2.82794396683606	2.91488797815364	2.87141597249485	3.45544539783382
SEnonacad	~1		3	3	2.83591966788694	0.0227867269391689	124.454893212951	0	2.79125850376062	2.88058083201326	2.83591966788694	3.31639927310486
SEactivities	~1		3	3	2.8238163562595	0.0230512115364613	122.501862940823	0	2.77863681184803	2.86899590067098	2.8238163562595	3.27187582941407
SEdiverse	~1		3	3	2.81868060539393	0.0230640364488351	122.211071407507	0	2.77347592461609	2.86388528617176	2.81868060539393	3.28789381920803
sameinst	~1		3	3	3.04655935786565	0.0192289007177876	158.436480721306	0	3.00887140499649	3.08424731073481	3.04655935786565	4.21332611787108
evalexp	~1		3	3	3.03795017377508	0.0196215996873352	154.826834824071	0	2.99949254506885	3.07640780248132	3.03795017377508	4.12280519589856
MHWdacad	~1		3	3	3.24477940319616	0.0293692429113117	110.482228397737	0	3.18721674483678	3.30234206155554	3.24477940319616	2.95659738912961
MHWdlonely	~1		3	3	3.21960724859857	0.028509253242944	112.932009167775	0	3.16373013901627	3.27548435818088	3.21960724859857	3.02556463950761
MHWdmental	~1		3	3	3.20825754826091	0.0276123362687421	116.189282827645	0	3.15413836364517	3.26237673287665	3.20825754826091	3.10119022852778
MHWdexhaust	~1		3	3	3.1975134088181	0.028235686508285	113.243692795635	0	3.14217248018309	3.2528543374531	3.1975134088181	3.03333059486623
MHWdsleep	~1		3	3	3.20579793009128	0.0288405774238211	111.155816438108	0	3.14927143704726	3.26232442313531	3.20579793009128	2.96163792666986
MHWdfinancial	~1		3	3	3.21378238102722	0.0302579830645872	106.212710019939	0	3.1544778239758	3.27308693807863	3.21378238102722	2.84262309125834
QIadmin	~1		3	3	5.04957612635582	0.0330150496340665	152.947706646651	0	4.98486781812525	5.1142844345864	5.04957612635582	4.11272096202789
QIstudent	~1		3	3	5.03832553721453	0.032369535199835	155.65022809596	0	4.97488241402655	5.10176866040251	5.03832553721453	4.17611161306045
QIadvisor	~1		3	3	5.0503273575528	0.0328791929838843	153.602533980326	0	4.98588532346365	5.11476939164196	5.0503273575528	4.11029795820386
QIfaculty	~1		3	3	5.05519186851435	0.0318236364908746	158.850226622087	0	4.99281868713514	5.11756504989356	5.05519186851435	4.24302538224162
QIstaff	~1		3	3	5.04544316885817	0.0326853480004479	154.3640645585	0	4.98138106395514	5.10950527376121	5.04544316885817	4.14391345891179
Belong	~1		3	3	0	0	NA	NA	0	0	0	0
Gains	~1		3	3	0	0	NA	NA	0	0	0	0
SupportEnv	~1		3	3	0	0	NA	NA	0	0	0	0
Satisf	~1		3	3	0	0	NA	NA	0	0	0	0
DevAdj	~1		3	3	0	0	NA	NA	0	0	0	0
EmoDiss	~1		3	3	0	0	NA	NA	0	0	0	0
QualEngag	~1		3	3	0	0	NA	NA	0	0	0	0
Belong	=~	sbvalued	4	4	1	0	NA	NA	1	1	0.620497471420556	0.852121692203233
Belong	=~	sbmyself	4	4	0.991614899743435	0.0246193960576681	40.2777914381284	0	0.943361770149278	1.03986802933759	0.615294537913749	0.817520352139638
Belong	=~	sbcommunity	4	4	1.0100935389983	0.0250456272647379	40.3301354093226	0	0.961005011589201	1.0591820664074	0.626760486846687	0.868515765279317
Gains	=~	pganalyze	4	4	1	0	NA	NA	1	1	0.494717520621001	0.705253345552969
Gains	=~	pgthink	4	4	1.00389850608661	0.0359156849956394	27.9515344398553	0	0.933505057015073	1.07429195515815	0.496646179886295	0.75436467153765
Gains	=~	pgwork	4	4	1.01041024880103	0.0357426458135859	28.2690390093329	0	0.94035595029423	1.08046454730783	0.499867653096894	0.741212949490238
Gains	=~	pgvalues	4	4	1.00692996334967	0.037390967274929	26.9297650404681	0	0.933645014143692	1.08021491255565	0.498145894907343	0.686838668502171
Gains	=~	pgprobsolve	4	4	1.0443510527507	0.0375033531994861	27.8468713769577	0	0.970845831180227	1.11785627432118	0.516658763474761	0.761312028966289
SupportEnv	=~	SEacademic	4	4	1	0	NA	NA	1	1	0.60140103545862	0.830449922961127
SupportEnv	=~	SEwellness	4	4	0.959010763936102	0.0250203616816239	38.3292126684341	0	0.909971756159953	1.00804977171225	0.576750066447134	0.807573900830786
SupportEnv	=~	SEnonacad	4	4	0.935624289528168	0.0269975792649747	34.6558585992189	0	0.882710006499053	0.988538572557284	0.562685416522476	0.747509760041366
SupportEnv	=~	SEactivities	4	4	0.999236260770231	0.0273803787676189	36.4946105841299	0	0.945571704502633	1.05290081703783	0.600941721895017	0.753837684095886
SupportEnv	=~	SEdiverse	4	4	0.938718000902641	0.0250697199834044	37.4442954099229	0	0.889582252632665	0.987853749172618	0.564545977746495	0.771228009016596
Satisf	=~	sameinst	4	4	1	0	NA	NA	1	1	0.530315821684373	0.848633082755547
Satisf	=~	evalexp	4	4	1.05223626870069	0.0605026875593124	17.3915624437205	0	0.933653180116558	1.17081935728482	0.558017541442105	0.855611046612753
DevAdj	=~	Belong	4	4	1	0	NA	NA	1	1	0.416160539323686	0.416160539323686
DevAdj	=~	Gains	4	4	0.643048706372645	0.0759255665096922	8.46946207889746	0	0.494237330507848	0.791860082237442	0.335650649011241	0.335650649011241
DevAdj	=~	SupportEnv	4	4	1.06947270276296	0.103920971820129	10.2912115238303	0	0.865791340757102	1.27315406476881	0.45920482886561	0.45920482886561
DevAdj	=~	Satisf	4	4	0.933572772901894	0.0918949004727423	10.1591357964288	0	0.753462077612426	1.11368346819136	0.454584377832306	0.454584377832306
EmoDiss	=~	MHWdacad	4	4	1	0	NA	NA	1	1	0.90306186834714	0.890985591430562
EmoDiss	=~	MHWdlonely	4	4	1.01675761322512	0.0170512929885763	59.6293556099416	0	0.983337693077668	1.05017753337257	0.918195029855253	0.909562731343478
EmoDiss	=~	MHWdmental	4	4	1.02757219112078	0.0162870615202485	63.0913188264975	0	0.995650137127103	1.05949424511445	0.927961262775094	0.934571748003324
EmoDiss	=~	MHWdexhaust	4	4	1.02977664410226	0.0161442205148637	63.7860863678223	0	0.998134553334657	1.06141873486987	0.929952020203237	0.923045035084408
EmoDiss	=~	MHWdsleep	4	4	1.03257464109357	0.0168082307068851	61.4326789714157	0	0.99963111426423	1.0655181679229	0.932478784593832	0.903309932214045
EmoDiss	=~	MHWdfinancial	4	4	1.02214245734288	0.020836812101045	49.0546467658371	0	0.981303056072206	1.06298185861356	0.923057877245	0.838846436023989
QualEngag	=~	QIadmin	4	4	1	0	NA	NA	1	1	0.966155857702115	0.883631977241311
QualEngag	=~	QIstudent	4	4	1.00614549998102	0.0183567747703527	54.8105815192551	0	0.970166882558817	1.04212411740323	0.972093368507287	0.895271048724835
QualEngag	=~	QIadvisor	4	4	1.0277757933664	0.0178446736469637	57.5956620838105	0	0.99280087570248	1.06275071103032	0.992991603165385	0.917758264794133
QualEngag	=~	QIfaculty	4	4	1.01001456535785	0.0169058655730975	59.7434399907389	0	0.9768796777071	1.04314945300859	0.975831488684938	0.92861939756357
QualEngag	=~	QIstaff	4	4	1.00874989916282	0.0168714110119459	59.7904880895003	0	0.975682541211031	1.0418172571146	0.974609624032574	0.919396673533672
sbvalued	~~	sbvalued	4	4	0.14522814169624	0.00859379752248393	16.8991812195109	0	0.128384608061741	0.162071675330738	0.14522814169624	0.273888621676699
sbmyself	~~	sbmyself	4	4	0.187872273107811	0.00994331485082075	18.8943301028332	0	0.16838373411326	0.207360812102362	0.187872273107811	0.331660473837481
sbcommunity	~~	sbcommunity	4	4	0.127943508421025	0.00856042964720863	14.9459213723863	0	0.111165374620307	0.144721642221743	0.127943508421025	0.245680365461282
pganalyze	~~	pganalyze	4	4	0.247321611263596	0.00944823680043508	26.176483135161	0	0.228803407417337	0.265839815109855	0.247321611263596	0.502617718586345
pgthink	~~	pgthink	4	4	0.18678509536996	0.00808728685397067	23.0961382652394	0	0.170934304403533	0.202635886336387	0.18678509536996	0.430933942335893
pgwork	~~	pgwork	4	4	0.204936115970518	0.00851054072479467	24.0802697028939	0	0.188255762660959	0.221616469280077	0.204936115970518	0.450603363507982
pgvalues	~~	pgvalues	4	4	0.277872338028424	0.0107505854973339	25.8471818206864	0	0.256801577640931	0.298943098415917	0.277872338028424	0.528252643450165
pgprobsolve	~~	pgprobsolve	4	4	0.193619480559585	0.00878019782069495	22.0518357915835	0	0.176410609053886	0.210828352065284	0.193619480559585	0.420403994551232
SEacademic	~~	SEacademic	4	4	0.162763600459011	0.00767700706981421	21.201439438423	0	0.147716943093116	0.177810257824906	0.162763600459011	0.310352925453859
SEwellness	~~	SEwellness	4	4	0.177407017407634	0.00779215573226312	22.7673860101496	0	0.162134672810471	0.192679362004797	0.177407017407634	0.347824394696949
SEnonacad	~~	SEnonacad	4	4	0.250012538019958	0.00944614230873388	26.4671576870906	0	0.231498439301999	0.268526636737916	0.250012538019958	0.4412291586429
SEactivities	~~	SEactivities	4	4	0.274359493737894	0.0106872381023973	25.6716928273873	0	0.253412891962991	0.295306095512796	0.274359493737894	0.431728746036951
SEdiverse	~~	SEdiverse	4	4	0.21712526964171	0.00874236730062309	24.8359811679652	0	0.199990544592868	0.234259994690552	0.21712526964171	0.405207358108297
sameinst	~~	sameinst	4	4	0.109272515092498	0.015587531545493	7.01025141624129	2.37898589716679e-12	0.0787215146554497	0.139823515529546	0.109272515092498	0.279821890852816
evalexp	~~	evalexp	4	4	0.113962995020027	0.0171547885723106	6.64321769630977	3.06907832481329e-11	0.0803402272558984	0.147585762784155	0.113962995020027	0.267929736914229
MHWdacad	~~	MHWdacad	4	4	0.211770650263471	0.00880802641109637	24.0429172642672	0	0.194507235722844	0.229034064804097	0.211770650263471	0.206144675863132
MHWdlonely	~~	MHWdlonely	4	4	0.175989164083987	0.00789261436452036	22.2979555260055	0	0.160519924185664	0.191458403982311	0.175989164083987	0.172695637750993
MHWdmental	~~	MHWdmental	4	4	0.124791371232681	0.00627515560828355	19.8865779627759	0	0.112492292243061	0.137090450222302	0.124791371232681	0.126575647834011
MHWdexhaust	~~	MHWdexhaust	4	4	0.15021088421793	0.00714044162394239	21.0366378060234	0	0.136215875801292	0.164205892634568	0.15021088421793	0.147987863206024
MHWdsleep	~~	MHWdsleep	4	4	0.196108188058946	0.00907037884725729	21.620727354541	0	0.178330572192188	0.213885803925704	0.196108188058946	0.184031166363458
MHWdfinancial	~~	MHWdfinancial	4	4	0.358821382566954	0.0136075034500264	26.3693765638	0	0.332151165885398	0.385491599248511	0.358821382566954	0.296336656769852
QIadmin	~~	QIadmin	4	4	0.262048238390984	0.0108816094569918	24.0817536621487	0	0.24072067576145	0.283375801020518	0.262048238390984	0.219194528796611
QIstudent	~~	QIstudent	4	4	0.234015682818194	0.0101964050096391	22.9508030131176	0	0.214031096227517	0.25400026940887	0.234015682818194	0.198489749315134
QIadvisor	~~	QIadvisor	4	4	0.184637823335507	0.00843837434809486	21.8807338616344	0	0.168098913525174	0.201176733145839	0.184637823335507	0.157719767402063
QIfaculty	~~	QIfaculty	4	4	0.152020057729872	0.00729614434725194	20.8356702519365	0	0.137719877583252	0.166320237876491	0.152020057729872	0.137666014468672
QIstaff	~~	QIstaff	4	4	0.173849416819564	0.00789843330644651	22.010620343869	0	0.158368772004637	0.189330061634491	0.173849416819564	0.154709756695218
Belong	~~	Belong	4	4	0.318336154533436	0.0165269092082962	19.2616871383087	0	0.285944007709412	0.35072830135746	0.826810405509819	0.826810405509819
Gains	~~	Gains	4	4	0.217172073196551	0.0132284818213354	16.4170065869757	0	0.191244725256591	0.243099421136511	0.887338641818333	0.887338641818333
SupportEnv	~~	SupportEnv	4	4	0.285415402527265	0.0152292901760794	18.7412150682877	0	0.25556654227204	0.315264262782491	0.789130925146506	0.789130925146506
Satisf	~~	Satisf	4	4	0.223118540611543	0.0164956352219581	13.525913831711	0	0.190787689674395	0.255449391548691	0.793353043430815	0.793353043430815
DevAdj	~~	DevAdj	4	4	0.0666809575058677	0.00995765570587784	6.69645140135816	2.13542517002452e-11	0.0471643109518974	0.086197604059838	1	1
EmoDiss	~~	EmoDiss	4	4	0.815520738062627	0.0330451650954858	24.6789730269507	0	0.750753404612295	0.88028807151296	1	1
QualEngag	~~	QualEngag	4	4	0.933457141372109	0.0373867713445669	24.9675783118341	0	0.860180416038523	1.00673386670569	1	1
DevAdj	~~	EmoDiss	4	4	-0.15629329648482	0.0127915178031812	-12.2185106482008	0	-0.181364210686658	-0.131222382282982	-0.670227020904254	-0.670227020904254
DevAdj	~~	QualEngag	4	4	0.128597742521398	0.0129629317411201	9.92042117397485	0	0.103190863174752	0.154004621868045	0.515448452101597	0.515448452101597
EmoDiss	~~	QualEngag	4	4	-0.178107181715473	0.0222583062597159	-8.00182995225562	1.33226762955019e-15	-0.221732660341379	-0.134481703089568	-0.204134653370186	-0.204134653370186
sbvalued	~1		4	4	2.69860097138557	0.017361390583798	155.436913786385	0	2.66457327111979	2.73262867165135	2.69860097138557	3.70595615974686
sbmyself	~1		4	4	2.68111935506066	0.0179078995270724	149.717131872862	0	2.64602051694884	2.71621819317248	2.68111935506066	3.56230960006481
sbcommunity	~1		4	4	2.68914082613042	0.0171589999559127	156.71897156243	0	2.65550980420611	2.72277184805474	2.68914082613042	3.72640147482977
pganalyze	~1		4	4	2.87907875056393	0.0166223834662426	173.204929149353	0	2.84649947763288	2.91165802349497	2.87907875056393	4.10432183278426
pgthink	~1		4	4	2.87865151254092	0.0158188701014259	181.975798150176	0	2.84764709686601	2.90965592821583	2.87865151254092	4.37243472450842
pgwork	~1		4	4	2.9020874816734	0.0160560827542637	180.746918541058	0	2.87061813774224	2.93355682560455	2.9020874816734	4.30326869250904
pgvalues	~1		4	4	2.87760060080539	0.017355148611358	165.806739270568	0	2.84358513458079	2.91161606703	2.87760060080539	3.96760745264367
pgprobsolve	~1		4	4	2.88740181114616	0.0162963485955506	177.180906153081	0	2.85546155481937	2.91934206747294	2.88740181114616	4.25467230343805
SEacademic	~1		4	4	2.63922416479663	0.0174469844102158	151.271079445183	0	2.60502870371378	2.67341962587949	2.63922416479663	3.64439596061073
SEwellness	~1		4	4	2.6389260320426	0.0172377243714505	153.090162899533	0	2.60514071309913	2.67271135098607	2.6389260320426	3.69506292878059
SEnonacad	~1		4	4	2.63512596462672	0.0179984653817836	146.408369198729	0	2.59984962070143	2.67040230855201	2.63512596462672	3.50068141035287
SEactivities	~1		4	4	2.62596189567487	0.0190733327866163	137.677139336525	0	2.58857885034795	2.66334494100178	2.62596189567487	3.29407821396932
SEdiverse	~1		4	4	2.64401555063391	0.0175335559739286	150.797451159675	0	2.6096504124041	2.67838068886373	2.64401555063391	3.61199783419584
sameinst	~1		4	4	2.81534587387064	0.0148793929879383	189.211070381221	0	2.78618279950246	2.84450894823881	2.81534587387064	4.50523169453526
evalexp	~1		4	4	2.82804971733932	0.015527505222501	182.131622357542	0	2.79761636633346	2.85848306834518	2.82804971733932	4.33626257029887
MHWdacad	~1		4	4	4.06614419056436	0.0244346165860108	166.409166939509	0	4.01825322207974	4.11403515904899	4.06614419056436	4.01176930779153
MHWdlonely	~1		4	4	4.06668880648589	0.0244085748676751	166.609022793523	0	4.01884887883129	4.11452873414048	4.06668880648589	4.02845632799205
MHWdmental	~1		4	4	4.09027174809328	0.0239729135402859	170.620552283713	0	4.04328570094982	4.13725779523673	4.09027174809328	4.11940947404679
MHWdexhaust	~1		4	4	4.07924320132766	0.0243085370986211	167.811135025441	0	4.0315993440975	4.12688705855781	4.07924320132766	4.04894564674898
MHWdsleep	~1		4	4	4.07056106712563	0.0249502855302267	163.146873096673	0	4.0216594060824	4.11946272816887	4.07056106712563	3.94322991832999
MHWdfinancial	~1		4	4	4.07622849157406	0.0267569437260545	152.342828587139	0	4.02378584553463	4.1286711376135	4.07622849157406	3.70435031959407
QIadmin	~1		4	4	4.63903219531184	0.0261657620978745	177.293983563684	0	4.58774824397196	4.69031614665171	4.63903219531184	4.24279080704323
QIstudent	~1		4	4	4.64006916324678	0.0262971729974592	176.447451735405	0	4.58852765127654	4.69161067521702	4.64006916324678	4.27337508979681
QIadvisor	~1		4	4	4.64741520524454	0.0260385625274515	178.482018749881	0	4.59638056048154	4.69844985000754	4.64741520524454	4.29530693003526
QIfaculty	~1		4	4	4.64160003673614	0.0253208677690085	183.311254538331	0	4.59197204785158	4.69122802562069	4.64160003673614	4.4170329404451
QIstaff	~1		4	4	4.66736794741854	0.0254483646461346	183.405417688695	0	4.61749006924667	4.71724582559041	4.66736794741854	4.40295525428843
Belong	~1		4	4	0	0	NA	NA	0	0	0	0
Gains	~1		4	4	0	0	NA	NA	0	0	0	0
SupportEnv	~1		4	4	0	0	NA	NA	0	0	0	0
Satisf	~1		4	4	0	0	NA	NA	0	0	0	0
DevAdj	~1		4	4	0	0	NA	NA	0	0	0	0
EmoDiss	~1		4	4	0	0	NA	NA	0	0	0	0
QualEngag	~1		4	4	0	0	NA	NA	0	0	0	0
Belong	=~	sbvalued	5	5	1	0	NA	NA	1	1	0.538169823130515	0.826736438439299
Belong	=~	sbmyself	5	5	0.923513598548128	0.0800190607497918	11.5411701898854	0	0.766679121401813	1.08034807569444	0.497007149989272	0.72260491705232
Belong	=~	sbcommunity	5	5	0.971884752328171	0.0696769431902681	13.9484413039508	0	0.835320453122402	1.10844905153394	0.523039045263697	0.868920037155774
Gains	=~	pganalyze	5	5	1	0	NA	NA	1	1	0.545473397080672	0.7539757798982
Gains	=~	pgthink	5	5	0.929955496840958	0.0742904747115384	12.5178295124896	0	0.784348842011959	1.07556215166996	0.507265983995682	0.797382687893953
Gains	=~	pgwork	5	5	0.988916962306015	0.0803869273687581	12.3019624542877	0	0.831361479835412	1.14647244477662	0.539427894859761	0.775009245609495
Gains	=~	pgvalues	5	5	0.895391627842374	0.0833567670100836	10.741678929727	0	0.732015366634914	1.05876788904983	0.488412312956773	0.669171877580124
Gains	=~	pgprobsolve	5	5	0.981516459233895	0.0816502980605695	12.020978276231	0	0.821484815708218	1.14154810275957	0.535391117308906	0.812138958506913
SupportEnv	=~	SEacademic	5	5	1	0	NA	NA	1	1	0.604638070034021	0.822041376518666
SupportEnv	=~	SEwellness	5	5	0.966895380174655	0.0792934852600967	12.1938817168027	0	0.811483004856208	1.1223077554931	0.584621756593614	0.801059262496601
SupportEnv	=~	SEnonacad	5	5	0.928424928913126	0.0741664479171817	12.5181258505174	0	0.783061362134185	1.07378849569207	0.561361057189506	0.767820946739895
SupportEnv	=~	SEactivities	5	5	1.02360323912219	0.078432907114431	13.0506859528844	0	0.86987756597513	1.17732891226925	0.618909486983413	0.764617127080774
SupportEnv	=~	SEdiverse	5	5	0.966040522721807	0.0764852318748668	12.6304189585552	0	0.816132222897873	1.11594882254574	0.58410487723317	0.764477784478948
Satisf	=~	sameinst	5	5	1	0	NA	NA	1	1	0.501179863811575	0.800426539834844
Satisf	=~	evalexp	5	5	1.10136612915778	0.240869423500274	4.57246134919455	4.82028159654035e-06	0.629270734120314	1.57346152419524	0.551982526617976	0.864889841153375
DevAdj	=~	Belong	5	5	1	0	NA	NA	1	1	0.147668777661441	0.147668777661441
DevAdj	=~	Gains	5	5	1.88328405568946	0.948264756529576	1.98603189955286	0.0470297819849366	0.0247192850828528	3.74184882629608	0.274378625820555	0.274378625820555
DevAdj	=~	SupportEnv	5	5	0.901191834225371	0.674807106558868	1.33548065138338	0.181719083771199	-0.421405791141692	2.22378945959243	0.118448558938711	0.118448558938711
DevAdj	=~	Satisf	5	5	1.57512781864024	0.962731744578371	1.63610250468065	0.101818136095865	-0.311791727506776	3.46204736478727	0.249764212070397	0.249764212070397
EmoDiss	=~	MHWdacad	5	5	1	0	NA	NA	1	1	0.872094059028106	0.882508040378469
EmoDiss	=~	MHWdlonely	5	5	0.976414799260066	0.0433719211784131	22.5126019952753	0	0.891407395810066	1.06142220271007	0.851525545581824	0.888231019803148
EmoDiss	=~	MHWdmental	5	5	0.986085355504575	0.0442181876539271	22.3004471196819	0	0.899419300241244	1.07275141076791	0.859959180230157	0.925850627365938
EmoDiss	=~	MHWdexhaust	5	5	0.988917919991532	0.0441564947374156	22.3957523320705	0	0.902372780622666	1.0754630593604	0.862429442891047	0.922665060717522
EmoDiss	=~	MHWdsleep	5	5	0.934156664560453	0.0447564141328102	20.8720176238524	0	0.846435704782985	1.02187762433792	0.814672477364682	0.88136249980401
EmoDiss	=~	MHWdfinancial	5	5	1.03786435344017	0.0594447017796851	17.4593247567583	0	0.921354878880265	1.15437382800008	0.90511533671222	0.823261312675035
QualEngag	=~	QIadmin	5	5	1	0	NA	NA	1	1	0.904330853397229	0.872262749910025
QualEngag	=~	QIstudent	5	5	0.995062359217511	0.0505424072896385	19.6876724433643	0	0.896001061237864	1.09412365719716	0.899865592494631	0.883436809174983
QualEngag	=~	QIadvisor	5	5	0.908999840492761	0.0500942631201274	18.1457872394081	0	0.810816888945238	1.00718279204028	0.822036601490763	0.890324191177142
QualEngag	=~	QIfaculty	5	5	0.908739177590266	0.0439578931182	20.672946611584	0	0.822583290242333	0.994895064938199	0.821800875985702	0.905211426078906
QualEngag	=~	QIstaff	5	5	0.979007009464552	0.0485420838954835	20.1682113930762	0	0.883866273294883	1.07414774563422	0.885346244350947	0.899319252402962
sbvalued	~~	sbvalued	5	5	0.134118180745276	0.0236840858943764	5.66279743045187	1.48924930165606e-08	0.087698225385545	0.180538136105006	0.134118180745276	0.316506861356703
sbmyself	~~	sbmyself	5	5	0.226051758259379	0.0277562520040554	8.1441744449629	4.44089209850063e-16	0.171650503985612	0.280453012533145	0.226051758259379	0.477842133851809
sbcommunity	~~	sbcommunity	5	5	0.088763746943714	0.0188683646510165	4.7043688515386	2.54652497599928e-06	0.051782431780553	0.125745062106875	0.088763746943714	0.244977969029209
pganalyze	~~	pganalyze	5	5	0.225857135079755	0.0253951562153645	8.89370922408847	0	0.176083543515872	0.275630726643637	0.225857135079755	0.431520523326901
pgthink	~~	pgthink	5	5	0.147385575122066	0.017696415038353	8.32855551831495	0	0.112701238991421	0.182069911252711	0.147385575122066	0.364180849047015
pgwork	~~	pgwork	5	5	0.193472091331423	0.0230235246207328	8.40323514833174	0	0.148346812277616	0.238597370385231	0.193472091331423	0.399360669219801
pgvalues	~~	pgvalues	5	5	0.294171994476965	0.0320555050648491	9.17695708995532	0	0.23134435904362	0.356999629910311	0.294171994476965	0.552208998255891
pgprobsolve	~~	pgprobsolve	5	5	0.14794825853506	0.0192089587283561	7.70204468796426	1.33226762955019e-14	0.110299391246965	0.185597125823154	0.14794825853506	0.340430312075306
SEacademic	~~	SEacademic	5	5	0.175420721914112	0.0217721363498857	8.05712030712286	8.88178419700125e-16	0.13274811880184	0.218093325026383	0.175420721914112	0.324247975291297
SEwellness	~~	SEwellness	5	5	0.190841306429222	0.0219097279517987	8.71034578106453	0	0.147899028732626	0.233783584125818	0.190841306429222	0.358304057968401
SEnonacad	~~	SEnonacad	5	5	0.219394614472103	0.0236486559020429	9.27725513791889	0	0.173044100621319	0.265745128322888	0.219394614472103	0.410450993747452
SEactivities	~~	SEactivities	5	5	0.272139501832353	0.0296638595469105	9.17410970753792	0	0.213999405477954	0.330279598186752	0.272139501832353	0.415360648974743
SEdiverse	~~	SEdiverse	5	5	0.242605140654275	0.0247243509934185	9.81239672252084	0	0.194146303166047	0.291063978142502	0.242605140654275	0.415573717038159
sameinst	~~	sameinst	5	5	0.140871279927661	0.056496051788295	2.4934712332738	0.0126500834300582	0.0301410531538926	0.251601506701428	0.140871279927661	0.359317354328019
evalexp	~~	evalexp	5	5	0.102629037492276	0.06709833589081	1.52953178539757	0.126132665536005	-0.0288812842762826	0.234139359260835	0.102629037492276	0.251965562669689
MHWdacad	~~	MHWdacad	5	5	0.215990326689603	0.025192423932602	8.57362226308387	0	0.166614083098439	0.265366570280768	0.215990326689603	0.221179558667355
MHWdlonely	~~	MHWdlonely	5	5	0.193963452888014	0.0224045825171521	8.65731163432851	0	0.15005127806574	0.237875627710288	0.193963452888014	0.211045655459459
MHWdmental	~~	MHWdmental	5	5	0.123198069904841	0.0176135803320015	6.99449331610372	2.6620927684462e-12	0.0886760868153145	0.157720052994367	0.123198069904841	0.142800615806098
MHWdexhaust	~~	MHWdexhaust	5	5	0.12990874349058	0.0177524455141321	7.31779423782282	2.52020626589911e-13	0.095114589645371	0.164702897335788	0.12990874349058	0.148689185731132
MHWdsleep	~~	MHWdsleep	5	5	0.190700320479241	0.0248138681443981	7.68523147497633	1.53210777398272e-14	0.142066032599095	0.239334608359387	0.190700320479241	0.223200143939227
MHWdfinancial	~~	MHWdfinancial	5	5	0.389504944644348	0.0414276807636476	9.40204562419373	0	0.308308182384575	0.47070170690412	0.389504944644348	0.322240811052578
QIadmin	~~	QIadmin	5	5	0.257065859709596	0.0253538495101041	10.1391254060709	0	0.207373227800344	0.306758491618849	0.257065859709596	0.239157695119402
QIstudent	~~	QIstudent	5	5	0.22778063156641	0.0261685405840397	8.70436892859568	0	0.176491234493717	0.279070028639102	0.22778063156641	0.219539404194724
QIadvisor	~~	QIadvisor	5	5	0.176739287791866	0.0207752036193672	8.50722289080744	0	0.13602063692642	0.217457938657312	0.176739287791866	0.207322834604767
QIfaculty	~~	QIfaculty	5	5	0.148844335695454	0.0174969372565477	8.5068794334136	0	0.114550968832863	0.183137702558044	0.148844335695454	0.180592274096192
QIstaff	~~	QIstaff	5	5	0.185328802395397	0.0215110655325271	8.61551010177343	0	0.143167888682563	0.227489716108231	0.185328802395397	0.191224882257377
Belong	~~	Belong	5	5	0.283311137767356	0.0351518290937635	8.05964142041245	6.66133814775094e-16	0.214414818752872	0.35220745678184	0.978193932103976	0.978193932103976
Gains	~~	Gains	5	5	0.275141243193935	0.0459474135961418	5.98817695403508	2.1220611934325e-09	0.185085967362731	0.365196519025138	0.924716369692824	0.924716369692824
SupportEnv	~~	SupportEnv	5	5	0.360457985035575	0.05088571836405	7.08367684733784	1.40376599233605e-12	0.260723809714588	0.460192160356561	0.985969938885343	0.985969938885343
Satisf	~~	Satisf	5	5	0.235512026186533	0.056443238529447	4.17254630178005	3.01214362332658e-05	0.124885311498014	0.346138740875053	0.937617838368854	0.937617838368854
DevAdj	~~	DevAdj	5	5	0.00631562076097411	0.00724666235047731	0.871521323269342	0.383469568254442	-0.0078875764540838	0.020518817976032	1	1
EmoDiss	~~	EmoDiss	5	5	0.760548047792117	0.0767948096176639	9.90363869093023	0	0.610032986741886	0.911063108842348	1	1
QualEngag	~~	QualEngag	5	5	0.81781429240616	0.0944852034417254	8.65547474754134	0	0.632626696588439	1.00300188822388	1	1
DevAdj	~~	EmoDiss	5	5	-0.0574557961914511	0.0311687811274358	-1.84337642067359	0.0652740703233876	-0.118545484643237	0.00363389226033473	-0.829015207686994	-0.829015207686994
DevAdj	~~	QualEngag	5	5	0.0474320981408444	0.0222144762372768	2.13518867760886	0.0327456013871477	0.00389252478036104	0.0909716715013278	0.659989408423573	0.659989408423573
EmoDiss	~~	QualEngag	5	5	0.0176408625169395	0.0525573721661859	0.335649629916033	0.737135093706833	-0.0853696940508527	0.120651419084732	0.0223681022479051	0.0223681022479051
sbvalued	~1		5	5	2.48767709984947	0.0421994020931913	58.9505295443711	0	2.40496779157769	2.57038640812125	2.48767709984947	3.82156935807562
sbmyself	~1		5	5	2.44695666985001	0.0457447525736418	53.4915270535303	0	2.35729860232398	2.53661473737604	2.44695666985001	3.5576609340243
sbcommunity	~1		5	5	2.44999621339918	0.0392784194300469	62.3751222414262	0	2.37301192594663	2.52698050085173	2.44999621339918	4.07015655916288
pganalyze	~1		5	5	2.84654364574532	0.0472683569100104	60.220913774612	0	2.75389936859332	2.93918792289733	2.84654364574532	3.93460978445789
pgthink	~1		5	5	2.90678500648221	0.0416946684696001	69.7159879950016	0	2.82506495793446	2.98850505502996	2.90678500648221	4.56924003328864
pgwork	~1		5	5	2.8998351032914	0.045595277331397	63.5994618963435	0	2.81047000185675	2.98920020472605	2.8998351032914	4.16626399414897
pgvalues	~1		5	5	2.92504219015596	0.048112200384854	60.7962671995517	0	2.83074401018467	3.01934037012725	2.92504219015596	4.00758933069932
pgprobsolve	~1		5	5	2.89014912425104	0.0426870111291309	67.7055864958114	0	2.80648411983028	2.97381412867179	2.89014912425104	4.38408973144139
SEacademic	~1		5	5	2.58091770174789	0.0486901492466765	53.0069786533682	0	2.48548676282253	2.67634864067326	2.58091770174789	3.50891094255255
SEwellness	~1		5	5	2.5950867188446	0.0478437486619773	54.2408734980039	0	2.50131469458174	2.68885874310747	2.5950867188446	3.55583457109932
SEnonacad	~1		5	5	2.57449466711885	0.0482233679101264	53.3868698660143	0	2.47997860280178	2.66901073143592	2.57449466711885	3.52135387264081
SEactivities	~1		5	5	2.58413740793475	0.0537799377913175	48.0502119203259	0	2.47873066677296	2.68954414909653	2.58413740793475	3.19251160693547
SEdiverse	~1		5	5	2.56414009017147	0.05019920767937	51.0792940507951	0	2.46575145106746	2.66252872927548	2.56414009017147	3.35595234971036
sameinst	~1		5	5	2.83240522805904	0.0412555013009278	68.6552129714479	0	2.75154593134508	2.91326452477301	2.83240522805904	4.5235901914802
evalexp	~1		5	5	2.83465790532726	0.0416855947240206	68.0008987299835	0	2.75295564099405	2.91636016966047	2.83465790532726	4.44156600478666
MHWdacad	~1		5	5	3.53909908658527	0.0658140783988732	53.7741950154827	0	3.41010586324779	3.66809230992276	3.53909908658527	3.58136071135297
MHWdlonely	~1		5	5	3.58775895868423	0.0639890776071928	56.0683024798117	0	3.46234267117019	3.71317524619826	3.58775895868423	3.74241127023682
MHWdmental	~1		5	5	3.61439107759755	0.0625433269209111	57.7901953020202	0	3.49180840935925	3.73697374583585	3.61439107759755	3.89133149999507
MHWdexhaust	~1		5	5	3.58814406115126	0.0622281463834181	57.6611110837682	0	3.46617913541507	3.71010898688745	3.58814406115126	3.83875479360644
MHWdsleep	~1		5	5	3.63599061745156	0.0616057504622664	59.0203120677608	0	3.51524556530496	3.75673566959816	3.63599061745156	3.93363697547193
MHWdfinancial	~1		5	5	3.56453864478516	0.0738163891714446	48.289257775888	0	3.41986118054033	3.70921610902998	3.56453864478516	3.24217991316587
QIadmin	~1		5	5	4.88306414433425	0.0677785586201706	72.0443786905947	0	4.75022061051468	5.01590767815382	4.88306414433425	4.70990782026666
QIstudent	~1		5	5	4.90856899138612	0.066571099929212	73.7342329720497	0	4.77809203311365	5.0390459496586	4.90856899138612	4.81895358988436
QIadvisor	~1		5	5	4.94897284838494	0.0596500061269848	82.9668456001398	0	4.83206098469845	5.06588471207142	4.94897284838494	5.36009009867119
QIfaculty	~1		5	5	4.90123351777728	0.0597171222878561	82.0741745416286	0	4.78419010883271	5.01827692672185	4.90123351777728	5.39869536747744
QIstaff	~1		5	5	4.96027616294735	0.0639676287049219	77.5435366821045	0	4.83490191450927	5.08565041138543	4.96027616294735	5.03856189489383
Belong	~1		5	5	0	0	NA	NA	0	0	0	0
Gains	~1		5	5	0	0	NA	NA	0	0	0	0
SupportEnv	~1		5	5	0	0	NA	NA	0	0	0	0
Satisf	~1		5	5	0	0	NA	NA	0	0	0	0
DevAdj	~1		5	5	0	0	NA	NA	0	0	0	0
EmoDiss	~1		5	5	0	0	NA	NA	0	0	0	0
QualEngag	~1		5	5	0	0	NA	NA	0	0	0	0
