lhs	op	rhs	block	group	est	se	z	pvalue	ci.lower	ci.upper	std.lv	std.all
Belong	=~	sbvalued	1	1	1	0	NA	NA	1	1	0.64026478085057	0.877309268521912
Belong	=~	sbmyself	1	1	1.02059648861016	0.0278096080593342	36.6994200864907	0	0.966090658389692	1.07510231883063	0.653451987116847	0.853522928641932
Belong	=~	sbcommunity	1	1	1.02419277580605	0.0263269798568695	38.9027826729168	0	0.972592843464876	1.07579270814723	0.655754563150199	0.897946523098891
Gains	=~	pganalyze	1	1	1	0	NA	NA	1	1	0.496561663826582	0.700128538199857
Gains	=~	pgthink	1	1	1.07544204953199	0.0448135811336463	23.9981278515709	0	0.98760904449178	1.1632750545722	0.534023293464675	0.799168583805786
Gains	=~	pgwork	1	1	1.12231333027075	0.0478789689010597	23.4406328296244	0	1.02847227560776	1.21615438493374	0.557297774613994	0.780271481745624
Gains	=~	pgvalues	1	1	1.08345188063902	0.0450372192406608	24.0568112087359	0	0.995180552963495	1.17172320831455	0.538000668526154	0.734087600296157
Gains	=~	pgprobsolve	1	1	1.0788581875742	0.044105273503663	24.4609794219869	0	0.992413439978734	1.16530293516967	0.535719616654777	0.779907075065533
SupportEnv	=~	SEacademic	1	1	1	0	NA	NA	1	1	0.627299890121681	0.856345443262861
SupportEnv	=~	SEwellness	1	1	0.93523163476891	0.026190517112782	35.7087884420762	0	0.883899164491377	0.986564105046443	0.586670701728857	0.812846640942602
SupportEnv	=~	SEnonacad	1	1	0.917340052672606	0.0292323509751229	31.380987914837	0	0.860045697577931	0.974634407767281	0.575447314245743	0.761476236332331
SupportEnv	=~	SEactivities	1	1	0.900514683144952	0.0313141417241649	28.7574441949348	0	0.839140093158806	0.961889273131098	0.564892761789789	0.728823138836143
SupportEnv	=~	SEdiverse	1	1	0.906506245586482	0.0288009936421818	31.4748253775112	0	0.850057335328839	0.962955155844126	0.568651268251018	0.774831517398074
Satisf	=~	sameinst	1	1	1	0	NA	NA	1	1	0.58893899685471	0.878045821939986
Satisf	=~	evalexp	1	1	0.960518496288061	0.0419703983022909	22.885617843556	0	0.87825802719877	1.04277896537735	0.565686799664285	0.862563039019111
DevAdj	=~	Belong	1	1	1	0	NA	NA	1	1	0.551211744432993	0.551211744432993
DevAdj	=~	Gains	1	1	0.556016971006546	0.0638349774432417	8.71022428888494	0	0.430902714263865	0.681131227749226	0.395178160622103	0.395178160622103
DevAdj	=~	SupportEnv	1	1	0.921120453023947	0.0807170295054788	11.4117238786819	0	0.762917982254151	1.07932292379374	0.518226109163032	0.518226109163032
DevAdj	=~	Satisf	1	1	0.961097159855554	0.0742393395434857	12.9459282068719	0	0.815590728114282	1.10660359159683	0.575937102413929	0.575937102413929
EmoDiss	=~	MHWdacad	1	1	1	0	NA	NA	1	1	0.910973963098143	0.895132160192376
EmoDiss	=~	MHWdlonely	1	1	1.00781636706804	0.0196516684416013	51.2840103151019	0	0.969299804686381	1.0463329294497	0.918094469983148	0.910864915355044
EmoDiss	=~	MHWdmental	1	1	1.02712674682361	0.0188349160185548	54.533120604932	0	0.990210989775407	1.06404250387182	0.935685723158008	0.937941062110327
EmoDiss	=~	MHWdexhaust	1	1	1.00967300164396	0.0199828324443247	50.527021354809	0	0.970507369743986	1.04883863354394	0.919785815740797	0.917571426365549
EmoDiss	=~	MHWdsleep	1	1	0.990783193538235	0.0197076638278671	50.2740051886437	0	0.952156882216193	1.02940950486028	0.902577692388561	0.90466311939501
EmoDiss	=~	MHWdfinancial	1	1	0.998698132308249	0.0237059650884956	42.1285583008352	0	0.952235294516034	1.04516097010046	0.90978799552756	0.84391686852283
QualEngag	=~	QIadmin	1	1	1	0	NA	NA	1	1	0.992047178462586	0.893846153048607
QualEngag	=~	QIstudent	1	1	1.01711477049295	0.018733366821694	54.294285708167	0	0.980398046213252	1.05383149477265	1.00902583824015	0.915477877774211
QualEngag	=~	QIadvisor	1	1	1.00506032032937	0.018533332181879	54.2298767683056	0	0.968735656739372	1.04138498391937	0.997067254967456	0.928270255601358
QualEngag	=~	QIfaculty	1	1	0.999513954439475	0.0190617789498523	52.4355023247829	0	0.962153554216501	1.03687435466245	0.991564998335663	0.934694037463175
QualEngag	=~	QIstaff	1	1	0.982527935799998	0.0195680634715579	50.2107905173191	0	0.944175236148551	1.02088063545145	0.974714066471057	0.920204407491711
sbvalued	~~	sbvalued	1	1	0.122676498391343	0.00949476369767965	12.920437232295	0	0.104067103502173	0.141285893280514	0.122676498391343	0.230328447365547
sbmyself	~~	sbmyself	1	1	0.159134591001339	0.0107531025209538	14.7989466938724	0	0.138058897338203	0.180210284664476	0.159134591001339	0.2714986102825
sbcommunity	~~	sbcommunity	1	1	0.103298371124094	0.00909103132614205	11.362668042629	0	0.0854802771425298	0.121116465105657	0.103298371124094	0.193692041654613
pganalyze	~~	pganalyze	1	1	0.256452955472093	0.0124709612403287	20.5640087022942	0	0.232010320588454	0.280895590355733	0.256452955472093	0.509820029998132
pgthink	~~	pgthink	1	1	0.161341877196945	0.00929052440097398	17.3662831325248	0	0.143132783973545	0.179550970420344	0.161341877196945	0.361329574657854
pgwork	~~	pgwork	1	1	0.199551874371062	0.0112879806862401	17.6782614993586	0	0.177427838767847	0.221675909974276	0.199551874371062	0.391176414774488
pgvalues	~~	pgvalues	1	1	0.247673462736501	0.0125006730670827	19.8128101908917	0	0.223172593742509	0.272174331730493	0.247673462736501	0.46111539509143
pgprobsolve	~~	pgprobsolve	1	1	0.18483865084756	0.00999588720776485	18.4914702422789	0	0.165247071926816	0.204430229768304	0.18483865084756	0.391744954262726
SEacademic	~~	SEacademic	1	1	0.143097037709956	0.00941346582380583	15.2013127139716	0	0.124646983725598	0.161547091694314	0.143097037709956	0.266672481802934
SEwellness	~~	SEwellness	1	1	0.176738132633719	0.010414452204553	16.9704684569441	0	0.156326181394081	0.197150083873357	0.176738132633719	0.339280338308329
SEnonacad	~~	SEnonacad	1	1	0.239942327637058	0.0119533675169248	20.0731992300348	0	0.216514157809914	0.263370497464201	0.239942327637058	0.420153941501148
SEactivities	~~	SEactivities	1	1	0.281637779469193	0.0139472798218289	20.1930256700236	0	0.254301613336106	0.30897394560228	0.281637779469193	0.468816832297033
SEdiverse	~~	SEdiverse	1	1	0.215249524962001	0.0111933006980774	19.2302101737491	0	0.193311058725642	0.23718799119836	0.215249524962001	0.399636119646599
sameinst	~~	sameinst	1	1	0.103040778428362	0.0151700458932361	6.79238409386126	1.10296216604411e-11	0.0733080348337997	0.132773522022925	0.103040778428362	0.229035534573734
evalexp	~~	evalexp	1	1	0.110099392803004	0.0141808729493637	7.76393619744995	8.21565038222616e-15	0.0823053925529126	0.137893393053095	0.110099392803004	0.255985003718115
MHWdacad	~~	MHWdacad	1	1	0.205835098245789	0.0107587517467993	19.1318754340646	0	0.184748332303455	0.226921864188123	0.205835098245789	0.198738415789331
MHWdlonely	~~	MHWdlonely	1	1	0.173039583964369	0.00977641647205098	17.6996944083814	0	0.153878159781285	0.192201008147453	0.173039583964369	0.170325105975248
MHWdmental	~~	MHWdmental	1	1	0.119688882171573	0.00696525004286266	17.1837165119749	0	0.106037242944246	0.1333405213989	0.119688882171573	0.120266564007351
MHWdexhaust	~~	MHWdexhaust	1	1	0.158826508318507	0.00881613959435593	18.0154257562104	0	0.141547192230891	0.176105824406122	0.158826508318507	0.158062677517492
MHWdsleep	~~	MHWdsleep	1	1	0.180748428479322	0.010121789400963	17.8573591406798	0	0.160910085794335	0.200586771164309	0.180748428479322	0.18158464040649
MHWdfinancial	~~	MHWdfinancial	1	1	0.334486331664075	0.0167532389297197	19.9654725314463	0	0.30165058673743	0.36732207659072	0.334486331664075	0.28780431902262
QIadmin	~~	QIadmin	1	1	0.247639281472922	0.013565364908331	18.2552613325453	0	0.22105165481545	0.274226908130394	0.247639281472922	0.201039054680207
QIstudent	~~	QIstudent	1	1	0.196678279294505	0.011694204197287	16.818440654571	0	0.173758060239966	0.219598498349045	0.196678279294505	0.161900255306027
QIadvisor	~~	QIadvisor	1	1	0.159575870946501	0.00945560732549662	16.8763216844054	0	0.141043221136575	0.178108520756428	0.159575870946501	0.13831433256579
QIfaculty	~~	QIfaculty	1	1	0.142189838045852	0.0087736540541403	16.2064559610431	0	0.124993792086923	0.159385884004781	0.142189838045852	0.126347056330789
QIstaff	~~	QIstaff	1	1	0.171914383860121	0.00968356399098251	17.7532140047001	0	0.152934947195806	0.190893820524435	0.171914383860121	0.153223848432829
Belong	~~	Belong	1	1	0.285385427903492	0.0166068434639459	17.1848086918549	0	0.252836612817264	0.317934242989721	0.696165612799137	0.696165612799137
Gains	~~	Gains	1	1	0.208067145553638	0.0167218329869052	12.4428431809225	0	0.17529295514381	0.240841335963466	0.843834221367331	0.843834221367331
SupportEnv	~~	SupportEnv	1	1	0.287826077359037	0.0187100582174322	15.3834944827093	0	0.251155037104222	0.324497117613852	0.731441699781745	0.731441699781745
Satisf	~~	Satisf	1	1	0.231798051704259	0.0166537199705106	13.9186951692903	0	0.199157360353443	0.264438743055075	0.668296454063048	0.668296454063048
DevAdj	~~	DevAdj	1	1	0.124553561694136	0.0154132987352654	8.08091530784127	6.66133814775094e-16	0.0943440512900596	0.154763072098213	1	1
EmoDiss	~~	EmoDiss	1	1	0.829873561442737	0.044490824040739	18.652690286942	0	0.74267314868038	0.917073974205095	1	1
QualEngag	~~	QualEngag	1	1	0.984157604295578	0.0473734473954434	20.7744561226557	0	0.891307353577006	1.07700785501415	1	1
DevAdj	~~	EmoDiss	1	1	-0.223002266659974	0.0199209494603316	-11.1943593403536	0	-0.262046610140066	-0.183957923179881	-0.693625797982389	-0.693625797982389
DevAdj	~~	QualEngag	1	1	0.228864158808475	0.0193575447834443	11.8229951870866	0	0.190924068203803	0.266804249413147	0.653683290619278	0.653683290619278
EmoDiss	~~	QualEngag	1	1	-0.154056647585969	0.0284589309512577	-5.41329707183397	6.18747089120575e-08	-0.209835127288946	-0.0982781678829913	-0.170467719924207	-0.170467719924207
sbvalued	~1		1	1	3.22123446027469	0.0217319267559854	148.225902675081	0	3.17864066651829	3.26382825403108	3.22123446027469	4.41382836070866
sbmyself	~1		1	1	3.191601528611	0.0226161595281625	141.120402190155	0	3.14727467046719	3.23592838675481	3.191601528611	4.16879149113525
sbcommunity	~1		1	1	3.21130456664051	0.0216145701627064	148.571289758113	0	3.16894078758029	3.25366834570073	3.21130456664051	4.3973460990861
pganalyze	~1		1	1	3.02583132986766	0.0210983812354075	143.41533106766	0	2.98447926251417	3.06718339722116	3.02583132986766	4.2662795381631
pgthink	~1		1	1	3.03313743664477	0.0199708116208625	151.878526232565	0	2.99399536512585	3.07227950816369	3.03313743664477	4.53910565212463
pgwork	~1		1	1	3.03265862312898	0.0214376641883227	141.464041813888	0	2.99064157340721	3.07467567285076	3.03265862312898	4.24601917554127
pgvalues	~1		1	1	3.02379130526957	0.0219441953521139	137.794585618209	0	2.98078147270971	3.06680113782942	3.02379130526957	4.12588279706536
pgprobsolve	~1		1	1	3.05277328512685	0.0205762928770275	148.363619402751	0	3.01244449215252	3.09310207810117	3.05277328512685	4.44426414419642
SEacademic	~1		1	1	3.13345528924161	0.021949396303368	142.758153615405	0	3.09043526300461	3.1764753154786	3.13345528924161	4.27757154251926
SEwellness	~1		1	1	3.11843789696776	0.0215524316202458	144.690768629484	0	3.07619590721282	3.16067988672271	3.11843789696776	4.32067216254115
SEnonacad	~1		1	1	3.11422743582016	0.022497640621308	138.424623641228	0	3.07013287046527	3.15832200117505	3.11422743582016	4.12098575873884
SEactivities	~1		1	1	3.10961147834719	0.0232672872858988	133.647358204571	0	3.06400843324888	3.15521452344549	3.10961147834719	4.01201245884128
SEdiverse	~1		1	1	3.11393315827538	0.0220399936307725	141.285574326467	0	3.07073556453957	3.15713075201118	3.11393315827538	4.24297577234563
sameinst	~1		1	1	3.34090208106121	0.020120363053536	166.045814987124	0	3.30146689412041	3.38033726800201	3.34090208106121	4.9809320310811
evalexp	~1		1	1	3.32099844010209	0.0195887329565371	169.536153638452	0	3.2826052290045	3.35939165119967	3.32099844010209	5.06388077072366
MHWdacad	~1		1	1	2.79577570177813	0.0306955602401522	91.080784318803	0	2.73561350922215	2.85593789433411	2.79577570177813	2.74715726762917
MHWdlonely	~1		1	1	2.76840961520088	0.0304633157271589	90.8768316619181	0	2.70870261352598	2.82811661687579	2.76840961520088	2.74660971420984
MHWdmental	~1		1	1	2.75651758518459	0.0299978893408029	91.890384482324	0	2.6977228024644	2.81531236790478	2.75651758518459	2.76316178347548
MHWdexhaust	~1		1	1	2.76969313850154	0.0302837817922757	91.4579677498534	0	2.71033801687301	2.82904826013007	2.76969313850154	2.76302508714259
MHWdsleep	~1		1	1	2.77459331251262	0.0298414718160237	92.9777636176368	0	2.71610510250754	2.83308152251769	2.77459331251262	2.78100407567974
MHWdfinancial	~1		1	1	2.7836414794268	0.0323406821953385	86.072441595806	0	2.72025490708848	2.84702805176512	2.7836414794268	2.58209826020612
QIadmin	~1		1	1	5.44842524047252	0.0330305682425655	164.950999342824	0	5.3836865163282	5.51316396461684	5.44842524047252	4.90909509859864
QIstudent	~1		1	1	5.46895853208969	0.0328413400346212	166.526655925865	0	5.4045906884178	5.53332637576159	5.46895853208969	4.96192501802023
QIadvisor	~1		1	1	5.45484621378355	0.0319365883284101	170.802408751064	0	5.39225165087078	5.51744077669631	5.45484621378355	5.07846533311359
QIfaculty	~1		1	1	5.47705920144438	0.0314152906810836	174.343737800979	0	5.4154863631456	5.53863203974316	5.47705920144438	5.16292384968784
QIstaff	~1		1	1	5.47087934017944	0.0314855647998907	173.758335762757	0	5.40916876713876	5.53258991322013	5.47087934017944	5.1649272898207
Belong	~1		1	1	0	0	NA	NA	0	0	0	0
Gains	~1		1	1	0	0	NA	NA	0	0	0	0
SupportEnv	~1		1	1	0	0	NA	NA	0	0	0	0
Satisf	~1		1	1	0	0	NA	NA	0	0	0	0
DevAdj	~1		1	1	0	0	NA	NA	0	0	0	0
EmoDiss	~1		1	1	0	0	NA	NA	0	0	0	0
QualEngag	~1		1	1	0	0	NA	NA	0	0	0	0
Belong	=~	sbvalued	2	2	1	0	NA	NA	1	1	0.652297126189387	0.864676756323745
Belong	=~	sbmyself	2	2	0.977104438579266	0.0419360720987243	23.2998559397505	0	0.894911247612691	1.05929762954584	0.63736241727215	0.844896288079177
Belong	=~	sbcommunity	2	2	0.99880337659299	0.0442101970619493	22.5921493901831	0	0.912152982602151	1.08545377058383	0.651516572179863	0.871825743789218
Gains	=~	pganalyze	2	2	1	0	NA	NA	1	1	0.471077049984927	0.70726098608443
Gains	=~	pgthink	2	2	1.11978289587947	0.0622069871314366	18.0009183456112	0	0.997859441515113	1.24170635024384	0.527504023214482	0.821464586448482
Gains	=~	pgwork	2	2	1.00669166332768	0.0716131728374127	14.0573531857502	0	0.866332423747711	1.14705090290765	0.474229339004824	0.72011983584969
Gains	=~	pgvalues	2	2	0.958799239952677	0.0766854167945456	12.503019218393	0	0.808498584895925	1.10909989500943	0.451668317484698	0.643976163523303
Gains	=~	pgprobsolve	2	2	0.982482911390706	0.0700067197247852	14.034122942099	0	0.845272262054337	1.11969356072707	0.462825151558536	0.741482564456698
SupportEnv	=~	SEacademic	2	2	1	0	NA	NA	1	1	0.626157515224773	0.871148437433983
SupportEnv	=~	SEwellness	2	2	0.873912941625261	0.0433340812111951	20.1668736753899	0	0.788979703148185	0.958846180102338	0.547207156050846	0.787943683308684
SupportEnv	=~	SEnonacad	2	2	0.864349670496449	0.0492784681709802	17.5401083389491	0	0.767765647668025	0.960933693324874	0.541219041963408	0.72792193774195
SupportEnv	=~	SEactivities	2	2	0.809439991990068	0.0489588892415247	16.5330546613696	0	0.713482332353594	0.905397651626541	0.506836934108061	0.667958733072503
SupportEnv	=~	SEdiverse	2	2	0.857632090929832	0.0451935844208126	18.9768548328482	0	0.769054293132769	0.946209888726895	0.53701277903365	0.749546393192845
Satisf	=~	sameinst	2	2	1	0	NA	NA	1	1	0.555405069226233	0.844338191303183
Satisf	=~	evalexp	2	2	0.98882487888355	0.0849498599109201	11.6401001710944	0	0.822326212966423	1.15532354480068	0.54919835030894	0.863573469690272
DevAdj	=~	Belong	2	2	1	0	NA	NA	1	1	0.436427352881382	0.436427352881382
DevAdj	=~	Gains	2	2	0.391784577932006	0.127340759390912	3.0766628046351	0.00209331954051728	0.142201275761838	0.641367880102174	0.236762445439176	0.236762445439176
DevAdj	=~	SupportEnv	2	2	0.743332628342705	0.152541650695969	4.87298141164241	1.09926569535901e-06	0.444356486836318	1.04230876984909	0.337953560395763	0.337953560395763
DevAdj	=~	Satisf	2	2	1.07600580979103	0.174859869858656	6.15353202916598	7.57760743042013e-10	0.733286762526707	1.41872485705536	0.551521191278493	0.551521191278493
EmoDiss	=~	MHWdacad	2	2	1	0	NA	NA	1	1	0.924394985279218	0.889951442879848
EmoDiss	=~	MHWdlonely	2	2	0.951392470939878	0.0308961624316187	30.7932246616569	0	0.890837105313406	1.01194783656635	0.879462429169228	0.925052965542334
EmoDiss	=~	MHWdmental	2	2	0.995355370451377	0.0309400449395138	32.1704565199322	0	0.934713996689879	1.05599674421288	0.920101513015992	0.932233942088633
EmoDiss	=~	MHWdexhaust	2	2	0.960325753278311	0.0307872918034082	31.1922776257963	0	0.899983770162106	1.02066773639452	0.887720310564959	0.92023571419246
EmoDiss	=~	MHWdsleep	2	2	0.979969526292947	0.0345640744702443	28.3522571141487	0	0.912225185172308	1.04771386741359	0.905878915831652	0.899667967065934
EmoDiss	=~	MHWdfinancial	2	2	0.927920929699647	0.038588484283556	24.0465762500827	0	0.852288890285888	1.00355296911341	0.857765454149984	0.816456901663992
QualEngag	=~	QIadmin	2	2	1	0	NA	NA	1	1	0.86931180403901	0.851342767053159
QualEngag	=~	QIstudent	2	2	1.0136997264782	0.0400782583103057	25.2930084593405	0	0.935147783626906	1.09225166932949	0.881221137978613	0.880680432199898
QualEngag	=~	QIadvisor	2	2	1.07350329996034	0.0400495492745305	26.8043790605912	0	0.995007625785196	1.15199897413548	0.933209090330352	0.919989439176169
QualEngag	=~	QIfaculty	2	2	1.04216576289681	0.037511333385533	27.7826904254688	0	0.968644900449093	1.11568662534453	0.905966999451519	0.917805632049974
QualEngag	=~	QIstaff	2	2	1.06684474375711	0.0367711471810516	29.0130938396957	0	0.99477461961203	1.1389148679022	0.927420728825031	0.911718290195796
sbvalued	~~	sbvalued	2	2	0.14360161275196	0.0167972718702127	8.54910332234456	0	0.110679564847816	0.176523660656105	0.14360161275196	0.252334107073446
sbmyself	~~	sbmyself	2	2	0.162839682451581	0.0169807087998904	9.58968700132421	0	0.129558104771833	0.196121260131328	0.162839682451581	0.286150262390028
sbcommunity	~~	sbcommunity	2	2	0.13398549282727	0.016617526246354	8.0629024345105	6.66133814775094e-16	0.101415739872267	0.166555245782273	0.13398549282727	0.239919872466377
pganalyze	~~	pganalyze	2	2	0.221720071858121	0.0175521102703154	12.6321034020109	0	0.187318567875628	0.256121575840615	0.221720071858121	0.49978189756288
pgthink	~~	pgthink	2	2	0.134096970721746	0.0142189590532602	9.43085708450642	0	0.106228323079706	0.161965618363785	0.134096970721746	0.325195933211024
pgwork	~~	pgwork	2	2	0.208784432783606	0.0184240539804161	11.3321657114951	0	0.172673950532769	0.244894915034443	0.208784432783606	0.481427422015816
pgvalues	~~	pgvalues	2	2	0.287921610441912	0.0208191520904788	13.8296511399994	0	0.247116822155912	0.328726398727912	0.287921610441912	0.585294700813809
pgprobsolve	~~	pgprobsolve	2	2	0.17540460351451	0.0150683178627226	11.6406227365592	0	0.145871243195972	0.204937963833048	0.17540460351451	0.450203606606718
SEacademic	~~	SEacademic	2	2	0.12456063159525	0.0141950341967151	8.77494410151369	0	0.0967388758103739	0.152382387380126	0.12456063159525	0.241100399956329
SEwellness	~~	SEwellness	2	2	0.182859795089443	0.0152407125429163	11.9981132492676	0	0.152988547406599	0.212731042772287	0.182859795089443	0.379144751933943
SEnonacad	~~	SEnonacad	2	2	0.259892749967278	0.0222254191918655	11.6934914803496	0	0.216331728809916	0.30345377112464	0.259892749967278	0.470129652554004
SEactivities	~~	SEactivities	2	2	0.318870695901443	0.023725821976441	13.439816593839	0	0.272368939324009	0.365372452478876	0.318870695901443	0.553831130912176
SEdiverse	~~	SEdiverse	2	2	0.224918385457992	0.018002282653369	12.4938814587438	0	0.189634559817878	0.260202211098105	0.224918385457992	0.438180204451598
sameinst	~~	sameinst	2	2	0.12422512507899	0.0276149450226394	4.49847446653059	6.84428147001981e-06	0.0701008273995627	0.178349422758417	0.12422512507899	0.28709301870687
evalexp	~~	evalexp	2	2	0.102826538885023	0.0272980432606355	3.766809873633	0.00016534682266256	0.0493233572457606	0.156329720524285	0.102826538885023	0.254240862447104
MHWdacad	~~	MHWdacad	2	2	0.224397253808209	0.0174434876157477	12.8642424468847	0	0.190208646316573	0.258585861299845	0.224397253808209	0.207986429316077
MHWdlonely	~~	MHWdlonely	2	2	0.130406283756623	0.0118305719004404	11.0228216229994	0	0.107218788915248	0.153593778597998	0.130406283756623	0.144277010941333
MHWdmental	~~	MHWdmental	2	2	0.127553857308602	0.0124426276916515	10.2513601201927	0	0.103166755159924	0.151940959457279	0.127553857308602	0.130939877217888
MHWdexhaust	~~	MHWdexhaust	2	2	0.142533571766877	0.0126983871553701	11.2245413549704	0	0.117645190280606	0.167421953253148	0.142533571766877	0.153166230324694
MHWdsleep	~~	MHWdsleep	2	2	0.193238251756788	0.0168656806322083	11.4574831559281	0	0.160182125142905	0.226294378370671	0.193238251756788	0.190597549035448
MHWdfinancial	~~	MHWdfinancial	2	2	0.367988062346345	0.0244969763321806	15.0217748246315	0	0.319974871005141	0.416001253687549	0.367988062346345	0.333398127725235
QIadmin	~~	QIadmin	2	2	0.28695588159339	0.0220529639146542	13.012123118866	0	0.243732866568307	0.330178896618474	0.28695588159339	0.27521549298627
QIstudent	~~	QIstudent	2	2	0.224677610244854	0.0171363289437129	13.1111868232014	0	0.191091022687945	0.258264197801762	0.224677610244854	0.224401976340201
QIadvisor	~~	QIadvisor	2	2	0.158065973942896	0.0145951307875793	10.8300484759898	0	0.129460043249589	0.186671904636203	0.158065973942896	0.153619431804318
QIfaculty	~~	QIfaculty	2	2	0.153592486084526	0.0138878557097281	11.0594817007595	0	0.12637278907097	0.180812183098082	0.153592486084526	0.157632821777347
QIstaff	~~	QIstaff	2	2	0.174633232724776	0.0153992576805873	11.3403669415133	0	0.144451242282173	0.204815223167379	0.174633232724776	0.168769759322454
Belong	~~	Belong	2	2	0.344448663029275	0.0334851271794687	10.2866165382365	0	0.278819019739773	0.410078306318777	0.80953116565695	0.80953116565695
Gains	~~	Gains	2	2	0.20947389789112	0.0220510646503188	9.49949134941619	0	0.166254605355731	0.25269319042651	0.943943544429661	0.943943544429661
SupportEnv	~~	SupportEnv	2	2	0.347293526919027	0.0294164247837216	11.8061093240403	0	0.289638393789001	0.404948660049053	0.885787391015828	0.885787391015828
Satisf	~~	Satisf	2	2	0.214644278772756	0.031703204908417	6.7704283965237	1.28401733689998e-11	0.152507138957765	0.276781418587747	0.695824375570752	0.695824375570752
DevAdj	~~	DevAdj	2	2	0.0810428778056581	0.0229266180151075	3.53488149679359	0.000407958069670755	0.0361075322087402	0.125978223402576	1	1
EmoDiss	~~	EmoDiss	2	2	0.854506088809366	0.0658601405095571	12.9745561153998	0	0.725422585393887	0.983589592224846	1	1
QualEngag	~~	QualEngag	2	2	0.755703012641558	0.0728637005893675	10.3714607757904	0	0.612892783706088	0.898513241577028	1	1
DevAdj	~~	EmoDiss	2	2	-0.174413492781806	0.025715773495898	-6.78235452686762	1.18232090784431e-11	-0.224815482668356	-0.124011502895256	-0.662773402107853	-0.662773402107853
DevAdj	~~	QualEngag	2	2	0.111968204093384	0.0257113767131848	4.35481169843257	1.33181351327227e-05	0.0615748317426	0.162361576444168	0.452440744661783	0.452440744661783
EmoDiss	~~	QualEngag	2	2	-0.1299952716015	0.0378644300529613	-3.43317650416696	0.00059655361048927	-0.20420819080044	-0.0557823524025597	-0.161768663752068	-0.161768663752068
sbvalued	~1		2	2	2.97729277253432	0.0351995816199363	84.5831863765119	0	2.90830286028836	3.04628268478027	2.97729277253432	3.94666135081769
sbmyself	~1		2	2	2.94620276330182	0.0354247772722826	83.1678556693995	0	2.8767714756878	3.01563405091585	2.94620276330182	3.90552644960777
sbcommunity	~1		2	2	2.95822055707953	0.0350933584286568	84.2957382689221	0	2.8894388384628	3.02700227569625	2.95822055707953	3.95853758383972
pganalyze	~1		2	2	3.03660055411931	0.0306613855353841	99.0366384655052	0	2.97650534275386	3.09669576548476	3.03660055411931	4.55906120308697
pgthink	~1		2	2	3.01000687711247	0.0296748417004388	101.432954807235	0	2.95184525613269	3.06816849809226	3.01000687711247	4.68738425812712
pgwork	~1		2	2	2.99086560884277	0.030327199065188	98.6199088947824	0	2.93142539092302	3.05030582676251	2.99086560884277	4.54164572737754
pgvalues	~1		2	2	3.0458842186316	0.0326065430216897	93.4132826226162	0	2.98197656864873	3.10979186861446	3.0458842186316	4.34273726475624
pgprobsolve	~1		2	2	3.03098157135593	0.0282263535766443	107.381265636235	0	2.97565893493082	3.08630420778105	3.03098157135593	4.85587263523155
SEacademic	~1		2	2	2.99132877271675	0.0338788949054216	88.2947563982689	0	2.92492735886611	3.0577301865674	2.99132877271675	4.16171861367514
SEwellness	~1		2	2	2.97188214563512	0.0322905016486285	92.0357998142573	0	2.90859392536107	3.03517036590916	2.97188214563512	4.27932226086141
SEnonacad	~1		2	2	2.99455987347193	0.0346362840588486	86.4573078446879	0	2.92667400415828	3.06244574278557	2.99455987347193	4.02758524141017
SEactivities	~1		2	2	2.98449926922733	0.0348223317815122	85.7064738786922	0	2.91624875307786	3.05274978537679	2.98449926922733	3.9332617979728
SEdiverse	~1		2	2	2.97816626399366	0.033640965496485	88.5279664254829	0	2.91223118321539	3.04410134477192	2.97816626399366	4.15683549565061
sameinst	~1		2	2	3.17180069611857	0.0309179802552959	102.587577517302	0	3.11120256834347	3.23239882389367	3.17180069611857	4.82183655015232
evalexp	~1		2	2	3.17757789059797	0.0296654133517994	107.113892293202	0	3.11943474884195	3.23572103235399	3.17757789059797	4.99650438252621
MHWdacad	~1		2	2	3.03196772732837	0.048084606634384	63.0548514284879	0	2.9377236301142	3.12621182454254	3.03196772732837	2.91899469022539
MHWdlonely	~1		2	2	3.02872799630545	0.0435432472056678	69.5567783909147	0	2.94338480001242	3.11407119259848	3.02872799630545	3.18573451449207
MHWdmental	~1		2	2	3.06144889222222	0.0452359652975985	67.6773198511749	0	2.97278802943302	3.15010975501142	3.06144889222222	3.10181705923311
MHWdexhaust	~1		2	2	3.04974805134096	0.0440008544401728	69.3111097532811	0	2.96350796134923	3.13598814133269	3.04974805134096	3.16145416831425
MHWdsleep	~1		2	2	3.03376401325802	0.0466928022258147	64.9728409656416	0	2.94224780255817	3.12528022395787	3.03376401325802	3.0129637136547
MHWdfinancial	~1		2	2	3.06701601400862	0.0487901385135005	62.8613918191678	0	2.97138909972144	3.1626429282958	3.06701601400862	2.9193136422506
QIadmin	~1		2	2	5.176594795883	0.0477095898109245	108.502186172594	0	5.08308571813641	5.27010387362959	5.176594795883	5.06959242582913
QIstudent	~1		2	2	5.18558416913367	0.0472508547979091	109.745827695865	0	5.09297419549103	5.2781941427763	5.18558416913367	5.18240236242769
QIadvisor	~1		2	2	5.1777838480677	0.0477440213672058	108.448842384781	0	5.08420728571086	5.27136041042453	5.1777838480677	5.10443640971496
QIfaculty	~1		2	2	5.1807497567185	0.0462708361293769	111.965769156034	0	5.09006058437036	5.27143892906663	5.1807497567185	5.24844868282889
QIstaff	~1		2	2	5.18960945131846	0.0476888718073678	108.82223157388	0	5.09614098011267	5.28307792252425	5.18960945131846	5.10174261657317
Belong	~1		2	2	0	0	NA	NA	0	0	0	0
Gains	~1		2	2	0	0	NA	NA	0	0	0	0
SupportEnv	~1		2	2	0	0	NA	NA	0	0	0	0
Satisf	~1		2	2	0	0	NA	NA	0	0	0	0
DevAdj	~1		2	2	0	0	NA	NA	0	0	0	0
EmoDiss	~1		2	2	0	0	NA	NA	0	0	0	0
QualEngag	~1		2	2	0	0	NA	NA	0	0	0	0
Belong	=~	sbvalued	3	3	1	0	NA	NA	1	1	0.611700179781694	0.840774136470618
Belong	=~	sbmyself	3	3	1.01332841968519	0.0336539026389242	30.1102796474242	0	0.947367982573684	1.0792888567967	0.619853176499332	0.83276146904739
Belong	=~	sbcommunity	3	3	1.03310000850426	0.0297412445156591	34.7362736606507	0	0.974808240398171	1.09139177661035	0.631947460934527	0.873462771334977
Gains	=~	pganalyze	3	3	1	0	NA	NA	1	1	0.51213507508809	0.711153294413017
Gains	=~	pgthink	3	3	0.996156172448771	0.0398444949121816	25.0010992646369	0	0.918062397438706	1.07424994745884	0.510166516176516	0.786197522333199
Gains	=~	pgwork	3	3	0.995161054589157	0.037418393564896	26.5955045040407	0	0.921822350842616	1.0684997583357	0.50965688141676	0.741304901609708
Gains	=~	pgvalues	3	3	0.997408979710583	0.0435742995573784	22.8898453868937	0	0.912004921926562	1.0828130374946	0.510808122717614	0.693270825562222
Gains	=~	pgprobsolve	3	3	0.990346906836445	0.0419705238810289	23.5962483967014	0	0.90808619161735	1.07260762205554	0.50719138749594	0.751368598430494
SupportEnv	=~	SEacademic	3	3	1	0	NA	NA	1	1	0.601552287510554	0.829391877651341
SupportEnv	=~	SEwellness	3	3	0.991989490905156	0.0291993673372475	33.9729789158735	0	0.934759782552796	1.04921919925752	0.596733547440427	0.812758516629031
SupportEnv	=~	SEnonacad	3	3	0.98505935244813	0.0324708246502382	30.3367519321966	0	0.921417705585347	1.04870099931091	0.592564706798838	0.758287060743902
SupportEnv	=~	SEactivities	3	3	0.976642931340526	0.0337761274475662	28.9151837449885	0	0.910442938006061	1.04284292467499	0.587501789428907	0.730686552136485
SupportEnv	=~	SEdiverse	3	3	0.964767391303097	0.0286676795514896	33.6534873556924	0	0.908579771861842	1.02095501074435	0.580358031153968	0.767761198363234
Satisf	=~	sameinst	3	3	1	0	NA	NA	1	1	0.573038260359668	0.897929186074308
Satisf	=~	evalexp	3	3	0.939426556028298	0.0666655492531362	14.0916345331709	0	0.80876448048257	1.07008863157403	0.538327359402131	0.821789124974084
DevAdj	=~	Belong	3	3	1	0	NA	NA	1	1	0.355264785008261	0.355264785008261
DevAdj	=~	Gains	3	3	0.706268400995174	0.100508112253141	7.02697906828015	2.11053396981242e-12	0.509276120824909	0.90326068116544	0.299692603319163	0.299692603319163
DevAdj	=~	SupportEnv	3	3	0.992734165229749	0.137289633223576	7.23094775563338	4.79616346638068e-13	0.723651428660826	1.26181690179867	0.35863308740407	0.35863308740407
DevAdj	=~	Satisf	3	3	1.00492398793756	0.135196035236143	7.43308770987465	1.06137321154165e-13	0.739944628022109	1.26990334785301	0.381101240578653	0.381101240578653
EmoDiss	=~	MHWdacad	3	3	1	0	NA	NA	1	1	0.902689110396538	0.891947494636962
EmoDiss	=~	MHWdlonely	3	3	1.00099954099733	0.0202420261042097	49.4515487651283	0	0.961325898858957	1.0406731831357	0.90359138517022	0.900085477562562
EmoDiss	=~	MHWdmental	3	3	1.01921678400176	0.019759973588511	51.5798657035837	0	0.980487947432815	1.0579456205707	0.920035892051768	0.931134035475992
EmoDiss	=~	MHWdexhaust	3	3	1.02374813592622	0.0203967424566294	50.1917469469974	0	0.983771255309289	1.06372501654315	0.924126294089355	0.920596147676582
EmoDiss	=~	MHWdsleep	3	3	1.00236431844264	0.0214964078840901	46.6293868188326	0	0.960232133192842	1.04449650369244	0.90482335490822	0.902536483941088
EmoDiss	=~	MHWdfinancial	3	3	0.971539855385382	0.0226703499993404	42.8550884928398	0	0.927106785869758	1.01597292490101	0.876998447772612	0.832199547970746
QualEngag	=~	QIadmin	3	3	1	0	NA	NA	1	1	0.976893831558354	0.887063120555766
QualEngag	=~	QIstudent	3	3	1.05812413941768	0.0214443123585373	49.3428803743583	0	1.01609405952172	1.10015421931364	1.03367494482012	0.901790458919798
QualEngag	=~	QIadvisor	3	3	1.01805504198333	0.0208339730643422	48.8651415089784	0	0.977221205122338	1.05888887884431	0.994531690700392	0.917144649199297
QualEngag	=~	QIfaculty	3	3	1.02244567388612	0.020669963675057	49.4652864397596	0	0.981933289521256	1.06295805825098	0.998820871922874	0.928335343605758
QualEngag	=~	QIstaff	3	3	1.01159155388588	0.0192786032054384	52.4722430928248	0	0.973806185930978	1.04937692184077	0.988217549047641	0.914704850500693
sbvalued	~~	sbvalued	3	3	0.155143164478536	0.00979950628350695	15.8317327414392	0	0.135936485096588	0.174349843860484	0.155143164478536	0.293098851442087
sbmyself	~~	sbmyself	3	3	0.169816039094745	0.0102271354345195	16.6044578349445	0	0.149771221978074	0.189860856211417	0.169816039094745	0.306508335670032
sbcommunity	~~	sbcommunity	3	3	0.124089928412913	0.00934644437140448	13.2766989757696	0	0.105771234061453	0.142408622764373	0.124089928412913	0.237062787091822
pganalyze	~~	pganalyze	3	3	0.256329697763834	0.0122415567949878	20.9393055194406	0	0.232336687330956	0.280322708196711	0.256329697763834	0.494260991845512
pgthink	~~	pgthink	3	3	0.160806195427955	0.00875319944530399	18.3711334847084	0	0.143650239765663	0.177962151090247	0.160806195427955	0.38189345587714
pgwork	~~	pgwork	3	3	0.212924219503929	0.0101891849564675	20.8970806216228	0	0.192953783957435	0.232894655050422	0.212924219503929	0.45046704284942
pgvalues	~~	pgvalues	3	3	0.281962434597603	0.0134754167813949	20.924208814595	0	0.255551103029403	0.308373766165804	0.281962434597603	0.519375562424275
pgprobsolve	~~	pgprobsolve	3	3	0.198413489746857	0.00963024594686957	20.6031591344097	0	0.17953855452873	0.217288424964985	0.198413489746857	0.435445229292595
SEacademic	~~	SEacademic	3	3	0.164185068759488	0.00882589547073767	18.6026527624132	0	0.146886631505527	0.181483506013449	0.164185068759488	0.312109113285983
SEwellness	~~	SEwellness	3	3	0.18296999532999	0.0096885461046325	18.8851860076822	0	0.163980793902355	0.201959196757626	0.18296999532999	0.339423593646976
SEnonacad	~~	SEnonacad	3	3	0.259533815513391	0.0119499032592878	21.7184867427	0	0.236112435506449	0.282955195520333	0.259533815513391	0.425000733508374
SEactivities	~~	SEactivities	3	3	0.301323232373924	0.0137458819696834	21.9209820831064	0	0.274381798777606	0.328264665970242	0.301323232373924	0.466097162526895
SEdiverse	~~	SEdiverse	3	3	0.234583821556023	0.0113627506417042	20.6449854399725	0	0.212313239532973	0.256854403579072	0.234583821556023	0.41054274228785
sameinst	~~	sameinst	3	3	0.0788977549962672	0.0230493457283231	3.42299325656421	0.00061935613801678	0.0337218675015417	0.124073642490993	0.0788977549962672	0.19372317679593
evalexp	~~	evalexp	3	3	0.139317102452694	0.02110721188476	6.60045027326818	4.09909883813953e-11	0.0979477273445083	0.180686477560879	0.139317102452694	0.32466263407433
MHWdacad	~~	MHWdacad	3	3	0.209383158922704	0.00959445926255293	21.8233412840601	0	0.190578364316963	0.228187953528444	0.209383158922704	0.204429666810847
MHWdlonely	~~	MHWdlonely	3	3	0.191327946240687	0.00936908497080142	20.4211987442698	0	0.17296487712982	0.209691015351553	0.191327946240687	0.189846133080975
MHWdmental	~~	MHWdmental	3	3	0.129838111464077	0.00692508698392072	18.7489502681405	0	0.116265190385785	0.143411032542368	0.129838111464077	0.132989407978194
MHWdexhaust	~~	MHWdexhaust	3	3	0.153674558719864	0.00773360513516375	19.8710117770463	0	0.138516971184289	0.168832146255439	0.153674558719864	0.152502732883037
MHWdsleep	~~	MHWdsleep	3	3	0.186368769926865	0.00955073673944155	19.5135490602751	0	0.167649669891736	0.205087869961994	0.186368769926865	0.185427895155258
MHWdfinancial	~~	MHWdfinancial	3	3	0.341435439004153	0.0157357149416101	21.6981205030152	0	0.310594004447608	0.372276873560698	0.341435439004153	0.307443912357285
QIadmin	~~	QIadmin	3	3	0.258468663732011	0.0122464836944059	21.1055410011347	0	0.234465996753718	0.282471330710303	0.258468663732011	0.213119020149866
QIstudent	~~	QIstudent	3	3	0.24539914928971	0.0118018558209193	20.7932678566305	0	0.222267936929973	0.268530361649446	0.24539914928971	0.18677396820122
QIadvisor	~~	QIadvisor	3	3	0.18678286034804	0.00994097169797518	18.7891954652767	0	0.167298913848676	0.206266806847403	0.18678286034804	0.158845692445098
QIfaculty	~~	QIfaculty	3	3	0.159975336309412	0.00890192415840481	17.9708716298566	0	0.142527885565832	0.177422787052992	0.159975336309412	0.138193489812379
QIstaff	~~	QIstaff	3	3	0.190620380437509	0.00964161133989168	19.770593702406	0	0.171723169458388	0.209517591416629	0.190620380437509	0.163315036470505
Belong	~~	Belong	3	3	0.32695106912288	0.0183390508508826	17.8281347154421	0	0.291007189944501	0.362894948301258	0.873786932533035	0.873786932533035
Gains	~~	Gains	3	3	0.238725275021076	0.0164157393611696	14.5424625579623	0	0.206551017093587	0.270899532948565	0.910184343515783	0.910184343515783
SupportEnv	~~	SupportEnv	3	3	0.315322893832128	0.0181172344796197	17.4045820396506	0	0.279813766752606	0.35083202091165	0.871382308619025	0.871382308619025
Satisf	~~	Satisf	3	3	0.280680581076868	0.0260933350100656	10.7567921451434	0	0.229538584220601	0.331822577933135	0.854761844429412	0.854761844429412
DevAdj	~~	DevAdj	3	3	0.047226040822077	0.00905824573644743	5.21359678199663	1.85213828052255e-07	0.0294722054155266	0.0649798762286275	1	1
EmoDiss	~~	EmoDiss	3	3	0.814847630028493	0.0371675319941592	21.9236410466141	0	0.742000605925701	0.887694654131285	1	1
QualEngag	~~	QualEngag	3	3	0.954321558136761	0.0455562984599398	20.948180392135	0	0.865032853886321	1.0436102623872	1	1
DevAdj	~~	EmoDiss	3	3	-0.145630095536499	0.0163998269578291	-8.87997756994483	0	-0.177773165726533	-0.113487025346465	-0.742372989204557	-0.742372989204557
DevAdj	~~	QualEngag	3	3	0.140303792046173	0.0176420636121876	7.95279935104912	1.77635683940025e-15	0.105725982753321	0.174881601339025	0.66089318360278	0.66089318360278
EmoDiss	~~	QualEngag	3	3	-0.194014593312943	0.0269871235207144	-7.18915423364863	6.51922960059892e-13	-0.246908383459877	-0.141120803166009	-0.220013245258841	-0.220013245258841
sbvalued	~1		3	3	2.73560663361439	0.0201073069165208	136.050374372449	0	2.69619703623192	2.77501623099686	2.73560663361439	3.76005661126547
sbmyself	~1		3	3	2.72410430312284	0.0204856725303199	132.976073843366	0	2.68395312276433	2.76425548348135	2.72410430312284	3.65978458659934
sbcommunity	~1		3	3	2.74589836809164	0.0203731564341236	134.780213216861	0	2.70596771522936	2.78582902095393	2.74589836809164	3.79531550748015
pganalyze	~1		3	3	2.86917180505601	0.020136229275847	142.488038140166	0	2.82970552089091	2.90863808922111	2.86917180505601	3.98414613771878
pgthink	~1		3	3	2.88526316204263	0.0181824116668022	158.684294191325	0	2.84962629002361	2.92090003406164	2.88526316204263	4.44636540688278
pgwork	~1		3	3	2.90037916737279	0.0189976977465521	152.670034341355	0	2.86314436400037	2.93761397074521	2.90037916737279	4.21865253211791
pgvalues	~1		3	3	2.88376110678104	0.0204849778424814	140.774431339669	0	2.84361128798568	2.92391092557641	2.88376110678104	3.91385209887811
pgprobsolve	~1		3	3	2.88014234024885	0.0186878894532372	154.118117375205	0	2.84351474997344	2.91676993052426	2.88014234024885	4.26672961494329
SEacademic	~1		3	3	2.64522196425308	0.0202666917668303	130.52065895542	0	2.60549997830432	2.68494395020184	2.64522196425308	3.64710708825613
SEwellness	~1		3	3	2.65270652804367	0.020215249534513	131.223041472467	0	2.61308536701753	2.6923276890698	2.65270652804367	3.61301929819885
SEnonacad	~1		3	3	2.6417727675178	0.0218637958456863	120.828642298131	0	2.59892051509492	2.68462501994068	2.6417727675178	3.38059638728097
SEactivities	~1		3	3	2.67045125543039	0.0224815455191813	118.784149121419	0	2.626388235896	2.71451427496479	2.67045125543039	3.32128830173564
SEdiverse	~1		3	3	2.64157771241388	0.0209186293952276	126.278718481266	0	2.60057795219329	2.68257747263447	2.64157771241388	3.49456845806006
sameinst	~1		3	3	2.79810867794378	0.0179920990833771	155.51874547695	0	2.76284481173409	2.83337254415348	2.79810867794378	4.38453000704795
evalexp	~1		3	3	2.8037937317857	0.0183153334334646	153.084503865095	0	2.76789633789127	2.83969112568013	2.8037937317857	4.28015993838948
MHWdacad	~1		3	3	4.07186033160511	0.0285609352967581	142.567471593526	0	4.01588192705869	4.12783873615154	4.07186033160511	4.0234069287613
MHWdlonely	~1		3	3	4.04616067063433	0.0283467841460008	142.737908109593	0	3.99060199463064	4.10171934663802	4.04616067063433	4.03046168798598
MHWdmental	~1		3	3	4.05061898394376	0.0279095452582554	145.133822370166	0	3.99591728041269	4.10532068747483	4.05061898394376	4.09948050209653
MHWdexhaust	~1		3	3	4.05971528188581	0.0284116367265432	142.889173227147	0	4.00402949715995	4.11540106661167	4.05971528188581	4.04420723993214
MHWdsleep	~1		3	3	4.05246448888625	0.0283956345395366	142.714348687782	0	3.9968100678706	4.1081189099019	4.05246448888625	4.04222219868154
MHWdfinancial	~1		3	3	4.05098304365122	0.0295666295324475	137.011999937481	0	3.99303351462338	4.10893257267905	4.05098304365122	3.8440504271426
QIadmin	~1		3	3	4.68629863311136	0.0311838599073059	150.279620516556	0	4.6251793907941	4.74741787542862	4.68629863311136	4.25536793769351
QIstudent	~1		3	3	4.66567115804569	0.0331249499778427	140.850662753198	0	4.60074744909942	4.73059486699195	4.66567115804569	4.07038765510086
QIadvisor	~1		3	3	4.67971073452016	0.0311586879650316	150.189595267043	0	4.61864082830318	4.74078064073714	4.67971073452016	4.31557053445234
QIfaculty	~1		3	3	4.70928308256211	0.0306780318022332	153.506688855421	0	4.64915524511316	4.76941092001106	4.70928308256211	4.37695491902442
QIstaff	~1		3	3	4.69007106249135	0.0307440065061176	152.552370217528	0	4.62981391699889	4.7503282079838	4.69007106249135	4.34118049632708
Belong	~1		3	3	0	0	NA	NA	0	0	0	0
Gains	~1		3	3	0	0	NA	NA	0	0	0	0
SupportEnv	~1		3	3	0	0	NA	NA	0	0	0	0
Satisf	~1		3	3	0	0	NA	NA	0	0	0	0
DevAdj	~1		3	3	0	0	NA	NA	0	0	0	0
EmoDiss	~1		3	3	0	0	NA	NA	0	0	0	0
QualEngag	~1		3	3	0	0	NA	NA	0	0	0	0
Belong	=~	sbvalued	4	4	1	0	NA	NA	1	1	0.744811048209888	0.891219966272856
Belong	=~	sbmyself	4	4	0.983800912823719	0.0248536245771311	39.5838003334515	0	0.935088703767262	1.03251312188018	0.732745789110079	0.859825657658662
Belong	=~	sbcommunity	4	4	1.0236263448904	0.0227311902089019	45.0317970807147	0	0.979074030755222	1.06817865902558	0.762408210913075	0.915466016403638
Gains	=~	pganalyze	4	4	1	0	NA	NA	1	1	0.498824555365834	0.724565271003187
Gains	=~	pgthink	4	4	0.977120562154999	0.0407702040606138	23.9665359707863	0	0.897212430553847	1.05702869375615	0.487411729955781	0.751780107513896
Gains	=~	pgwork	4	4	1.02399477244133	0.048676912097869	21.0365598044203	0	0.928589777850887	1.11939976703178	0.510793737059985	0.732365276435413
Gains	=~	pgvalues	4	4	1.09633247760825	0.0479295306358859	22.8738413054145	0	1.00239232376601	1.1902726314505	0.54687756067606	0.731785100898816
Gains	=~	pgprobsolve	4	4	1.01855458069261	0.0441549035268453	23.0677569043572	0	0.932012560039153	1.10509660134607	0.508080035829824	0.760498292790021
SupportEnv	=~	SEacademic	4	4	1	0	NA	NA	1	1	0.657714697311997	0.846080107469917
SupportEnv	=~	SEwellness	4	4	1.01895763607077	0.0301261159211023	33.823066960883	0	0.959911533871329	1.07800373827021	0.670183413182034	0.84906574482101
SupportEnv	=~	SEnonacad	4	4	0.940625088567118	0.0318425418872151	29.5398869819744	0	0.878214853291968	1.00303532384227	0.618662945410993	0.764724756690381
SupportEnv	=~	SEactivities	4	4	0.956473398794717	0.0313187131211415	30.5399968094173	0	0.895089849035138	1.0178569485543	0.629086611975245	0.747178413996249
SupportEnv	=~	SEdiverse	4	4	0.991708761705886	0.0284176947294917	34.8975795238133	0	0.936011103512428	1.04740641989934	0.652261428027042	0.81691960667095
Satisf	=~	sameinst	4	4	1	0	NA	NA	1	1	0.637232896709664	0.892456793170905
Satisf	=~	evalexp	4	4	1.04600783586668	0.0356292754897654	29.3581000873047	0	0.976175739111488	1.11583993262188	0.666550603230334	0.89136361710394
DevAdj	=~	Belong	4	4	1	0	NA	NA	1	1	0.63515786107284	0.63515786107284
DevAdj	=~	Gains	4	4	0.194222454626617	0.0392845020032117	4.94399686193649	7.65369358113333e-07	0.11722624554973	0.271218663703503	0.184195663789387	0.184195663789387
DevAdj	=~	SupportEnv	4	4	0.843404719698183	0.0604067287323082	13.9620988819925	0	0.725009706958978	0.961799732437388	0.606633330109787	0.606633330109787
DevAdj	=~	Satisf	4	4	0.863443472934315	0.0613169439488362	14.0816455832304	0	0.743264471152535	0.983622474716095	0.64100809004247	0.64100809004247
EmoDiss	=~	MHWdacad	4	4	1	0	NA	NA	1	1	1.29346424655499	0.94119655447543
EmoDiss	=~	MHWdlonely	4	4	1.00263123984431	0.0152199698704593	65.8760331576173	0	0.972800647052426	1.0324618326362	1.29686766121771	0.955665081524366
EmoDiss	=~	MHWdmental	4	4	0.998491400896577	0.0141931874139879	70.3500469466448	0	0.970673264739333	1.02630953705382	1.29151292755232	0.963472147689799
EmoDiss	=~	MHWdexhaust	4	4	1.014694415937	0.0147999567070712	68.5606340626791	0	0.985687033818392	1.04370179805562	1.31247094819351	0.959253416906942
EmoDiss	=~	MHWdsleep	4	4	1.00620096394976	0.0162278497108972	62.004577431727	0	0.974394962969869	1.03800696492964	1.30148497171817	0.947961974043935
EmoDiss	=~	MHWdfinancial	4	4	1.00788621162261	0.0184459926068471	54.6398468818905	0	0.971732730454096	1.04403969279112	1.3036647793296	0.90882809453568
QualEngag	=~	QIadmin	4	4	1	0	NA	NA	1	1	0.983107376733694	0.901792473432753
QualEngag	=~	QIstudent	4	4	1.01572228811116	0.021298851799717	47.6890631317812	0	0.973977305671656	1.05746727055066	0.998564074154905	0.902044611358528
QualEngag	=~	QIadvisor	4	4	1.02324928724371	0.0185757730823377	55.0851521876436	0	0.986841441017335	1.05965713347008	1.00596392252678	0.92788314812514
QualEngag	=~	QIfaculty	4	4	0.995741145058866	0.0180396840633312	55.1972607482014	0	0.960384014002255	1.03109827611548	0.978920465024626	0.925193860431601
QualEngag	=~	QIstaff	4	4	1.00244343989433	0.0197454466665137	50.7683344329899	0	0.963743075569307	1.04114380421935	0.985509540518415	0.918395643852265
sbvalued	~~	sbvalued	4	4	0.143685729923517	0.0104421200699843	13.7602066400806	0	0.123219550664105	0.164151909182929	0.143685729923517	0.20572697171661
sbmyself	~~	sbmyself	4	4	0.189333133930003	0.0117088844401451	16.1700403567786	0	0.166384142128178	0.212282125731829	0.189333133930003	0.260699838431849
sbcommunity	~~	sbcommunity	4	4	0.112304319816259	0.00946982687731826	11.8591734855518	0	0.0937438001968857	0.130864839435632	0.112304319816259	0.161921972810053
pganalyze	~~	pganalyze	4	4	0.225132894357871	0.0117718500223304	19.124682520658	0	0.202060492282696	0.248205296433045	0.225132894357871	0.475005168056078
pgthink	~~	pgthink	4	4	0.182779071585873	0.00991949927677347	18.4262397209757	0	0.163337210258726	0.20222093291302	0.182779071585873	0.434826669946395
pgwork	~~	pgwork	4	4	0.225536879184866	0.0114584481193205	19.6830213687122	0	0.203078733552277	0.247995024817455	0.225536879184866	0.46364110187168
pgvalues	~~	pgvalues	4	4	0.259411950737739	0.0137013631314121	18.9332950487974	0	0.232557772461066	0.286266129014412	0.259411950737739	0.46449056610251
pgprobsolve	~~	pgprobsolve	4	4	0.188196696389145	0.0101725832220993	18.5003840499726	0	0.168258799644094	0.208134593134196	0.188196696389145	0.421642346663463
SEacademic	~~	SEacademic	4	4	0.171710723800076	0.0112430413192403	15.2726223202815	0	0.14967476773767	0.193746679862483	0.171710723800076	0.284148451743694
SEwellness	~~	SEwellness	4	4	0.173878097380741	0.0106962741624332	16.2559499448345	0	0.152913785253605	0.194842409507876	0.173878097380741	0.279087360971545
SEnonacad	~~	SEnonacad	4	4	0.271738465946624	0.0131991441621994	20.587582240737	0	0.245868618761961	0.297608313131287	0.271738465946624	0.415196046504838
SEactivities	~~	SEactivities	4	4	0.313129265400386	0.0147374737495895	21.2471466087672	0	0.284244347628086	0.342014183172686	0.313129265400386	0.44172441765805
SEdiverse	~~	SEdiverse	4	4	0.212061731450835	0.012018275338903	17.6449386847041	0	0.188506344630299	0.235617118271371	0.212061731450835	0.33264235623658
sameinst	~~	sameinst	4	4	0.103760231461377	0.0130223404755587	7.96786350780205	1.55431223447522e-15	0.0782369131348643	0.129283549787891	0.103760231461377	0.203520872323104
evalexp	~~	evalexp	4	4	0.11489649286065	0.0143349784308808	8.01511445689633	1.11022302462516e-15	0.0868004514169651	0.142992534304335	0.11489649286065	0.20547090210338
MHWdacad	~~	MHWdacad	4	4	0.215585965706266	0.012289918675508	17.5416918043484	0	0.191498167729344	0.239673763683188	0.215585965706266	0.114149045843579
MHWdlonely	~~	MHWdlonely	4	4	0.159668880953801	0.00987653582912891	16.1664862777988	0	0.140311226436689	0.179026535470913	0.159668880953801	0.0867042519550274
MHWdmental	~~	MHWdmental	4	4	0.128874819388381	0.00802833239003266	16.0525017061304	0	0.113139577048001	0.144610061728761	0.128874819388381	0.0717214206260056
MHWdexhaust	~~	MHWdexhaust	4	4	0.149449510486236	0.00933163528104909	16.015361293614	0	0.131159841418517	0.167739179553956	0.149449510486236	0.0798328821523576
MHWdsleep	~~	MHWdsleep	4	4	0.191072317076357	0.0107313760519633	17.8050155125634	0	0.170039206509954	0.212105427642761	0.191072317076357	0.101368095766726
MHWdfinancial	~~	MHWdfinancial	4	4	0.35809332621761	0.0179021012239189	20.0028656825582	0	0.323005852571138	0.393180799864081	0.35809332621761	0.174031494582644
QIadmin	~~	QIadmin	4	4	0.221971181951568	0.0120927085833552	18.3557869125447	0	0.198269908652654	0.245672455250483	0.221971181951568	0.186770334860038
QIstudent	~~	QIstudent	4	4	0.22832048184109	0.0129701483386185	17.6035366659045	0	0.202899458223256	0.253741505458925	0.22832048184109	0.186315519119041
QIadvisor	~~	QIadvisor	4	4	0.163416424475883	0.00981230718177478	16.6542303913406	0	0.144184655794361	0.182648193157405	0.163416424475883	0.139032863425379
QIfaculty	~~	QIfaculty	4	4	0.161228213807755	0.0096443209184149	16.7174252258554	0	0.142325692152315	0.180130735463194	0.161228213807755	0.144016320619671
QIstaff	~~	QIstaff	4	4	0.180265890326164	0.0105717104978607	17.0517240670413	0	0.159545718495373	0.200986062156955	0.180265890326164	0.156549441353183
Belong	~~	Belong	4	4	0.330945819964818	0.0197710780528476	16.7388859160946	0	0.292195219045707	0.36969642088393	0.596574491517375	0.596574491517375
Gains	~~	Gains	4	4	0.24038376005443	0.017958792798828	13.3852961469725	0	0.20518517296291	0.27558234714595	0.966071957441187	0.966071957441187
SupportEnv	~~	SupportEnv	4	4	0.273394280630771	0.0166725290701194	16.3978889753895	0	0.24071672412214	0.306071837139402	0.63199600279991	0.63199600279991
Satisf	~~	Satisf	4	4	0.239216845693213	0.0188796927809608	12.6705899544324	0	0.202213327803349	0.276220363583077	0.589108628500105	0.589108628500105
DevAdj	~~	DevAdj	4	4	0.223797677570694	0.0210511352962732	10.6311452765359	0	0.182538210556319	0.26505714458507	1	1
EmoDiss	~~	EmoDiss	4	4	1.67304975711606	0.0644213624249574	25.9704187266288	0	1.54678620692814	1.79931330730397	1	1
QualEngag	~~	QualEngag	4	4	0.966500114188205	0.0528923596826182	18.2729626733939	0	0.862832994152935	1.07016723422347	1	1
DevAdj	~~	EmoDiss	4	4	-0.542175940275435	0.0319114295745248	-16.9900235590905	0	-0.60472119293669	-0.47963068761418	-0.886049581957544	-0.886049581957544
DevAdj	~~	QualEngag	4	4	0.296966488934235	0.0225828241897665	13.1501040985302	0	0.252704966853092	0.341228011015377	0.638526170347886	0.638526170347886
EmoDiss	~~	QualEngag	4	4	-0.465521022510685	0.041072934616913	-11.334009289879	0	-0.546022495099203	-0.385019549922167	-0.366086669222804	-0.366086669222804
sbvalued	~1		4	4	2.69551985088925	0.0261029921402463	103.264784221163	0	2.64435892640563	2.74668077537286	2.69551985088925	3.22538329200557
sbmyself	~1		4	4	2.68093010639267	0.0266370825174457	100.646536820871	0	2.62872238400525	2.73313782878008	2.68093010639267	3.14588295985375
sbcommunity	~1		4	4	2.68811411287218	0.0259523811884222	103.578707994294	0	2.63724838042982	2.73897984531454	2.68811411287218	3.22776838355702
pganalyze	~1		4	4	3.01268905964862	0.0212685944310433	141.649654819284	0	2.97100338056199	3.05437473873526	3.01268905964862	4.37606737974583
pgthink	~1		4	4	3.02297062102515	0.0200076912957529	151.090426993286	0	2.98375626667168	3.06218497537863	3.02297062102515	4.66260666047536
pgwork	~1		4	4	2.9986803306169	0.0216812808198383	138.307342427534	0	2.95618580107132	3.04117486016249	2.9986803306169	4.29944455058145
pgvalues	~1		4	4	2.99365365066047	0.0233974010377269	127.948127479346	0	2.94779558729468	3.03951171402625	2.99365365066047	4.00585303974894
pgprobsolve	~1		4	4	3.03273138822901	0.0205753392695004	147.396421925569	0	2.9924044642911	3.07305831216692	3.03273138822901	4.5394167859242
SEacademic	~1		4	4	2.8098059492701	0.024227855604814	115.974190828172	0	2.76232022486202	2.85729167367817	2.8098059492701	3.61451694670027
SEwellness	~1		4	4	2.80383443399647	0.0246066865310319	113.946037816206	0	2.75560621461679	2.85206265337616	2.80383443399647	3.5522212654484
SEnonacad	~1		4	4	2.79992953394532	0.02503696721423	111.831816928448	0	2.75085797992332	2.84900108796732	2.79992953394532	3.46097248506473
SEactivities	~1		4	4	2.79074591885003	0.0261564774607242	106.694256634538	0	2.73948016506457	2.84201167263548	2.79074591885003	3.31462324872194
SEdiverse	~1		4	4	2.81819899491938	0.0247662425548563	113.791948402232	0	2.76965805147948	2.86673993835928	2.81819899491938	3.5296307822675
sameinst	~1		4	4	3.00154633009085	0.0222971577035154	134.61564787774	0	2.95784470403435	3.04524795614735	3.00154633009085	4.20372273016419
evalexp	~1		4	4	3.01336689604179	0.023507523033852	128.187342056515	0	2.96729299752969	3.05944079455388	3.01336689604179	4.02970997715668
MHWdacad	~1		4	4	3.78958141621192	0.0431163904538155	87.8918985639849	0	3.70507484377907	3.87408798864476	3.78958141621192	2.75751029171656
MHWdlonely	~1		4	4	3.79186574055707	0.042544122393758	89.1278401623207	0	3.70848079291144	3.8752506882027	3.79186574055707	2.79423551873932
MHWdmental	~1		4	4	3.79125606998065	0.0418297074202776	90.6354909894201	0	3.70927134995305	3.87324079000824	3.79125606998065	2.82828731347581
MHWdexhaust	~1		4	4	3.79708143523966	0.0430147535728327	88.2739320779889	0	3.71277406743305	3.88138880304628	3.79708143523966	2.77519540226085
MHWdsleep	~1		4	4	3.81444357455167	0.0429966533243682	88.7148947564682	0	3.73017168258015	3.89871546652319	3.81444357455167	2.77832440588044
MHWdfinancial	~1		4	4	3.8159858641597	0.0450653436088758	84.6767284696378	0	3.72765941373538	3.90431231458402	3.8159858641597	2.66025071528188
QIadmin	~1		4	4	5.10820781199177	0.0346050348125097	147.614583821923	0	5.0403831900755	5.17603243390805	5.10820781199177	4.68569707297843
QIstudent	~1		4	4	5.10554882198308	0.0354786227475438	143.904932790452	0	5.03601199917681	5.17508564478935	5.10554882198308	4.61205537240597
QIadvisor	~1		4	4	5.1190333575595	0.0346053057253321	147.926257267891	0	5.05120820466385	5.18685851045515	5.1190333575595	4.72170490492263
QIfaculty	~1		4	4	5.11911230119029	0.0339099042470139	150.962157365604	0	5.05265011014694	5.18557449223364	5.11911230119029	4.83815737962123
QIstaff	~1		4	4	5.10486795522573	0.0343382880857946	148.664020246762	0	5.03756614728682	5.17216976316465	5.10486795522573	4.75722283728894
Belong	~1		4	4	0	0	NA	NA	0	0	0	0
Gains	~1		4	4	0	0	NA	NA	0	0	0	0
SupportEnv	~1		4	4	0	0	NA	NA	0	0	0	0
Satisf	~1		4	4	0	0	NA	NA	0	0	0	0
DevAdj	~1		4	4	0	0	NA	NA	0	0	0	0
EmoDiss	~1		4	4	0	0	NA	NA	0	0	0	0
QualEngag	~1		4	4	0	0	NA	NA	0	0	0	0
