lhs	op	rhs	block	group	label	est	se	z	pvalue	ci.lower	ci.upper	std.lv	std.all
Belong	=~	sbvalued	1	1		1	0	NA	NA	1	1	0.649043362667569	0.880491650676771
Belong	=~	sbmyself	1	1	.p2.	1.00172556774816	0.0152901411551206	65.5144748230589	0	0.971757441765594	1.03169369373073	0.650163330961348	0.850825860812727
Belong	=~	sbcommunity	1	1	.p3.	1.02399253043866	0.0141829538840663	72.1988197105437	0	0.996194451631495	1.05179060924582	0.664615555302379	0.9011383288803
Gains	=~	pganalyze	1	1		1	0	NA	NA	1	1	0.504858069623045	0.708779102562529
Gains	=~	pgthink	1	1	.p5.	1.02929734416985	0.0226524758850678	45.438624430822	0	0.984899307274452	1.07369538106524	0.519649070245715	0.791467606201263
Gains	=~	pgwork	1	1	.p6.	1.0438319562249	0.0241067862299869	43.3003365221059	0	0.996583523431121	1.09108038901868	0.52698698643055	0.759408999517771
Gains	=~	pgvalues	1	1	.p7.	1.04636160871175	0.0246156627455001	42.5079600549462	0	0.998115796274984	1.09460742114851	0.528264101901877	0.728257259779603
Gains	=~	pgprobsolve	1	1	.p8.	1.02496307883775	0.0235342626161388	43.5519521285052	0	0.978836771707408	1.07108938596809	0.517460881416918	0.768610715955967
SupportEnv	=~	SEacademic	1	1		1	0	NA	NA	1	1	0.616205136076055	0.849137100654104
SupportEnv	=~	SEwellness	1	1	.p10.	0.970106477582562	0.0155255571544425	62.4844872188679	0	0.939676944719937	1.00053601044519	0.597784594027025	0.819057635707616
SupportEnv	=~	SEnonacad	1	1	.p11.	0.938557074050303	0.0168896524457161	55.5699459812366	0	0.9054539635453	0.971660184555305	0.57834368953031	0.763195677013488
SupportEnv	=~	SEactivities	1	1	.p12.	0.929876486803828	0.01739772077254	53.4481785839163	0	0.895777580676565	0.96397539293109	0.572994667084876	0.734169563396401
SupportEnv	=~	SEdiverse	1	1	.p13.	0.944187113262457	0.015569171001537	60.6446620163173	0	0.913672098830299	0.974702127694615	0.58181294860915	0.783035411880368
Satisf	=~	sameinst	1	1		1	0	NA	NA	1	1	0.58025564190888	0.86473280816653
Satisf	=~	evalexp	1	1	.p15.	1.00083591218541	0.024333294894856	41.130307938568	0	0.9531435305663	1.04852829380452	0.580740684670605	0.878126975952655
DevAdj	=~	Belong	1	1		1	0	NA	NA	1	1	0.566277266300762	0.566277266300762
DevAdj	=~	Gains	1	1	.p17.	0.389012965882116	0.032709940739977	11.8928055839208	0	0.324902660095321	0.45312327166891	0.283202846503194	0.283202846503194
DevAdj	=~	SupportEnv	1	1	.p18.	0.887726959525534	0.0442070291065246	20.0811268585003	0	0.801082774613232	0.974371144437836	0.529488991583762	0.529488991583762
DevAdj	=~	Satisf	1	1	.p19.	0.924537918941961	0.04364929810006	21.1810489328508	0	0.838986866715391	1.01008897116853	0.585609611378469	0.585609611378469
EmoDiss	=~	MHWdacad	1	1		1	0	NA	NA	1	1	0.915318231315773	0.896186580563259
EmoDiss	=~	MHWdlonely	1	1	.p21.	0.998647276904434	0.00981440561111925	101.753210176377	0	0.979411395376972	1.0178831584319	0.914080059204479	0.910017375571275
EmoDiss	=~	MHWdmental	1	1	.p22.	1.01007823809309	0.00942266377058399	107.19667629937	0	0.991610156464316	1.02854631972187	0.92454302638192	0.935809228403611
EmoDiss	=~	MHWdexhaust	1	1	.p23.	1.01102161351228	0.0097603228420401	103.584853685122	0	0.991891732264394	1.03015149476016	0.925406515102076	0.918807001027189
EmoDiss	=~	MHWdsleep	1	1	.p24.	0.999227988790658	0.0103669275314131	96.3861265319803	0	0.978909184198751	1.01954679338256	0.914611595381082	0.907252220926171
EmoDiss	=~	MHWdfinancial	1	1	.p25.	0.989102902093525	0.011725073242441	84.357929510691	0	0.966122180822247	1.0120836233648	0.905343918933544	0.842542681413965
QualEngag	=~	QIadmin	1	1		1	0	NA	NA	1	1	0.97954046379928	0.890993005515562
QualEngag	=~	QIstudent	1	1	.p27.	1.02863627633821	0.0113160525293427	90.9006275528455	0	1.00645722093354	1.05081533174289	1.0075908552051	0.915199341161457
QualEngag	=~	QIadvisor	1	1	.p28.	1.02083837461581	0.010782750037652	94.6732856693489	0	0.999704572887713	1.0419721763439	0.999952494935272	0.928731454705607
QualEngag	=~	QIfaculty	1	1	.p29.	1.00953596686236	0.0107088078921692	94.2715545024	0	0.988547089076353	1.03052484464837	0.988881329202414	0.934275362133928
QualEngag	=~	QIstaff	1	1	.p30.	1.00508160485574	0.0107837118468967	93.2036778361221	0	0.983945918016161	1.02621729169531	0.984518101376513	0.922012178964212
sbvalued	~~	sbvalued	1	1		0.122114321081175	0.00892777642460888	13.6780218582282	0	0.104616200826915	0.139612441335434	0.122114321081175	0.224734453088495
sbmyself	~~	sbmyself	1	1		0.161221396775014	0.0100721492954464	16.0066528052658	0	0.141480346909028	0.180962446640999	0.161221396775014	0.276095354572282
sbcommunity	~~	sbcommunity	1	1		0.102235033564301	0.00824957544152491	12.3927630323486	0	0.0860661628111656	0.118403904317435	0.102235033564301	0.187949712222821
pganalyze	~~	pganalyze	1	1		0.252478996819261	0.0120638229582632	20.9286059396556	0	0.228834338305198	0.276123655333325	0.252478996819261	0.497632183770656
pgthink	~~	pgthink	1	1		0.16104101847619	0.00896707452661214	17.9591479917178	0	0.143465875357344	0.178616161595037	0.16104101847619	0.373579028334042
pgwork	~~	pgwork	1	1		0.203842383904702	0.0107720226115852	18.9233156348439	0	0.182729607545344	0.22495516026406	0.203842383904702	0.423297971451418
pgvalues	~~	pgvalues	1	1		0.247114877926218	0.0122141991566754	20.2317708067796	0	0.223175487479135	0.271054268373302	0.247114877926218	0.469641363578304
pgprobsolve	~~	pgprobsolve	1	1		0.185488791644386	0.00966045464826941	19.2008345774507	0	0.166554648459495	0.204422934829276	0.185488791644386	0.409237567317656
SEacademic	~~	SEacademic	1	1		0.146908375620627	0.00896425864859939	16.3882348088629	0	0.12933875152127	0.164477999719983	0.146908375620627	0.278966184292742
SEwellness	~~	SEwellness	1	1		0.175326365565416	0.00995773252543293	17.6070571405304	0	0.155809568447884	0.194843162682947	0.175326365565416	0.32914458938905
SEnonacad	~~	SEnonacad	1	1		0.239767512581688	0.0114966505148094	20.8554232620042	0	0.217234491629818	0.262300533533559	0.239767512581688	0.417532358587923
SEactivities	~~	SEactivities	1	1		0.28080489378266	0.0136088992762021	20.6339166808078	0	0.25413194133207	0.307477846233249	0.28080489378266	0.460995052182338
SEdiverse	~~	SEdiverse	1	1		0.21357616493657	0.0108223340721161	19.7347599430378	0	0.192364779926562	0.234787549946579	0.21357616493657	0.386855543741342
sameinst	~~	sameinst	1	1		0.113575316739152	0.0110916325599578	10.2397294649999	0	0.0918361163918827	0.135314517086421	0.113575316739152	0.252237170480427
evalexp	~~	evalexp	1	1		0.100111139549711	0.010415050229526	9.61216099235916	0	0.0796980162026643	0.120524262896757	0.100111139549711	0.228893014104246
MHWdacad	~~	MHWdacad	1	1		0.205343952578321	0.0106231271835885	19.3298968401276	0	0.184523005895299	0.226164899261343	0.205343952578321	0.196849612818333
MHWdlonely	~~	MHWdlonely	1	1		0.173406380783456	0.009702035376483	17.8731960928302	0	0.154390740868816	0.192422020698097	0.173406380783456	0.17186837615837
MHWdmental	~~	MHWdmental	1	1		0.121287141036075	0.00693409625016364	17.4914129628951	0	0.10769656212042	0.13487771995173	0.121287141036075	0.124261088034638
MHWdexhaust	~~	MHWdexhaust	1	1		0.158039770856272	0.00875957596963419	18.0419430579894	0	0.140871317435947	0.175208224276598	0.158039770856272	0.155793694863423
MHWdsleep	~~	MHWdsleep	1	1		0.179774866194272	0.0100323627271602	17.919494249104	0	0.160111796569196	0.199437935819348	0.179774866194272	0.176893407624531
MHWdfinancial	~~	MHWdfinancial	1	1		0.334983769134795	0.0166703154572687	20.0946268829443	0	0.302310551227627	0.367656987041963	0.334983769134795	0.290121829995766
QIadmin	~~	QIadmin	1	1		0.249138279184982	0.0134801455130172	18.4818686819367	0	0.222717679473109	0.275558878896854	0.249138279184982	0.206131464122346
QIstudent	~~	QIstudent	1	1		0.19685672102117	0.0116412123398875	16.910328174898	0	0.174040364098608	0.219673077943733	0.19685672102117	0.162410165937636
QIadvisor	~~	QIadvisor	1	1		0.159348538552926	0.00933724338888966	17.065908203971	0	0.141047877795817	0.177649199310034	0.159348538552926	0.137457885040408
QIfaculty	~~	QIfaculty	1	1		0.142424618193998	0.00855677316853968	16.6446644533765	0	0.125653650959782	0.159195585428214	0.142424618193998	0.127129547709517
QIstaff	~~	QIstaff	1	1		0.170905884868914	0.00955311470078263	17.8900693880408	0	0.1521821241152	0.189629645622628	0.170905884868914	0.149893541841666
Belong	~~	Belong	1	1		0.286172736815785	0.0150817133264662	18.974816098221	0	0.256613121870754	0.315732351760817	0.679330057670935	0.679330057670935
Gains	~~	Gains	1	1		0.234439178619955	0.013764639955194	17.031987715123	0	0.207460980047614	0.261417377192297	0.919796147732488	0.919796147732488
SupportEnv	~~	SupportEnv	1	1		0.273254153596805	0.0167753380144912	16.289040099267	0	0.240375095259917	0.306133211933694	0.719641407791611	0.719641407791611
Satisf	~~	Satisf	1	1		0.221230340216977	0.0142704201790141	15.5027208338488	0	0.193260830621856	0.249199849812099	0.657061383061159	0.657061383061159
DevAdj	~~	DevAdj	1	1		0.13508454980704	0.0134802560015884	10.0209187267009	0	0.108663733541546	0.161505366072533	1	1
EmoDiss	~~	EmoDiss	1	1		0.837807464579035	0.0395905944026357	21.1617803981053	0	0.760211325423336	0.915403603734734	1	1
QualEngag	~~	QualEngag	1	1		0.959499520220109	0.0405619513619578	23.6551617464835	0	0.879999556408007	1.03899948403221	1	1
DevAdj	~~	EmoDiss	1	1		-0.233335965699179	0.0181551383716982	-12.8523374992792	0	-0.268919383042049	-0.19775254835631	-0.693596243234758	-0.693596243234758
DevAdj	~~	QualEngag	1	1		0.235026969887477	0.0178921011254782	13.1357948537861	0	0.199959096073791	0.270094843701163	0.652818541108112	0.652818541108112
EmoDiss	~~	QualEngag	1	1		-0.152806671822188	0.0282129643355868	-5.41618633209143	6.08836530080481e-08	-0.208103065817051	-0.0975102778273249	-0.170430698162432	-0.170430698162432
sbvalued	~1		1	1		3.2212352930291	0.0217319104313924	148.226052338957	0	3.17864153126832	3.26382905478987	3.2212352930291	4.36992494418306
sbmyself	~1		1	1		3.19160246718113	0.0226161401549108	141.120564575566	0	3.14727564700819	3.23592928735406	3.19160246718113	4.17663960299976
sbcommunity	~1		1	1		3.21130546223172	0.0216145512797285	148.571460988112	0	3.16894172018146	3.25366920428199	3.21130546223172	4.35414190154348
pganalyze	~1		1	1		3.02583171662413	0.021098376818566	143.415379422055	0	2.98447965792749	3.06718377532078	3.02583171662413	4.24801824048371
pgthink	~1		1	1		3.0331377996948	0.0199708059909699	151.878587227089	0	2.99399573921026	3.07227986017934	3.0331377996948	4.61971444010835
pgwork	~1		1	1		3.03265893772002	0.0214376592455637	141.464089105138	0	2.99064189768587	3.07467597775417	3.03265893772002	4.37018095147231
pgvalues	~1		1	1		3.02379157310071	0.0219441906325784	137.794627458786	0	2.98078174979098	3.06680139641045	3.02379157310071	4.16855538213348
pgprobsolve	~1		1	1		3.05277383494617	0.0205762867959353	148.363689970983	0	3.01244505389057	3.09310261600177	3.05277383494617	4.53443877053024
SEacademic	~1		1	1		3.13345614139477	0.0219493808866544	142.758292708838	0	3.09043614537398	3.17647613741557	3.13345614139477	4.31793522506822
SEwellness	~1		1	1		3.11843868812291	0.0215524183872259	144.690894176925	0	3.07619672430421	3.16068065194161	3.11843868812291	4.27274480559404
SEnonacad	~1		1	1		3.11422804201829	0.0224976292910966	138.42472029934	0	3.07013349887021	3.15832258516637	3.11422804201829	4.10960717982897
SEactivities	~1		1	1		3.10961213196078	0.0232672747846562	133.64745810332	0	3.06400911136446	3.1552151525571	3.10961213196078	3.98429987641687
SEdiverse	~1		1	1		3.11393387923102	0.0220399797633498	141.285695933767	0	3.07073631267486	3.15713144578717	3.11393387923102	4.19090105079443
sameinst	~1		1	1		3.34090308805455	0.02012034083587	166.04604838992	0	3.30146794465958	3.38033823144953	3.34090308805455	4.97882019663208
evalexp	~1		1	1		3.32099950797874	0.0195887118182683	169.536391100593	0	3.2826063383114	3.35939267764608	3.32099950797874	5.02162037559969
MHWdacad	~1		1	1		2.79578599016713	0.0306895727766765	91.0988892061696	0	2.73563553282392	2.85593644751034	2.79578599016713	2.7373494821717
MHWdlonely	~1		1	1		2.76839088913384	0.0304641813553488	90.8736347398277	0	2.70868219085886	2.82809958740882	2.76839088913384	2.75608660982882
MHWdmental	~1		1	1		2.75634050765644	0.0299901587913916	91.9081665031937	0	2.69756087653467	2.8151201387782	2.75634050765644	2.78992844041209
MHWdexhaust	~1		1	1		2.76971938055789	0.0302843946544744	91.4569834450587	0	2.71036305774152	2.82907570337425	2.76971938055789	2.74996719410017
MHWdsleep	~1		1	1		2.7745966371166	0.0298445871453872	92.96816952435	0	2.71610232117817	2.83309095305502	2.7745966371166	2.75227099012393
MHWdfinancial	~1		1	1		2.78363149042546	0.0323378151466644	86.0797638245077	0	2.72025053739928	2.84701244345163	2.78363149042546	2.59053856878402
QIadmin	~1		1	1		5.44844792294119	0.0330266329328091	164.971340978833	0	5.38371691186226	5.51317893402012	5.44844792294119	4.95592491547255
QIstudent	~1		1	1		5.46892915172001	0.0328319308780965	166.573485185075	0	5.40457974965603	5.53327855378398	5.46892915172001	4.96745313899659
QIadvisor	~1		1	1		5.45482391383466	0.0319316467473924	170.828142907478	0	5.39223903624271	5.5174087914266	5.45482391383466	5.06630722391119
QIfaculty	~1		1	1		5.47701575734215	0.0314148553269894	174.344770979629	0	5.41544377232171	5.53858774236258	5.47701575734215	5.17457527915027
QIstaff	~1		1	1		5.47086444463312	0.031483879903504	173.76716152523	0	5.40915717392867	5.53257171533758	5.47086444463312	5.12352555058299
Belong	~1		1	1		0	0	NA	NA	0	0	0	0
Gains	~1		1	1		0	0	NA	NA	0	0	0	0
SupportEnv	~1		1	1		0	0	NA	NA	0	0	0	0
Satisf	~1		1	1		0	0	NA	NA	0	0	0	0
DevAdj	~1		1	1		0	0	NA	NA	0	0	0	0
EmoDiss	~1		1	1		0	0	NA	NA	0	0	0	0
QualEngag	~1		1	1		0	0	NA	NA	0	0	0	0
Belong	=~	sbvalued	2	2		1	0	NA	NA	1	1	0.64184309150689	0.858290437798198
Belong	=~	sbmyself	2	2	.p2.	1.00172556774816	0.0152901411551206	65.5144748230589	0	0.971757441765594	1.03169369373073	0.642950635244976	0.847954773653522
Belong	=~	sbcommunity	2	2	.p3.	1.02399253043866	0.0141829538840663	72.1988197105437	0	0.996194451631495	1.05179060924582	0.657242531416712	0.875213157606111
Gains	=~	pganalyze	2	2		1	0	NA	NA	1	1	0.467435337653708	0.703186725762274
Gains	=~	pgthink	2	2	.p5.	1.02929734416985	0.0226524758850678	45.438624430822	0	0.984899307274451	1.07369538106524	0.481129951618097	0.779979408686639
Gains	=~	pgwork	2	2	.p6.	1.0438319562249	0.0241067862299869	43.300336522106	0	0.996583523431122	1.09108038901868	0.487923942911717	0.73320572175556
Gains	=~	pgvalues	2	2	.p7.	1.04636160871175	0.0246156627455002	42.5079600549462	0	0.998115796274984	1.09460742114851	0.489106391876053	0.677912488702501
Gains	=~	pgprobsolve	2	2	.p8.	1.02496307883775	0.0235342626161388	43.5519521285052	0	0.978836771707408	1.07108938596809	0.479103962839106	0.757689803560919
SupportEnv	=~	SEacademic	2	2		1	0	NA	NA	1	1	0.596921017371397	0.84841472470422
SupportEnv	=~	SEwellness	2	2	.p10.	0.970106477582562	0.0155255571544425	62.4844872188679	0	0.939676944719937	1.00053601044519	0.579076945557166	0.807355559213722
SupportEnv	=~	SEnonacad	2	2	.p11.	0.938557074050303	0.0168896524457161	55.5699459812366	0	0.905453963545301	0.971660184555306	0.560244443503229	0.741452992679384
SupportEnv	=~	SEactivities	2	2	.p12.	0.929876486803828	0.01739772077254	53.4481785839163	0	0.895777580676565	0.963975392931091	0.555062818532682	0.703762059421467
SupportEnv	=~	SEdiverse	2	2	.p13.	0.944187113262458	0.015569171001537	60.6446620163173	0	0.9136720988303	0.974702127694616	0.563605132237589	0.767274174628584
Satisf	=~	sameinst	2	2		1	0	NA	NA	1	1	0.540183482624796	0.83444050448209
Satisf	=~	evalexp	2	2	.p15.	1.00083591218541	0.024333294894856	41.130307938568	0	0.953143530566301	1.04852829380452	0.54063502858028	0.863387174279681
DevAdj	=~	Belong	2	2		1	0	NA	NA	1	1	0.435893781117878	0.435893781117878
DevAdj	=~	Gains	2	2	.p17.	0.389012965882116	0.032709940739977	11.8928055839208	0	0.324902660095322	0.45312327166891	0.232837045152366	0.232837045152366
DevAdj	=~	SupportEnv	2	2	.p18.	0.887726959525534	0.0442070291065246	20.0811268585003	0	0.801082774613232	0.974371144437837	0.416075441563689	0.416075441563689
DevAdj	=~	Satisf	2	2	.p19.	0.924537918941961	0.0436492981000599	21.1810489328508	0	0.838986866715391	1.01008897116853	0.478842810896315	0.478842810896315
EmoDiss	=~	MHWdacad	2	2		1	0	NA	NA	1	1	0.895149492026094	0.882131125065502
EmoDiss	=~	MHWdlonely	2	2	.p21.	0.998647276904434	0.00981440561111924	101.753210176377	0	0.979411395376972	1.0178831584319	0.893938602634246	0.927990326474396
EmoDiss	=~	MHWdmental	2	2	.p22.	1.01007823809309	0.00942266377058398	107.19667629937	0	0.991610156464316	1.02854631972187	0.904171021735643	0.928808133999059
EmoDiss	=~	MHWdexhaust	2	2	.p23.	1.01102161351228	0.0097603228420401	103.584853685122	0	0.991891732264395	1.03015149476016	0.905015483762917	0.923740656407645
EmoDiss	=~	MHWdsleep	2	2	.p24.	0.999227988790658	0.0103669275314131	96.3861265319803	0	0.978909184198751	1.01954679338256	0.894458426584213	0.897087205252991
EmoDiss	=~	MHWdfinancial	2	2	.p25.	0.989102902093526	0.011725073242441	84.357929510691	0	0.966122180822247	1.0120836233648	0.885394960370555	0.825539181096287
QualEngag	=~	QIadmin	2	2		1	0	NA	NA	1	1	0.895806271246494	0.858913520076111
QualEngag	=~	QIstudent	2	2	.p27.	1.02863627633822	0.0113160525293427	90.9006275528456	0	1.00645722093354	1.05081533174289	0.921458827175414	0.890376569982616
QualEngag	=~	QIadvisor	2	2	.p28.	1.02083837461581	0.010782750037652	94.673285669349	0	0.999704572887713	1.0419721763439	0.914473417909919	0.91598132259774
QualEngag	=~	QIfaculty	2	2	.p29.	1.00953596686236	0.0107088078921692	94.2715545024001	0	0.988547089076354	1.03052484464837	0.904348650164198	0.917628133705821
QualEngag	=~	QIstaff	2	2	.p30.	1.00508160485574	0.0107837118468967	93.2036778361221	0	0.983945918016161	1.02621729169531	0.900358404744259	0.904901779236119
sbvalued	~~	sbvalued	2	2		0.14726581403372	0.0145640997013957	10.1115631623702	0	0.118720703151734	0.175810924915706	0.14726581403372	0.263337524384178
sbmyself	~~	sbmyself	2	2		0.161537742131415	0.015313698576979	10.5485778840034	0	0.131523444450434	0.191552039812396	0.161537742131415	0.280972701838205
sbcommunity	~~	sbcommunity	2	2		0.13196023502869	0.0144943746048244	9.10423792860766	0	0.103551782824802	0.160368687232577	0.13196023502869	0.234001928753141
pganalyze	~~	pganalyze	2	2		0.223381569908642	0.0168297814849186	13.2729928851909	0	0.190395804330522	0.256367335486761	0.223381569908642	0.505528428711732
pgthink	~~	pgthink	2	2		0.149017343888169	0.0135433551671234	11.0029857483107	0	0.122472855530773	0.175561832245565	0.149017343888169	0.39163212202484
pgwork	~~	pgwork	2	2		0.20477606549489	0.0178202353983108	11.491209903675	0	0.169849045918175	0.239703085071605	0.20477606549489	0.462409369584909
pgvalues	~~	pgvalues	2	2		0.281321289673849	0.0203757781786788	13.8066525463172	0	0.241385498286661	0.321257081061036	0.281321289673849	0.540434657661181
pgprobsolve	~~	pgprobsolve	2	2		0.170290556003431	0.0144519502526131	11.7832232347077	0	0.141965254001945	0.198615858004918	0.170290556003431	0.425906161579816
SEacademic	~~	SEacademic	2	2		0.138699144606909	0.0131024308365158	10.5857566689352	0	0.113018852057411	0.164379437156407	0.138699144606909	0.280192454905063
SEwellness	~~	SEwellness	2	2		0.179119533732241	0.0145292797551323	12.3281770845502	0	0.150642668690875	0.207596398773607	0.179119533732241	0.348177001006698
SEnonacad	~~	SEnonacad	2	2		0.25706274578053	0.0212570367082049	12.0930659013873	0	0.215399719414402	0.298725772146657	0.25706274578053	0.450247459646785
SEactivities	~~	SEactivities	2	2		0.313965693681784	0.0235109550073501	13.354017035192	0	0.267885068625237	0.360046318738332	0.313965693681784	0.504718963718855
SEdiverse	~~	SEdiverse	2	2		0.221920400386509	0.0173007947700948	12.8271795218396	0	0.188011465733204	0.255829335039813	0.221920400386509	0.411290340948026
sameinst	~~	sameinst	2	2		0.12727689517085	0.0172931498970431	7.35996021133274	1.84074977482851e-13	0.0933829441933932	0.161170846148307	0.12727689517085	0.303709044479676
evalexp	~~	evalexp	2	2		0.0998140671771794	0.0159749762129483	6.2481512239296	4.15339540538184e-10	0.0685036891459166	0.131124445208442	0.0998140671771794	0.254562587289348
MHWdacad	~~	MHWdacad	2	2		0.228440899781765	0.0167269607700361	13.6570476204489	0	0.19565665910168	0.26122514046185	0.228440899781765	0.221844678190672
MHWdlonely	~~	MHWdlonely	2	2		0.12883212719325	0.0115450202512635	11.1591079434573	0	0.106204303299988	0.151459951086512	0.12883212719325	0.138833953969944
MHWdmental	~~	MHWdmental	2	2		0.130127340229465	0.0118874819419002	10.9465857332494	0	0.10682830375647	0.153426376702459	0.130127340229465	0.137315450217186
MHWdexhaust	~~	MHWdexhaust	2	2		0.140815832865657	0.0124135677045178	11.3437036166813	0	0.116485687245153	0.165145978486161	0.140815832865657	0.146703199699574
MHWdsleep	~~	MHWdsleep	2	2		0.194092011893367	0.0168320155570588	11.5311212276043	0	0.161101867614314	0.22708215617242	0.194092011893367	0.195234546171377
MHWdfinancial	~~	MHWdfinancial	2	2		0.366342897539762	0.0245001862663212	14.9526576474788	0	0.31832341484325	0.414362380236274	0.366342897539762	0.318485060474873
QIadmin	~~	QIadmin	2	2		0.285281692984298	0.0219373107334798	13.0044058932398	0	0.242285354029014	0.328278031939583	0.285281692984298	0.262267565030463
QIstudent	~~	QIstudent	2	2		0.221950504080178	0.0170604429144534	13.0096566187121	0	0.188512650407548	0.255388357752808	0.221950504080178	0.207229563625992
QIadvisor	~~	QIadvisor	2	2		0.160448642521584	0.0140219441577304	11.4426816079658	0	0.132966136979201	0.187931148063967	0.160448642521584	0.160978216652096
QIfaculty	~~	QIfaculty	2	2		0.153419883104602	0.0133554217297688	11.4874607637911	0	0.127243737515912	0.179596028693293	0.153419883104602	0.157958608231573
QIstaff	~~	QIstaff	2	2		0.179338255473749	0.0152806364875361	11.7363079489542	0	0.14938875829733	0.209287752650168	0.179338255473749	0.181152769935306
Belong	~~	Belong	2	2		0.333688272932228	0.0265136181934822	12.5855426632891	0	0.281722536173157	0.385654009691299	0.809996611582759	0.809996611582759
Gains	~~	Gains	2	2		0.20665046278301	0.017021845426178	12.1403089740905	0	0.173288258797294	0.240012666768727	0.945786910404715	0.945786910404715
SupportEnv	~~	SupportEnv	2	2		0.294629937118432	0.0233790310432808	12.6023160058684	0	0.248807878280157	0.340451995956706	0.826881226927581	0.826881226927581
Satisf	~~	Satisf	2	2		0.224891659116433	0.0219848511363848	10.2293919445394	0	0.181802142683644	0.267981175549222	0.770709562452916	0.770709562452916
DevAdj	~~	DevAdj	2	2		0.0782742811828942	0.0151699792688968	5.15981464413608	2.47194454905397e-07	0.0485416681696373	0.108006894196151	1	1
EmoDiss	~~	EmoDiss	2	2		0.801292613074575	0.0525510889582761	15.2478783781393	0	0.698294371367993	0.904290854781156	1	1
QualEngag	~~	QualEngag	2	2		0.802468875604547	0.0591760234569555	13.5607097051437	0	0.686486000880617	0.918451750328477	1	1
DevAdj	~~	EmoDiss	2	2		-0.166247202128191	0.0198997661558848	-8.35422893042526	0	-0.205250027094494	-0.127244377161887	-0.663818316341638	-0.663818316341638
DevAdj	~~	QualEngag	2	2		0.115401043089982	0.0207399754294598	5.56418417574698	2.63381663145879e-08	0.0747514382079946	0.156050647971968	0.460453832251511	0.460453832251511
EmoDiss	~~	QualEngag	2	2		-0.129063100640302	0.0374408878267837	-3.44711645827948	0.000566604283398053	-0.202445892330002	-0.0556803089506017	-0.160950535681371	-0.160950535681371
sbvalued	~1		2	2		2.97729278910391	0.0351995820269022	84.5831858693219	0	2.90830287606032	3.0462827021475	2.97729278910391	3.98131874476362
sbmyself	~1		2	2		2.94620292993711	0.0354247769861346	83.1678610451174	0	2.87677164288393	3.0156342169903	2.94620292993711	3.88559665648404
sbcommunity	~1		2	2		2.95822037912907	0.0350933609445389	84.2957271548941	0	2.88943865558131	3.02700210267683	2.95822037912907	3.9392967970765
pganalyze	~1		2	2		3.03660042711942	0.0306613812082252	99.0366483002672	0	2.97650522423505	3.0966956300038	3.03660042711942	4.56811229230669
pgthink	~1		2	2		3.01000672764477	0.0296748382510307	101.432961560969	0	2.9518451134257	3.06816834186384	3.01000672764477	4.87964480214844
pgwork	~1		2	2		2.99086542369796	0.0303271958300264	98.6199133101766	0	2.93142521211901	3.0503056352769	2.99086542369796	4.49438826176436
pgvalues	~1		2	2		3.04588483176894	0.0326065366495205	93.4133196821359	0	2.9819771942753	3.10979246926259	3.04588483176894	4.22166506286212
pgprobsolve	~1		2	2		3.0309814259331	0.028226350963797	107.381270424244	0	2.97565879462907	3.08630405723713	3.0309814259331	4.79341416339584
SEacademic	~1		2	2		2.99132882688005	0.0338788934498564	88.294761790478	0	2.92492741588227	3.05773023787784	2.99132882688005	4.25163019779918
SEwellness	~1		2	2		2.97188220092869	0.0322905009113894	92.0358036279475	0	2.90859398209961	3.03517041975777	2.97188220092869	4.14343142937509
SEnonacad	~1		2	2		2.99455994461292	0.0346362818704499	86.4573153612007	0	2.92667407958846	3.06244580963738	2.99455994461292	3.96313691003749
SEactivities	~1		2	2		2.98449927683358	0.034822330794092	85.7064765274108	0	2.91624876261942	3.05274979104774	2.98449927683358	3.78403540514327
SEdiverse	~1		2	2		2.97816611497543	0.0336409658338151	88.5279611081155	0	2.91223103353601	3.04410119641485	2.97816611497543	4.05438101442148
sameinst	~1		2	2		3.1718004511009	0.030917985183892	102.587553239186	0	3.11120231366593	3.23239858853587	3.1718004511009	4.89959218240574
evalexp	~1		2	2		3.17757815819496	0.0296654123654772	107.113904875054	0	3.1194350183721	3.23572129801782	3.17757815819496	5.07455137389307
MHWdacad	~1		2	2		3.03229484747767	0.0480819685416244	63.065114417115	0	2.9380559208303	3.12653377412504	3.03229484747767	2.98819547926172
MHWdlonely	~1		2	2		3.02903957171616	0.0435495329190635	69.5538934331535	0	2.94368405565125	3.11439508778106	3.02903957171616	3.14442111883027
MHWdmental	~1		2	2		3.06110394408519	0.0452413370895754	67.6616594691791	0	2.97243255277719	3.1497753353932	3.06110394408519	3.14451378548405
MHWdexhaust	~1		2	2		3.050236237925	0.0439919202113174	69.336283191846	0	2.96401365870006	3.13645881714994	3.050236237925	3.11334698153888
MHWdsleep	~1		2	2		3.03330974710028	0.0466290281431304	65.0519615761531	0	2.94191853130564	3.12470096289492	3.03330974710028	3.0422245269514
MHWdfinancial	~1		2	2		3.06694042226755	0.0487812705982269	62.8712697446431	0	2.97133088877492	3.16254995576018	3.06694042226755	2.85960458099989
QIadmin	~1		2	2		5.17660665183473	0.0477114552257359	108.498192464321	0	5.08309391794229	5.27011938572717	5.17660665183473	4.9634140595934
QIstudent	~1		2	2		5.18621332151932	0.047287453177141	109.674194169255	0	5.0935316163715	5.27889502666714	5.18621332151932	5.01127417984295
QIadvisor	~1		2	2		5.17776982379611	0.0477432687976986	108.4502581031	0	5.0841947364484	5.27134491114381	5.17776982379611	5.18630761531289
QIfaculty	~1		2	2		5.18069518292637	0.046268246422397	111.970856548792	0	5.09001108631065	5.27137927954209	5.18069518292637	5.25676867118042
QIstaff	~1		2	2		5.1896391864918	0.0476979344831264	108.802178600159	0	5.09615295276792	5.28312542021568	5.1896391864918	5.2158270625394
Belong	~1		2	2		0	0	NA	NA	0	0	0	0
Gains	~1		2	2		0	0	NA	NA	0	0	0	0
SupportEnv	~1		2	2		0	0	NA	NA	0	0	0	0
Satisf	~1		2	2		0	0	NA	NA	0	0	0	0
DevAdj	~1		2	2		0	0	NA	NA	0	0	0	0
EmoDiss	~1		2	2		0	0	NA	NA	0	0	0	0
QualEngag	~1		2	2		0	0	NA	NA	0	0	0	0
Belong	=~	sbvalued	3	3		1	0	NA	NA	1	1	0.622798522397511	0.846218055979287
Belong	=~	sbmyself	3	3	.p2.	1.00172556774816	0.0152901411551206	65.5144748230589	0	0.971757441765594	1.03169369373073	0.623873203441364	0.833794393309975
Belong	=~	sbcommunity	3	3	.p3.	1.02399253043866	0.0141829538840663	72.1988197105436	0	0.996194451631495	1.05179060924582	0.637741034903284	0.874850525859224
Gains	=~	pganalyze	3	3		1	0	NA	NA	1	1	0.487057571063286	0.690735353860977
Gains	=~	pgthink	3	3	.p5.	1.02929734416985	0.0226524758850677	45.438624430822	0	0.984899307274452	1.07369538106524	0.501327064353257	0.780891998148132
Gains	=~	pgwork	3	3	.p6.	1.0438319562249	0.0241067862299869	43.3003365221059	0	0.996583523431121	1.09108038901868	0.508406257197139	0.741351897610113
Gains	=~	pgvalues	3	3	.p7.	1.04636160871175	0.0246156627455002	42.5079600549462	0	0.998115796274984	1.09460742114851	0.509638343593017	0.693218740829132
Gains	=~	pgprobsolve	3	3	.p8.	1.02496307883775	0.0235342626161388	43.5519521285051	0	0.978836771707407	1.07108938596809	0.49921602760826	0.746714063450479
SupportEnv	=~	SEacademic	3	3		1	0	NA	NA	1	1	0.614435646615984	0.837445175789164
SupportEnv	=~	SEwellness	3	3	.p10.	0.970106477582562	0.0155255571544424	62.4844872188679	0	0.939676944719937	1.00053601044519	0.596068000839796	0.812215128949691
SupportEnv	=~	SEnonacad	3	3	.p11.	0.938557074050303	0.0168896524457161	55.5699459812366	0	0.9054539635453	0.971660184555305	0.576682922680104	0.747715857316928
SupportEnv	=~	SEactivities	3	3	.p12.	0.929876486803828	0.01739772077254	53.4481785839163	0	0.895777580676565	0.96397539293109	0.57134926044231	0.719401577028069
SupportEnv	=~	SEdiverse	3	3	.p13.	0.944187113262458	0.015569171001537	60.6446620163172	0	0.9136720988303	0.974702127694616	0.580142219463898	0.767823983899518
Satisf	=~	sameinst	3	3		1	0	NA	NA	1	1	0.559002522445642	0.873821529619715
Satisf	=~	evalexp	3	3	.p15.	1.00083591218541	0.024333294894856	41.130307938568	0	0.953143530566301	1.04852829380452	0.55946979946583	0.847613430822835
DevAdj	=~	Belong	3	3		1	0	NA	NA	1	1	0.386759050321455	0.386759050321455
DevAdj	=~	Gains	3	3	.p17.	0.389012965882116	0.032709940739977	11.8928055839208	0	0.324902660095322	0.45312327166891	0.192385278676258	0.192385278676258
DevAdj	=~	SupportEnv	3	3	.p18.	0.887726959525534	0.0442070291065246	20.0811268585003	0	0.801082774613232	0.974371144437836	0.34800947192093	0.34800947192093
DevAdj	=~	Satisf	3	3	.p19.	0.924537918941961	0.04364929810006	21.1810489328508	0	0.838986866715391	1.01008897116853	0.398381368433569	0.398381368433569
EmoDiss	=~	MHWdacad	3	3		1	0	NA	NA	1	1	0.906221152678156	0.892852094774397
EmoDiss	=~	MHWdlonely	3	3	.p21.	0.998647276904433	0.00981440561111924	101.753210176377	0	0.979411395376972	1.0178831584319	0.904995286395237	0.900461348673452
EmoDiss	=~	MHWdmental	3	3	.p22.	1.01007823809309	0.00942266377058398	107.19667629937	0	0.991610156464316	1.02854631972187	0.915354265219842	0.93023603868399
EmoDiss	=~	MHWdexhaust	3	3	.p23.	1.01102161351228	0.00976032284204011	103.584853685122	0	0.991891732264394	1.03015149476016	0.916209171979624	0.918908417424777
EmoDiss	=~	MHWdsleep	3	3	.p24.	0.999227988790658	0.0103669275314131	96.3861265319803	0	0.978909184198752	1.01954679338256	0.905521539790145	0.902738560061657
EmoDiss	=~	MHWdfinancial	3	3	.p25.	0.989102902093525	0.011725073242441	84.3579295106908	0	0.966122180822247	1.0120836233648	0.896345972052503	0.838114343820176
QualEngag	=~	QIadmin	3	3		1	0	NA	NA	1	1	0.98551048842045	0.889136186871472
QualEngag	=~	QIstudent	3	3	.p27.	1.02863627633821	0.0113160525293427	90.9006275528454	0	1.00645722093354	1.05081533174289	1.01373183910107	0.897384837334766
QualEngag	=~	QIadvisor	3	3	.p28.	1.02083837461581	0.010782750037652	94.6732856693489	0	0.999704572887712	1.0419721763439	1.00604692516596	0.919361318354183
QualEngag	=~	QIfaculty	3	3	.p29.	1.00953596686236	0.0107088078921692	94.2715545023999	0	0.988547089076352	1.03052484464837	0.994908283780538	0.927501561199391
QualEngag	=~	QIstaff	3	3	.p30.	1.00508160485574	0.0107837118468967	93.203677836122	0	0.98394591801616	1.02621729169531	0.990518463303786	0.915207584517852
sbvalued	~~	sbvalued	3	3		0.153786747617647	0.00890722819536484	17.2653876430015	0	0.136328901152652	0.171244594082641	0.153786747617647	0.283915001734637
sbmyself	~~	sbmyself	3	3		0.170636146206086	0.00943938102391429	18.0770482485861	0	0.152135299362864	0.189136993049309	0.170636146206086	0.304786909684852
sbcommunity	~~	sbcommunity	3	3		0.124685711543097	0.00853704138267298	14.6052602949967	0	0.10795341789853	0.141418005187664	0.124685711543097	0.23463655740384
pganalyze	~~	pganalyze	3	3		0.259981914311413	0.0119062356024535	21.8357777379979	0	0.236646121339155	0.28331770728367	0.259981914311413	0.522884670926551
pgthink	~~	pgthink	3	3		0.160825969202606	0.00839953160290961	19.1470163820677	0	0.144363189773897	0.177288748631315	0.160825969202606	0.390207687228217
pgwork	~~	pgwork	3	3		0.211820898985164	0.00990848627376953	21.3777254297573	0	0.192400622747267	0.231241175223062	0.211820898985164	0.450397363909885
pgvalues	~~	pgvalues	3	3		0.280753702988119	0.0129931064456494	21.6078967845388	0	0.255287682307351	0.306219723668887	0.280753702988119	0.519447777363272
pgprobsolve	~~	pgprobsolve	3	3		0.197743069973253	0.00907422970971443	21.7917196609602	0	0.17995790655477	0.215528233391737	0.197743069973253	0.442418107445274
SEacademic	~~	SEacademic	3	3		0.160788242906947	0.00853788267376606	18.8323322128791	0	0.144054300362137	0.177522185451757	0.160788242906947	0.298685577547457
SEwellness	~~	SEwellness	3	3		0.183282001273281	0.0093509158752801	19.6004331252515	0	0.164954542935268	0.201609459611293	0.183282001273281	0.340306584305237
SEnonacad	~~	SEnonacad	3	3		0.262277949636537	0.0116195201666985	22.5721842101728	0	0.239504108592171	0.285051790680903	0.262277949636537	0.440920996716812
SEactivities	~~	SEactivities	3	3		0.304314828314466	0.013417881862073	22.679796367461	0	0.278016263115989	0.330613393512942	0.304314828314466	0.482461370969527
SEdiverse	~~	SEdiverse	3	3		0.234316015334952	0.0110731279590234	21.1607791585222	0	0.212613083339063	0.256018947330842	0.234316015334952	0.410446329748673
sameinst	~~	sameinst	3	3		0.0967599279587419	0.0111371433369077	8.68803830853883	0	0.0749315281277426	0.118588327789741	0.0967599279587419	0.236435934373061
evalexp	~~	evalexp	3	3		0.122663524377969	0.0115404582903916	10.6289994115828	0	0.100044641763714	0.145282406992223	0.122663524377969	0.281551471888742
MHWdacad	~~	MHWdacad	3	3		0.208934285049507	0.00943100299159158	22.1539835408585	0	0.190449858847898	0.227418711251116	0.208934285049507	0.202815136856971
MHWdlonely	~~	MHWdlonely	3	3		0.191079139161329	0.00918595745432684	20.80122187713	0	0.173074993387331	0.209083284935327	0.191079139161329	0.189169359545187
MHWdmental	~~	MHWdmental	3	3		0.130386807006911	0.00677222845295916	19.2531613356808	0	0.117113483144033	0.143660130869788	0.130386807006911	0.134660912333519
MHWdexhaust	~~	MHWdexhaust	3	3		0.154694486318904	0.00763657713595655	20.2570449515307	0	0.139727070167267	0.169661902470541	0.154694486318904	0.155607320385892
MHWdsleep	~~	MHWdsleep	3	3		0.186205883067968	0.00942560932184154	19.7553151960671	0	0.167732028264814	0.204679737871122	0.186205883067968	0.185063092177807
MHWdfinancial	~~	MHWdfinancial	3	3		0.340349948852176	0.0157111318722351	21.6629808482257	0	0.309556696226236	0.371143201478117	0.340349948852176	0.297564346682875
QIadmin	~~	QIadmin	3	3		0.257299539289987	0.0121403126377488	21.193814934382	0	0.233504963758943	0.281094114821031	0.257299539289987	0.209436841195658
QIstudent	~~	QIstudent	3	3		0.248459543574418	0.0118595028390252	20.9502495127225	0	0.225215345135378	0.271703742013458	0.248459543574418	0.194700453721655
QIadvisor	~~	QIadvisor	3	3		0.185337874824503	0.00986800402019147	18.7816983500689	0	0.165996942345632	0.204678807303375	0.185337874824503	0.154774766314059
QIfaculty	~~	QIfaculty	3	3		0.16079042684746	0.00880585490246475	18.2594908306354	0	0.143531268385544	0.178049585309377	0.16079042684746	0.139740853972692
QIstaff	~~	QIstaff	3	3		0.190221144104937	0.0094695793973652	20.0876022178835	0	0.171661109537359	0.208781178672515	0.190221144104937	0.162395077240998
Belong	~~	Belong	3	3		0.329858214201768	0.0153072131736377	21.5492010505122	0	0.299856627677761	0.359859800725775	0.850417436994447	0.850417436994447
Gains	~~	Gains	3	3		0.228444880317073	0.0127430874536935	17.9269648071716	0	0.20346888785599	0.253420872778157	0.962987904548658	0.962987904548658
SupportEnv	~~	SupportEnv	3	3		0.331808140875821	0.015686505765507	21.1524571396539	0	0.301063154532147	0.362553127219495	0.878889407453315	0.878889407453315
Satisf	~~	Satisf	3	3		0.262890227127012	0.0156015236742584	16.8502918443001	0	0.232311802621516	0.293468651632507	0.841292285284997	0.841292285284997
DevAdj	~~	DevAdj	3	3		0.058019785298755	0.00842004286103207	6.89067576689786	5.55289147996518e-12	0.0415168045428486	0.0745227660546615	1	1
EmoDiss	~~	EmoDiss	3	3		0.821236777561325	0.031572581005116	26.0110751613323	0	0.759355655892324	0.883117899230325	1	1
QualEngag	~~	QualEngag	3	3		0.971230922786715	0.0427329495355758	22.7279168262923	0	0.887475880743819	1.05498596482961	1	1
DevAdj	~~	EmoDiss	3	3		-0.161798649952606	0.0128629176802118	-12.5786896857402	0	-0.187009505341925	-0.136587794563287	-0.741229405085306	-0.741229405085306
DevAdj	~~	QualEngag	3	3		0.158775006680472	0.0146696531146737	10.8233647680226	0	0.130023014910016	0.187526998450928	0.66885631271033	0.66885631271033
EmoDiss	~~	QualEngag	3	3		-0.196463186159767	0.0274551933352483	-7.15577500259443	8.32001134654092e-13	-0.250274376285438	-0.142651996034096	-0.219981286313573	-0.219981286313573
sbvalued	~1		3	3		2.73560670825283	0.0201073060826797	136.050383726404	0	2.69619711250466	2.77501630400101	2.73560670825283	3.71696416630879
sbmyself	~1		3	3		2.72410422642853	0.0204856725963227	132.976069671128	0	2.68395304594065	2.7642554069164	2.72410422642853	3.64071227656372
sbcommunity	~1		3	3		2.74589833030527	0.0203731560337908	134.780214010581	0	2.70596767822763	2.78582898238292	2.74589833030527	3.76681202361056
pganalyze	~1		3	3		2.86917167258776	0.0201362299508306	142.488026785243	0	2.82970538709972	2.90863795807581	2.86917167258776	4.06900216380229
pgthink	~1		3	3		2.88526318433741	0.018182412411096	158.684288921785	0	2.84962631085961	2.92090005781522	2.88526318433741	4.49422960259905
pgwork	~1		3	3		2.90037917812418	0.0189976983262634	152.670030248588	0	2.86314437361555	2.93761398263281	2.90037917812418	4.22929808013252
pgvalues	~1		3	3		2.88376109677269	0.0204849778598731	140.774430731582	0	2.84361127794324	2.92391091560215	2.88376109677269	3.92254087921064
pgprobsolve	~1		3	3		2.8801424622325	0.0186878894632514	154.118123820035	0	2.84351487193746	2.91677005252754	2.8801424622325	4.30804053225937
SEacademic	~1		3	3		2.64522216573222	0.020266691396524	130.520671281643	0	2.60550018050924	2.68494415095519	2.64522216573222	3.60530602966058
SEwellness	~1		3	3		2.65270658457781	0.020215248941262	131.22304812004	0	2.61308542471442	2.69232774444119	2.65270658457781	3.61463527252428
SEnonacad	~1		3	3		2.64177274836981	0.0218637951159985	120.828645454912	0	2.59892049737709	2.68462499936253	2.64177274836981	3.42527114589027
SEactivities	~1		3	3		2.67045146323549	0.022481543999771	118.784166392784	0	2.62638844667909	2.71451447979189	2.67045146323549	3.36243892665808
SEdiverse	~1		3	3		2.64157737232412	0.02091863026356	126.278696981691	0	2.60057761040163	2.6825771342466	2.64157737232412	3.49615386322171
sameinst	~1		3	3		2.79810906465217	0.0179921001835175	155.518757460872	0	2.76284519628624	2.8333729330181	2.79810906465217	4.37394796041355
evalexp	~1		3	3		2.80379433889698	0.0183153337260018	153.084534567694	0	2.76789694442918	2.83969173336477	2.80379433889698	4.24783203880384
MHWdacad	~1		3	3		4.07186258912757	0.0285561521864012	142.591430475239	0	4.01589355930518	4.12783161894996	4.07186258912757	4.01179229991691
MHWdlonely	~1		3	3		4.04618832156958	0.028346476485018	142.740432790937	0	3.99063024857033	4.10174639456882	4.04618832156958	4.02591731448657
MHWdmental	~1		3	3		4.05051380196047	0.0278995536597442	145.182028765029	0	3.99583168160263	4.10519592231831	4.05051380196047	4.11636680675277
MHWdexhaust	~1		3	3		4.0597214627195	0.0284106872060594	142.894166314064	0	4.00403753901959	4.11540538641941	4.0597214627195	4.07168181522629
MHWdsleep	~1		3	3		4.05242022892861	0.0283967501987848	142.707183060054	0	3.99676362126102	4.10807683659621	4.05242022892861	4.039965745128
MHWdfinancial	~1		3	3		4.05086322245872	0.0295565983741055	137.054446225032	0	3.99293335413996	4.10879309077748	4.05086322245872	3.7876965786124
QIadmin	~1		3	3		4.68630099062978	0.0311896718246044	150.251692835477	0	4.62517035716394	4.74743162409563	4.68630099062978	4.22802176364347
QIstudent	~1		3	3		4.6657445506891	0.0331379335605295	140.797691629343	0	4.60079539438838	4.73069370698982	4.6657445506891	4.13025245254063
QIadvisor	~1		3	3		4.67966563431758	0.0311543559466635	150.209031518071	0	4.61860421870057	4.74072704993458	4.67966563431758	4.27644422879503
QIfaculty	~1		3	3		4.70934594071532	0.0306751522966047	153.523147829215	0	4.64922374699369	4.76946813443694	4.70934594071532	4.39027977095924
QIstaff	~1		3	3		4.69002587757958	0.0307471770945443	152.535169754226	0	4.62976251784799	4.75028923731116	4.69002587757958	4.33343487654847
Belong	~1		3	3		0	0	NA	NA	0	0	0	0
Gains	~1		3	3		0	0	NA	NA	0	0	0	0
SupportEnv	~1		3	3		0	0	NA	NA	0	0	0	0
Satisf	~1		3	3		0	0	NA	NA	0	0	0	0
DevAdj	~1		3	3		0	0	NA	NA	0	0	0	0
EmoDiss	~1		3	3		0	0	NA	NA	0	0	0	0
QualEngag	~1		3	3		0	0	NA	NA	0	0	0	0
Belong	=~	sbvalued	4	4		1	0	NA	NA	1	1	0.728034474289108	0.886357817715194
Belong	=~	sbmyself	4	4	.p2.	1.00172556774816	0.0152901411551206	65.5144748230589	0	0.971757441765594	1.03169369373073	0.729290747097492	0.859950129539925
Belong	=~	sbcommunity	4	4	.p3.	1.02399253043866	0.0141829538840663	72.1988197105437	0	0.996194451631496	1.05179060924582	0.745501863573882	0.911498101921926
Gains	=~	pganalyze	4	4		1	0	NA	NA	1	1	0.519720535594222	0.737760554423188
Gains	=~	pgthink	4	4	.p5.	1.02929734416985	0.0226524758850678	45.438624430822	0	0.984899307274452	1.07369538106524	0.534946966997663	0.783868837458045
Gains	=~	pgwork	4	4	.p6.	1.0438319562249	0.0241067862299869	43.3003365221059	0	0.996583523431121	1.09108038901868	0.54250090335957	0.754135809576125
Gains	=~	pgvalues	4	4	.p7.	1.04636160871175	0.0246156627455001	42.5079600549463	0	0.998115796274984	1.09460742114851	0.543815615704902	0.725294097629093
Gains	=~	pgprobsolve	4	4	.p8.	1.02496307883775	0.0235342626161388	43.5519521285051	0	0.978836771707407	1.07108938596809	0.532694360297856	0.774933433481065
SupportEnv	=~	SEacademic	4	4		1	0	NA	NA	1	1	0.667456203033756	0.851852310398753
SupportEnv	=~	SEwellness	4	4	.p10.	0.970106477582562	0.0155255571544425	62.4844872188678	0	0.939676944719937	1.00053601044519	0.647503586065709	0.838265398370044
SupportEnv	=~	SEnonacad	4	4	.p11.	0.938557074050303	0.0168896524457161	55.5699459812367	0	0.905453963545301	0.971660184555306	0.626445740976088	0.769727435839663
SupportEnv	=~	SEactivities	4	4	.p12.	0.929876486803828	0.01739772077254	53.4481785839163	0	0.895777580676565	0.96397539293109	0.620651829172452	0.742750597219418
SupportEnv	=~	SEdiverse	4	4	.p13.	0.944187113262458	0.015569171001537	60.6446620163172	0	0.9136720988303	0.974702127694616	0.630203545571563	0.805483765865607
Satisf	=~	sameinst	4	4		1	0	NA	NA	1	1	0.64810335851487	0.905579009882184
Satisf	=~	evalexp	4	4	.p15.	1.00083591218541	0.024333294894856	41.130307938568	0	0.953143530566301	1.04852829380452	0.648645116009658	0.876157497243249
DevAdj	=~	Belong	4	4		1	0	NA	NA	1	1	0.612593131739406	0.612593131739406
DevAdj	=~	Gains	4	4	.p17.	0.389012965882116	0.032709940739977	11.8928055839208	0	0.324902660095322	0.453123271668911	0.333824546271152	0.333824546271152
DevAdj	=~	SupportEnv	4	4	.p18.	0.887726959525534	0.0442070291065246	20.0811268585003	0	0.801082774613232	0.974371144437836	0.593172083663619	0.593172083663619
DevAdj	=~	Satisf	4	4	.p19.	0.924537918941961	0.04364929810006	21.1810489328508	0	0.838986866715391	1.01008897116853	0.636215907962682	0.636215907962682
EmoDiss	=~	MHWdacad	4	4		1	0	NA	NA	1	1	1.29536630947148	0.941435960770322
EmoDiss	=~	MHWdlonely	4	4	.p21.	0.998647276904434	0.00981440561111925	101.753210176377	0	0.979411395376972	1.0178831584319	1.29361403754744	0.955376892239324
EmoDiss	=~	MHWdmental	4	4	.p22.	1.01007823809309	0.00942266377058399	107.19667629937	0	0.991610156464316	1.02854631972187	1.3084213195561	0.964540382231772
EmoDiss	=~	MHWdexhaust	4	4	.p23.	1.01102161351228	0.00976032284204011	103.584853685122	0	0.991891732264395	1.03015149476016	1.3096433362913	0.959082884145235
EmoDiss	=~	MHWdsleep	4	4	.p24.	0.999227988790658	0.0103669275314132	96.3861265319803	0	0.978909184198751	1.01954679338256	1.29436627216036	0.947270931914845
EmoDiss	=~	MHWdfinancial	4	4	.p25.	0.989102902093526	0.011725073242441	84.3579295106909	0	0.966122180822247	1.0120836233648	1.28125057597242	0.905627527329913
QualEngag	=~	QIadmin	4	4		1	0	NA	NA	1	1	0.97796090304071	0.900652530019935
QualEngag	=~	QIstudent	4	4	.p27.	1.02863627633822	0.0113160525293427	90.9006275528457	0	1.00645722093354	1.05081533174289	1.00596606170815	0.903634977997551
QualEngag	=~	QIadvisor	4	4	.p28.	1.02083837461581	0.010782750037652	94.673285669349	0	0.999704572887714	1.04197217634391	0.998340018697888	0.926418973720057
QualEngag	=~	QIfaculty	4	4	.p29.	1.00953596686236	0.0107088078921692	94.2715545024002	0	0.988547089076354	1.03052484464837	0.987286705804794	0.926745785313261
QualEngag	=~	QIstaff	4	4	.p30.	1.00508160485574	0.0107837118468967	93.2036778361223	0	0.983945918016162	1.02621729169531	0.982930513914323	0.917882067060848
sbvalued	~~	sbvalued	4	4		0.144626997967523	0.00983023344676032	14.712468300047	0	0.125360094452251	0.163893901482794	0.144626997967523	0.214369818975159
sbmyself	~~	sbmyself	4	4		0.187343610453462	0.0112775225491146	16.6121246610295	0	0.16524007242236	0.209447148484565	0.187343610453462	0.260485774704265
sbcommunity	~~	sbcommunity	4	4		0.113165067211041	0.00882798061569402	12.8189075324724	0	0.0958625431480626	0.130467591274019	0.113165067211041	0.169171210192727
pganalyze	~~	pganalyze	4	4		0.226150131775396	0.0113051948409335	20.0040897089681	0	0.203992357048958	0.248307906501834	0.226150131775396	0.45570936433719
pgthink	~~	pgthink	4	4		0.179562220934492	0.00952361916013804	18.8544100635676	0	0.160896270378146	0.198228171490838	0.179562220934492	0.385549645662173
pgwork	~~	pgwork	4	4		0.223182582370384	0.0108655367697089	20.5404102071215	0	0.201886521629059	0.244478643111709	0.223182582370384	0.431279180714962
pgvalues	~~	pgvalues	4	4		0.266444150001736	0.013201996534423	20.1821102821083	0	0.240568712270244	0.292319587733227	0.266444150001736	0.4739484719444
pgprobsolve	~~	pgprobsolve	4	4		0.188764558550332	0.00965307642198297	19.554860056889	0	0.169844876423232	0.207684240677431	0.188764558550332	0.399478173673248
SEacademic	~~	SEacademic	4	4		0.168429502745938	0.0108274935017782	15.5557242050782	0	0.147208005439611	0.189651000052264	0.168429502745938	0.274347641268306
SEwellness	~~	SEwellness	4	4		0.177391347204433	0.0101438857503919	17.4875143085656	0	0.157509696470376	0.19727299793849	0.177391347204433	0.297311121895511
SEnonacad	~~	SEnonacad	4	4		0.269924042416335	0.0128426419211578	21.0177971225411	0	0.244752926784522	0.295095158048149	0.269924042416335	0.407519674515697
SEactivities	~~	SEactivities	4	4		0.313039885053515	0.0144219050658151	21.7058622716584	0	0.284773470536062	0.341306299570969	0.313039885053515	0.448321550330198
SEdiverse	~~	SEdiverse	4	4		0.2149797440529	0.0117199225741781	18.3431027544973	0	0.192009117905913	0.237950370199887	0.2149797440529	0.35119590292696
sameinst	~~	sameinst	4	4		0.0921576431263734	0.0112102932213328	8.22080576367088	2.22044604925031e-16	0.0701858721564276	0.114129414096319	0.0921576431263734	0.179926656860803
evalexp	~~	evalexp	4	4		0.12734706937465	0.0125872269529261	10.11716638231	0	0.102676557881683	0.152017580867617	0.12734706937465	0.232348040024445
MHWdacad	~~	MHWdacad	4	4		0.215257216880104	0.0122260218894552	17.6064805728641	0	0.191294654302574	0.239219779457634	0.215257216880104	0.113698331768461
MHWdlonely	~~	MHWdlonely	4	4		0.159974317351877	0.00984882912880927	16.242978252504	0	0.140670966969522	0.179277667734232	0.159974317351877	0.0872549937751305
MHWdmental	~~	MHWdmental	4	4		0.128188599987241	0.0080022585397996	16.019052539941	0	0.112504461454256	0.143872738520226	0.128188599987241	0.069661851044188
MHWdexhaust	~~	MHWdexhaust	4	4		0.149469168291195	0.00932271586526987	16.0327924235057	0	0.131196980957166	0.167741355625224	0.149469168291195	0.080160021339658
MHWdsleep	~~	MHWdsleep	4	4		0.191708968752774	0.0106444206601372	18.0102773907381	0	0.170846287622611	0.212571649882937	0.191708968752774	0.102677781549181
MHWdfinancial	~~	MHWdfinancial	4	4		0.359958364238215	0.0178179496801478	20.2020081266292	0	0.325035824586779	0.394880903889652	0.359958364238215	0.179838781742308
QIadmin	~~	QIadmin	4	4		0.222632200488071	0.0120409400093572	18.4896029973623	0	0.199032391729723	0.246232009246418	0.222632200488071	0.18882502016869
QIstudent	~~	QIstudent	4	4		0.227344102501418	0.012856567326011	17.6831106419411	0	0.202145693577622	0.252542511425214	0.227344102501418	0.183443826539366
QIadvisor	~~	QIadvisor	4	4		0.16461092911717	0.00975397421214825	16.876293245901	0	0.145493490955227	0.183728367279113	0.16461092911717	0.141747885131476
QIfaculty	~~	QIfaculty	4	4		0.160185194750556	0.00955573997529652	16.763243366256	0	0.141456288553346	0.178914100947767	0.160185194750556	0.141142249404107
QIstaff	~~	QIstaff	4	4		0.180605832798238	0.0105430356295355	17.130344536851	0	0.159941862676626	0.20126980291985	0.180605832798238	0.157492510968105
Belong	~~	Belong	4	4		0.331128080222458	0.0183088823247021	18.0856523271059	0	0.29524333026886	0.367012830176056	0.624729654945707	0.624729654945707
Gains	~~	Gains	4	4		0.2400087563199	0.0138728313729237	17.3006324280952	0	0.212818506465372	0.267199006174428	0.888561172306859	0.888561172306859
SupportEnv	~~	SupportEnv	4	4		0.288747997704526	0.01518271574779	19.0182048127032	0	0.258990421651348	0.318505573757703	0.648146879162161	0.648146879162161
Satisf	~~	Satisf	4	4		0.250018910631243	0.0180485359263508	13.8525868054603	0	0.214644430241918	0.285393391020568	0.595229318455221	0.595229318455221
DevAdj	~~	DevAdj	4	4		0.19890611553096	0.0164446675216649	12.0954780793781	0	0.166675159450761	0.231137071611159	1	1
EmoDiss	~~	EmoDiss	4	4		1.67797387571376	0.0586268447205016	28.6212550532671	0	1.56306737153436	1.79288037989317	1	1
QualEngag	~~	QualEngag	4	4		0.9564075278762	0.0509855732725225	18.7583951005928	0	0.856477640530928	1.05633741522147	1	1
DevAdj	~~	EmoDiss	4	4		-0.510586695399252	0.0267811888943011	-19.0651243084993	0	-0.563076861095246	-0.458096529703257	-0.883797621503565	-0.883797621503565
DevAdj	~~	QualEngag	4	4		0.280144401020608	0.0203325503938633	13.7781240225112	0	0.24029333453479	0.319995467506426	0.642297728512183	0.642297728512183
EmoDiss	~~	QualEngag	4	4		-0.463670697703471	0.0411353739913545	-11.2718240461585	0	-0.544294549217112	-0.383046846189831	-0.366012199063384	-0.366012199063384
sbvalued	~1		4	4		2.6955195521344	0.0261029924117734	103.264771701754	0	2.6443586271186	2.7466804771502	2.6955195521344	3.2817056227611
sbmyself	~1		4	4		2.68092974846942	0.0266370821984977	100.646524588967	0	2.62872202670714	2.73313747023171	2.68092974846942	3.16124384363747
sbcommunity	~1		4	4		2.68811381418939	0.0259523815644966	103.578694984463	0	2.63724808100993	2.73897954736884	2.68811381418939	3.28665930845243
pganalyze	~1		4	4		3.01268882539354	0.0212685956055187	141.649635983103	0	2.97100314400498	3.05437450678211	3.01268882539354	4.27661180558437
pgthink	~1		4	4		3.02297048207195	0.0200076924810809	151.090411097154	0	2.98375612539528	3.06218483874862	3.02297048207195	4.42962107206803
pgwork	~1		4	4		2.99867984307946	0.0216812847500804	138.307294869523	0	2.95618530583075	3.04117438032818	2.99867984307946	4.16849416676726
pgvalues	~1		4	4		2.9936541910552	0.0233973970470722	127.94817239851	0	2.94779613551095	3.03951224659944	2.9936541910552	3.99267629029094
pgprobsolve	~1		4	4		3.03273116403677	0.0205753399533735	147.396406130316	0	2.99240423875849	3.07305808931505	3.03273116403677	4.41184466916065
SEacademic	~1		4	4		2.80980588805041	0.0242278576701747	115.974178414849	0	2.7623201595943	2.85729161650651	2.80980588805041	3.58606246616411
SEwellness	~1		4	4		2.80383448958516	0.0246066862038841	113.946041590215	0	2.75560627084667	2.85206270832365	2.80383448958516	3.62987554965797
SEnonacad	~1		4	4		2.79992896687423	0.0250369702962391	111.831780512789	0	2.7508574068116	2.84900052693686	2.79992896687423	3.44033330140809
SEactivities	~1		4	4		2.79074558112472	0.0261564788824623	106.694237923434	0	2.73947982455271	2.84201133769673	2.79074558112472	3.33975966820503
SEdiverse	~1		4	4		2.81819871374253	0.0247662452187379	113.79192480943	0	2.76965776508152	2.86673966240354	2.81819871374253	3.60203196071224
sameinst	~1		4	4		3.00154614501996	0.0222971588965066	134.615632375039	0	2.95784451662524	3.04524777341468	3.00154614501996	4.19398719418995
evalexp	~1		4	4		3.01336657130144	0.0235075248974916	128.18731807971	0	2.96729266913668	3.0594404734662	3.01336657130144	4.07030539230736
MHWdacad	~1		4	4		3.78959934507963	0.0431199317994601	87.8850959854041	0	3.70508583173686	3.87411285842239	3.78959934507963	2.75417468733246
MHWdlonely	~1		4	4		3.79168105762528	0.0425372357723154	89.1379279537723	0	3.70830960750965	3.87505250774091	3.79168105762528	2.80028227898996
MHWdmental	~1		4	4		3.79218427567101	0.0418201415600431	90.6784179634207	0	3.71021830438496	3.87415024695706	3.79218427567101	2.79551763341028
MHWdexhaust	~1		4	4		3.79697200703604	0.043005057249778	88.2912906029358	0	3.71268364367339	3.88126037039868	3.79697200703604	2.7806126772189
MHWdsleep	~1		4	4		3.81418097264801	0.0430007337610524	88.7003694830591	0	3.72990108316755	3.89846086212847	3.81418097264801	2.79137585872178
MHWdfinancial	~1		4	4		3.81521255383084	0.0450858576326297	84.6210486871093	0	3.72684589665878	3.90357921100289	3.81521255383084	2.69671021122588
QIadmin	~1		4	4		5.1082385503864	0.0346072605187542	147.605978451203	0	5.04040956616605	5.17606753460676	5.1082385503864	4.70442934890963
QIstudent	~1		4	4		5.105486702908	0.0354837240952663	143.882493539879	0	5.03593988164393	5.17503352417208	5.105486702908	4.58613519885078
QIadvisor	~1		4	4		5.11915407414845	0.0346035103969462	147.937420667014	0	5.05133244003177	5.18697570826512	5.11915407414845	4.75036698405916
QIfaculty	~1		4	4		5.1190180714611	0.033911935764963	150.950335213537	0	5.05255189871574	5.18548424420646	5.1190180714611	4.80511729245038
QIstaff	~1		4	4		5.1048583878438	0.0343432780009845	148.64214148974	0	5.03754679985083	5.17216997583678	5.1048583878438	4.76702869913692
Belong	~1		4	4		0	0	NA	NA	0	0	0	0
Gains	~1		4	4		0	0	NA	NA	0	0	0	0
SupportEnv	~1		4	4		0	0	NA	NA	0	0	0	0
Satisf	~1		4	4		0	0	NA	NA	0	0	0	0
DevAdj	~1		4	4		0	0	NA	NA	0	0	0	0
EmoDiss	~1		4	4		0	0	NA	NA	0	0	0	0
QualEngag	~1		4	4		0	0	NA	NA	0	0	0	0
