lhs	op	rhs	label	est	se	z	pvalue	ci.lower	ci.upper	std.lv	std.all	std.nox
Belong	=~	sbvalued		1	0	NA	NA	1	1	0.697179309641575	0.879551444655569	0.879551444655569
Belong	=~	sbmyself		0.996652101928417	0.0139793280677821	71.2947072345619	0	0.969253122387494	1.02405108146934	0.694845224375279	0.858503645211436	0.858503645211436
Belong	=~	sbcommunity		1.01953338959712	0.0130263666556871	78.2669040834965	0	0.994002180102559	1.04506459909168	0.710797584715855	0.901486605429026	0.901486605429026
Gains	=~	pganalyze		1	0	NA	NA	1	1	0.503931549179463	0.71421304003748	0.71421304003748
Gains	=~	pgthink		1.02397273798353	0.0220729986770417	46.3902867465202	0	0.980710455545724	1.06723502042133	0.516012168169574	0.785883471455929	0.785883471455929
Gains	=~	pgwork		1.03575588957579	0.0233580182006279	44.342627044787	0	0.989975015152329	1.08153676399925	0.521950070005681	0.748955924935195	0.748955924935195
Gains	=~	pgvalues		1.04240932029776	0.0241574206616387	43.1506879355328	0	0.995061645841568	1.08975699475396	0.525302943656763	0.712671767400105	0.712671767400105
Gains	=~	pgprobsolve		1.02762538364791	0.0231535878843447	44.3829867224482	0	0.982245185281711	1.07300558201411	0.517852851557831	0.767421394491901	0.767421394491901
SupportEnv	=~	SEacademic		1	0	NA	NA	1	1	0.654623826931098	0.854927394495484	0.854927394495484
SupportEnv	=~	SEwellness		0.970599210438622	0.014423485123239	67.2929740728753	0	0.942329699065525	0.99886872181172	0.635377369553633	0.831067656325704	0.831067656325704
SupportEnv	=~	SEnonacad		0.944855850919175	0.0156903245747393	60.219012450536	0	0.914103379846943	0.975608321991408	0.61852515302695	0.774950253193017	0.774950253193017
SupportEnv	=~	SEactivities		0.928610509045049	0.0163493752258727	56.7979201783523	0	0.896566322432607	0.960654695657491	0.607890565159505	0.742394295559531	0.742394295559531
SupportEnv	=~	SEdiverse		0.948581267638125	0.0146011839467646	64.9660514583352	0	0.919963472970822	0.977199062305428	0.620963899576421	0.798154552352597	0.798154552352597
Satisf	=~	sameinst		1	0	NA	NA	1	1	0.626700532941145	0.891956444773393	0.891956444773393
Satisf	=~	evalexp		0.987068003689243	0.0276352497700045	35.717716029497	0	0.932903909436265	1.04123209794222	0.6185960439612	0.874147006141667	0.874147006141667
DevAdj	=~	Belong		1	0	NA	NA	1	1	0.503529512088184	0.503529512088184	0.503529512088184
DevAdj	=~	Gains		0.398891038140795	0.0368074834020924	10.837226598277	0	0.326749696311138	0.471032379970451	0.277876711270539	0.277876711270539	0.277876711270539
DevAdj	=~	SupportEnv		1.07445181065291	0.0663715424656822	16.1884411712815	0	0.944365977821798	1.20453764348401	0.576188456422918	0.576188456422918	0.576188456422918
DevAdj	=~	Satisf		1.18394138731536	0.073145423362827	16.1861307636788	0	1.04057899189029	1.32730378274044	0.663192426963102	0.663192426963102	0.663192426963102
EmoDiss	=~	MHWdacad		1	0	NA	NA	1	1	1.15566715968186	0.928979465131741	0.928979465131741
EmoDiss	=~	MHWdlonely		1.00052152782018	0.00870464461826919	114.941111521118	0	0.98346073787015	1.01758231777021	1.1562698722565	0.941644890533489	0.941644890533489
EmoDiss	=~	MHWdmental		1.01064923606386	0.00828648941650357	121.963498082918	0	0.994408015249236	1.02689045687847	1.16797413207656	0.956596202663537	0.956596202663537
EmoDiss	=~	MHWdexhaust		1.01116053421533	0.00853145506604421	118.521462797105	0	0.994439189550163	1.0278818788805	1.16856502255902	0.948436333067055	0.948436333067055
EmoDiss	=~	MHWdsleep		1.00172703848795	0.00907495579697375	110.383682400083	0	0.983940451964585	1.01951362501131	1.15766304134588	0.936772718698442	0.936772718698442
EmoDiss	=~	MHWdfinancial		0.990862742561313	0.0104098939657613	95.1847104130275	0	0.97045972530554	1.01126575981709	1.14510753133041	0.889011477789179	0.889011477789179
QualEngag	=~	QIadmin		1	0	NA	NA	1	1	1.015559085537	0.897689438281253	0.897689438281253
QualEngag	=~	QIstudent		1.03016728180915	0.0106895336224636	96.3715834752883	0	1.00921618089759	1.05111838272071	1.04619574266423	0.9108363187083	0.9108363187083
QualEngag	=~	QIadvisor		1.01937789184852	0.0102454226106375	99.4959339978941	0	0.999297232525275	1.03945855117176	1.03523847966231	0.929268024195959	0.929268024195959
QualEngag	=~	QIfaculty		1.00962352244448	0.0100386950882209	100.573183423924	0	0.989948041619792	1.02929900326918	1.02533234119036	0.933645844042784	0.933645844042784
QualEngag	=~	QIstaff		1.00667518434789	0.0102248004362849	98.4542623223716	0	0.986634943743662	1.02671542495212	1.02233812964913	0.923421640995737	0.923421640995737
DevAdj	~	x_FASt	c_total	-0.0255576841492306	0.0145543114329714	-1.75602152440768	0.0790847333553544	-0.0540836103776341	0.00296824207917284	-0.0728034699134674	-0.0364017349567337	-0.0728034699134674
sbvalued	~~	sbvalued		0.142240182227295	0.00548206747924092	25.9464486283541	0	0.131495527407165	0.152984837047426	0.142240182227295	0.226389256204301	0.226389256204301
sbmyself	~~	sbmyself		0.172266383323953	0.00581911514109274	29.6035357863024	0	0.16086112722552	0.183671639422386	0.172266383323953	0.262971491158677	0.262971491158677
sbcommunity	~~	sbcommunity		0.116456004311304	0.00514600478064113	22.6303723520434	0	0.106370020276976	0.126541988345632	0.116456004311304	0.187321900232052	0.187321900232052
pganalyze	~~	pganalyze		0.243890424745463	0.0064643133750345	37.7287440437803	0	0.231220603345614	0.256560246145311	0.243890424745463	0.489899733440421	0.489899733440421
pgthink	~~	pgthink		0.164856808323515	0.00502212401855045	32.8261125600594	0	0.155013626121263	0.174699990525768	0.164856808323515	0.382387169292379	0.382387169292379
pgwork	~~	pgwork		0.213242732902945	0.00591951556288741	36.0236797483694	0	0.201640695593761	0.224844770212129	0.213242732902945	0.439065022504467	0.439065022504467
pgvalues	~~	pgvalues		0.267357886903584	0.00711370766661381	37.5834795908684	0	0.253415276080475	0.281300497726694	0.267357886903584	0.492098951950811	0.492098951950811
pgprobsolve	~~	pgprobsolve		0.187178002862151	0.00528460438785074	35.4194920044482	0	0.176820368589421	0.197535637134881	0.187178002862151	0.411064403276106	0.411064403276106
SEacademic	~~	SEacademic		0.157774741270521	0.00528296675836198	29.864799171941	0	0.147420316692609	0.168129165848433	0.157774741270521	0.269099150141164	0.269099150141164
SEwellness	~~	SEwellness		0.18080395325239	0.00547728001390442	33.0098064720824	0	0.170068681691896	0.191539224812883	0.18080395325239	0.309326550609302	0.309326550609302
SEnonacad	~~	SEnonacad		0.254467191139673	0.0067144858502074	37.8982392422218	0	0.241307040698563	0.267627341580784	0.254467191139673	0.399452105076079	0.399452105076079
SEactivities	~~	SEactivities		0.300942462210482	0.0076025797624964	39.5842558199829	0	0.286041679686396	0.315843244734568	0.300942462210482	0.448850709920667	0.448850709920667
SEdiverse	~~	SEdiverse		0.219687168394987	0.00615446254088614	35.695589490639	0	0.207624643470649	0.231749693319324	0.219687168394987	0.362949310558825	0.362949310558825
sameinst	~~	sameinst		0.100912004500668	0.0105604676441465	9.5556378657721	0	0.08021386825824	0.121610140743096	0.100912004500668	0.20441370062721	0.20441370062721
evalexp	~~	evalexp		0.118117033810569	0.0103894735706442	11.3689142195147	0	0.0977540397937759	0.138480027827363	0.118117033810569	0.23586701165356	0.23586701165356
MHWdacad	~~	MHWdacad		0.212014155971896	0.00582290374448787	36.4103830795065	0	0.200601474347256	0.223426837596536	0.212014155971896	0.136997153363545	0.136997153363545
MHWdlonely	~~	MHWdlonely		0.170841274847209	0.00510622392089607	33.4574584847484	0	0.160833259865256	0.180849289829162	0.170841274847209	0.113304900132173	0.113304900132173
MHWdmental	~~	MHWdmental		0.126601274198972	0.00394457285586851	32.0950528295154	0	0.118870053467076	0.134332494930869	0.126601274198972	0.0849237050497016	0.0849237050497016
MHWdexhaust	~~	MHWdexhaust		0.152517407378289	0.00459433444957986	33.1968447338954	0	0.143512677324181	0.161522137432398	0.152517407378289	0.100468522118318	0.100468522118318
MHWdsleep	~~	MHWdsleep		0.18701611691047	0.00546465706587954	34.2228459454792	0	0.176305585873484	0.197726647947456	0.18701611691047	0.12245687350233	0.12245687350233
MHWdfinancial	~~	MHWdfinancial		0.347848769608	0.00891890495550086	39.0012867435547	0	0.330368037113682	0.365329502102317	0.347848769608	0.2096585923591	0.2096585923591
QIadmin	~~	QIadmin		0.24848705572198	0.00691731455335767	35.9224745101933	0	0.234929368327664	0.262044743116296	0.24848705572198	0.194153672398288	0.194153672398288
QIstudent	~~	QIstudent		0.224779497566739	0.0064505516438411	34.8465542139105	0	0.212136648664394	0.237422346469083	0.224779497566739	0.170377200521913	0.170377200521913
QIadvisor	~~	QIadvisor		0.169358571420075	0.00521349881682496	32.4846283408605	0	0.159140301505656	0.179576841334494	0.169358571420075	0.136460939206939	0.136460939206939
QIfaculty	~~	QIfaculty		0.154742653166431	0.0048606802408671	31.8355961508027	0	0.145215894953967	0.164269411378896	0.154742653166431	0.128305437901637	0.128305437901637
QIstaff	~~	QIstaff		0.180538393927905	0.00535007446586869	33.7450245000639	0	0.170052440660195	0.191024347195615	0.180538393927905	0.147292472940739	0.147292472940739
Belong	~~	Belong		0.36282263620591	0.012336279405859	29.4110261505255	0	0.338643972867203	0.387001299544617	0.746458030456235	0.746458030456235	0.746458030456235
Gains	~~	Gains		0.234338369661601	0.00933486510872207	25.1035624973998	0	0.216042370247967	0.252634369075236	0.922784533333469	0.922784533333469	0.922784533333469
SupportEnv	~~	SupportEnv		0.286262553879545	0.0122451376045779	23.3776510418736	0	0.262262525188835	0.310262582570254	0.668006862684975	0.668006862684975	0.668006862684975
Satisf	~~	Satisf		0.220011040441772	0.0138204655938025	15.9192205898209	0	0.192923425628344	0.2470986552552	0.560175804818791	0.560175804818791	0.560175804818791
DevAdj	~~	DevAdj		0.123073054781625	0.0105756197549168	11.6374319078942	0	0.102345220947798	0.143800888615453	0.99867491369214	0.99867491369214	0.99867491369214
EmoDiss	~~	EmoDiss		1.33556658396713	0.0302842131839662	44.1010824964818	0	1.27621061682643	1.39492255110784	1	1	1
QualEngag	~~	QualEngag		1.03136025621674	0.0271322683481229	38.0123122395734	0	0.978181987435545	1.08453852499794	1	1	1
EmoDiss	~~	QualEngag		-0.394088751943863	0.0194625950274887	-20.2485203739407	0	-0.432234737243429	-0.355942766644297	-0.335780963819789	-0.335780963819789	-0.335780963819789
x_FASt	~~	x_FASt		0.25	0	NA	NA	0.25	0.25	0.25	1	0.25
sbvalued	~1			2.9019561970801	0.0137165693538019	211.565743753248	0	2.87507221515521	2.928840179005	2.9019561970801	3.66106642892372	3.66106642892372
sbmyself	~1			2.88284598863899	0.0139833355525385	206.162970044415	0	2.85543915457228	2.91025282270571	2.88284598863899	3.56184903199832	3.56184903199832
sbcommunity	~1			2.89793765213496	0.0137945112194016	210.079038397467	0	2.8709009069606	2.92497439730932	2.89793765213496	3.67538105494892	3.67538105494892
pganalyze	~1			2.97765008132321	0.0112379301206991	264.964281619681	0	2.95562414302586	2.99967601962055	2.97765008132321	4.22016942620978	4.22016942620978
pgthink	~1			2.98524096781291	0.010516957397392	283.850248224185	0	2.96462811008708	3.00585382553874	2.98524096781291	4.54650428736846	4.54650428736846
pgwork	~1			2.98043723941495	0.0111683410870404	266.86481154067	0	2.95854769311729	3.00232678571261	2.98043723941495	4.27668518050592	4.27668518050592
pgvalues	~1			2.98103351407398	0.0118227285142617	252.144292282274	0	2.95786139198703	3.00420563616093	2.98103351407398	4.04432994105248	4.04432994105248
pgprobsolve	~1			2.99371047479214	0.0107802331886189	277.703684364891	0	2.97258160599751	3.01483934358678	2.99371047479214	4.4364677347218	4.4364677347218
SEacademic	~1			2.88120211111902	0.0133649659156003	215.578709988024	0	2.85500725926984	2.9073969629682	2.88120211111902	3.76280011899587	3.76280011899587
SEwellness	~1			2.8744676974785	0.01304484371004	220.352789299127	0	2.84890027362286	2.90003512133413	2.8744676974785	3.75977686175011	3.75977686175011
SEnonacad	~1			2.87164641261096	0.0137122035684949	209.422679459693	0	2.84477098746803	2.89852183775389	2.87164641261096	3.59788620340347	3.59788620340347
SEactivities	~1			2.87580672116088	0.0139870443705751	205.605033126998	0	2.84839261794439	2.90322082437737	2.87580672116088	3.51211653426698	3.51211653426698
SEdiverse	~1			2.87372643480778	0.0132180355507678	217.409495062287	0	2.84781956118191	2.89963330843366	2.87372643480778	3.69373781265291	3.69373781265291
sameinst	~1			3.06595260370991	0.0128155377000568	239.237141309828	0	3.04083461137528	3.09107059604454	3.06595260370991	4.36364107018502	4.36364107018502
evalexp	~1			3.06586721176033	0.0127580386300261	240.308663476281	0	3.04086191553211	3.09087250798856	3.06586721176033	4.33242124735653	4.33242124735653
MHWdacad	~1			3.50696253631702	0.020028708102308	175.096791984946	0	3.46770698977963	3.54621808285441	3.50696253631702	2.81906096745165	2.81906096745165
MHWdlonely	~1			3.49208773729634	0.019758558200175	176.737983709024	0	3.45336167483756	3.53081379975512	3.49208773729634	2.84389194427639	2.84389194427639
MHWdmental	~1			3.49272809154593	0.0196077580301274	178.129905835197	0	3.4542975919893	3.53115859110256	3.49272809154593	2.86062022912174	2.86062022912174
MHWdexhaust	~1			3.4982096866016	0.0198717023099318	176.03975905241	0	3.45926186576264	3.53715750744057	3.4982096866016	2.83923367840877	2.83923367840877
MHWdsleep	~1			3.49959381467396	0.0198830646561194	176.008773053851	0	3.46062372404568	3.53856390530223	3.49959381467396	2.83184648298095	2.83184648298095
MHWdfinancial	~1			3.50784766784322	0.0207223022346399	169.278858503444	0	3.46723270178657	3.54846263389987	3.50784766784322	2.72333973336589	2.72333973336589
QIadmin	~1			5.07964740126635	0.0181018701390913	280.61450901124	0	5.04416838774091	5.11512641479179	5.07964740126635	4.49008421789507	4.49008421789507
QIstudent	~1			5.07952345147218	0.0185586046598837	273.70179733674	0	5.04314925473549	5.11589764820887	5.07952345147218	4.42232199258363	4.42232199258363
QIadvisor	~1			5.08272958002631	0.0179537219026721	283.101721614048	0	5.04754093170862	5.11791822834399	5.08272958002631	4.56244446776561	4.56244446776561
QIfaculty	~1			5.09910172463535	0.0176379835804162	289.097770240413	0	5.06453191205783	5.13367153721288	5.09910172463535	4.64313368681045	4.64313368681045
QIstaff	~1			5.08791111513246	0.0177739939049935	286.255927752009	0	5.05307472721724	5.12274750304768	5.08791111513246	4.59562946438135	4.59562946438135
x_FASt	~1			0.499999999999998	0	NA	NA	0.499999999999998	0.499999999999998	0.499999999999998	0.999999999999995	0.499999999999998
Belong	~1			0	0	NA	NA	0	0	0	0	0
Gains	~1			0	0	NA	NA	0	0	0	0	0
SupportEnv	~1			0	0	NA	NA	0	0	0	0	0
Satisf	~1			0	0	NA	NA	0	0	0	0	0
DevAdj	~1			0	0	NA	NA	0	0	0	0	0
EmoDiss	~1			0	0	NA	NA	0	0	0	0	0
QualEngag	~1			0	0	NA	NA	0	0	0	0	0
